[1] "Adult deer ticks found on people in Iowa counties"
[1] "Iowa"
[1] "Multiple Breakups"
   start_year N_data N_years         slope   slope_se    p_value     intercept
1        2000      3       3  6.821590e-01 0.91897093 0.59348027 -1364.8269237
2        2001      3       3 -4.547727e-01 0.26256312 0.33333333   911.0829057
3        2002      3       3  9.095453e-01 0.52512625 0.33333333 -1820.8881168
4        2003      3       3 -6.821590e-01 1.44409718 0.71905560  1367.5230760
5        2004      3       3 -9.095453e-01 1.31281562 0.61427773  1824.1148371
6        2005      3       3  1.136932e+00 0.13128156 0.07318640 -2280.5116957
7        2006      3       3 -4.547727e-01 0.78768937 0.66666667   913.0535873
8        2007      3       3 -6.821590e-01 0.65640781 0.48775429  1369.9485302
9        2008      3       3 -2.273863e-01 0.39384469 0.66666667   456.2344398
10       2009      3       3 -2.273863e-01 0.39384469 0.66666667   456.4618261
11       2010      3       3 -7.685603e-14 0.26256312 1.00000000    -0.8878895
12       2011      3       3  2.273863e-01 0.39384469 0.66666667  -458.0860142
13       2000      4       4  3.183409e-01 0.46154385 0.56164300  -636.9481055
14       2001      4       4  2.728636e-01 0.43620262 0.59548008  -545.4023670
15       2002      4       4 -2.273863e-01 0.69715330 0.77526671   456.0070534
16       2003      4       4 -3.183409e-01 0.67912042 0.68537340   638.5528034
17       2004      4       4 -1.364318e-01 0.73751733 0.87029869   274.2798943
18       2005      4       4  2.273863e-01 0.52839809 0.70888875  -456.2669235
19       2006      4       4 -3.183409e-01 0.36096462 0.47084974   639.2804397
20       2007      4       4 -6.366817e-01 0.29472638 0.16333997  1278.6453371
21       2008      4       4 -9.095453e-02 0.19294370 0.68377223   182.1884285
22       2009      4       4 -2.273863e-01 0.17613270 0.32580014   456.4618261
23       2010      4       4  2.273863e-01 0.17613270 0.32580014  -458.0860142
24       2000      5       5  5.457272e-01 0.29705626 0.16350637 -1091.9481623
25       2001      5       5 -2.728636e-01 0.40335712 0.54722203   547.1434966
26       2002      5       5 -1.364318e-01 0.40591274 0.75892277   273.8251217
27       2003      5       5 -2.246933e-15 0.43303020 1.00000000     0.5977012
28       2004      5       5 -3.183409e-01 0.43856688 0.52042313   639.0075760
29       2005      5       5  9.095453e-02 0.31507575 0.79162745  -182.5847304
30       2006      5       5 -4.092954e-01 0.21491718 0.15296197   821.8261896
31       2007      5       5 -4.092954e-01 0.21491718 0.15296197   822.0535759
32       2008      5       5 -1.364318e-01 0.11444861 0.31893179   273.5522580
33       2009      5       5  3.791700e-15 0.16605950 1.00000000    -0.5847077
34       2000      6       6  7.796103e-02 0.33279610 0.82628471  -155.7921234
35       2001      6       6 -1.949026e-01 0.26786797 0.50715751   391.0395291
36       2002      6       6  3.898051e-02 0.28437674 0.89759532   -77.5842176
37       2003      6       6 -1.689156e-01 0.29979069 0.60321916   339.1607953
38       2004      6       6 -2.598701e-01 0.28908723 0.41951038   521.7541881
39       2005      6       6 -9.095453e-02 0.23146438 0.71439722   182.3854967
40       2006      6       6 -3.118441e-01 0.15152900 0.10870095   626.2089738
41       2007      6       6 -3.508246e-01 0.14468955 0.07239650   704.6247756
42       2008      6       6  1.326970e-17 0.10871146 1.00000000    -0.5847077
43       2000      7       7  4.872564e-02 0.23592695 0.84452485   -97.2726258
44       2001      7       7 -4.872564e-02 0.20736246 0.82354573    98.2958643
45       2002      7       7 -9.745129e-02 0.21596206 0.67071192   195.7796346
46       2003      7       7 -1.624188e-01 0.21201721 0.47822410   326.1369723
47       2004      7       7 -3.085957e-01 0.20634222 0.19501418   619.4815866
48       2005      7       7 -9.745129e-02 0.16371301 0.57758806   195.4223133
49       2006      7       7 -2.923539e-01 0.10773645 0.04209487   587.0790338
50       2007      7       7 -1.949026e-01 0.13627703 0.21205839   391.4293342
51       2000      8       8  1.082792e-01 0.17917946 0.56777215  -216.4988610
52       2001      8       8 -1.353490e-01 0.16244889 0.43664724   271.8024661
53       2002      8       8 -1.082792e-01 0.16108996 0.52649996   217.4787878
54       2003      8       8 -2.219724e-01 0.16172555 0.21899451   445.5418681
55       2004      8       8 -2.652841e-01 0.15581801 0.13955231   532.5983507
56       2005      8       8 -1.299350e-01 0.12345729 0.33311230   260.6172239
57       2006      8       8 -1.840747e-01 0.10176709 0.12047781   369.6543857
58       2000      9       9  7.579545e-03 0.15047694 0.96123459   -14.8645696
59       2001      9       9 -1.364318e-01 0.12583392 0.31419126   273.9716595
60       2002      9       9 -1.667500e-01 0.12926560 0.23803586   334.6737050
61       2003      9       9 -2.046477e-01 0.12567076 0.14745502   410.8001235
62       2004      9       9 -2.577045e-01 0.12077541 0.07027997   517.3912579
63       2005      9       9 -7.579545e-02 0.10060842 0.47579724   151.9409929
64       2000     10      10 -1.929339e-02 0.12103758 0.87730463    38.9529526
65       2001     10      10 -1.791529e-01 0.10336661 0.12129486   359.5704415
66       2002     10      10 -1.626157e-01 0.10314590 0.15354719   326.3858176
67       2003     10      10 -2.094710e-01 0.10028926 0.07016315   420.4741488
68       2004     10      10 -1.901777e-01 0.10393462 0.10467210   381.8873768
69       2000     11      11 -7.441735e-02 0.10382492 0.49170377   149.3662446
70       2001     11      11 -1.736405e-01 0.08445847 0.06993970   348.5235999
71       2002     11      11 -1.736405e-01 0.08445847 0.06993970   348.4905255
72       2003     11      11 -1.612376e-01 0.08649150 0.09517418   323.7178179
73       2000     12      12 -8.586617e-02 0.08664007 0.34502688   172.3020523
74       2001     12      12 -1.812730e-01 0.07041172 0.02767753   363.8217709
75       2002     12      12 -1.383399e-01 0.07316945 0.08796353   277.7011841
76       2000     13      13 -1.049475e-01 0.07404832 0.18409630   210.5347589
77       2001     13      13 -1.499251e-01 0.06220015 0.03459210   300.9795478
78       2000     14      14 -8.795603e-02 0.06416554 0.19554167   176.4837802
   intercept_se intercept_p_value     r_square adj_r_square
1     1838.8610        0.59351897 3.552632e-01 -0.289473684
2      525.6514        0.33314330 7.500000e-01  0.500000000
3     1051.8280        0.33347431 7.500000e-01  0.500000000
4     2893.9710        0.71896994 1.824324e-01 -0.635135135
5     2632.1955        0.61419991 3.243243e-01 -0.351351351
6      263.3508        0.07319191 9.868421e-01  0.973684211
7     1580.8927        0.66656859 2.500000e-01 -0.500000000
8     1318.0670        0.48771409 5.192308e-01  0.038461538
9      791.2340        0.66701964 2.500000e-01 -0.500000000
10     791.6279        0.66701946 2.500000e-01 -0.500000000
11     528.0145        0.99892948 8.623817e-26 -1.000000000
12     792.4156        0.66631449 2.500000e-01 -0.500000000
13     923.7802        0.56176041 1.921569e-01 -0.211764706
14     873.4959        0.59610393 1.636364e-01 -0.254545455
15    1396.7469        0.77506136 5.050505e-02 -0.424242424
16    1361.2971        0.68517864 9.898990e-02 -0.351515152
17    1479.0912        0.86998837 1.682243e-02 -0.474766355
18    1060.2309        0.70887930 8.474576e-02 -0.372881356
19     724.6366        0.47072394 2.800000e-01 -0.080000000
20     591.9580        0.16336552 7.000000e-01  0.550000000
21     387.7204        0.68468319 1.000000e-01 -0.350000000
22     354.1148        0.32636258 4.545455e-01  0.181818182
23     354.2910        0.32523926 4.545455e-01  0.181818182
24     594.7068        0.16367015 5.294118e-01  0.372549020
25     807.9245        0.54681284 1.323529e-01 -0.156862745
26     813.4493        0.75857389 3.629032e-02 -0.284946237
27     868.2258        0.99949394 9.143474e-30 -0.333333333
28     879.7654        0.52017190 1.493902e-01 -0.134146341
29     632.3572        0.79158460 2.702703e-02 -0.297297297
30     431.5538        0.15297565 5.472973e-01  0.396396396
31     431.7687        0.15303914 5.472973e-01  0.396396396
32     230.0418        0.31992764 3.214286e-01  0.095238095
33     333.9457        0.99871290 1.764697e-28 -0.333333333
34     666.4244        0.82663813 1.353383e-02 -0.233082707
35     536.6737        0.50659228 1.168831e-01 -0.103896104
36     570.0334        0.89831352 4.675325e-03 -0.244155844
37     601.2305        0.60280647 7.353154e-02 -0.158085569
38     580.0537        0.41924546 1.680672e-01 -0.039915966
39     464.6649        0.71469941 3.716814e-02 -0.203539823
40     304.3461        0.10875370 5.142857e-01  0.392857143
41     290.7537        0.07249279 5.951020e-01  0.493877551
42     218.5645        0.99799359 1.191960e-31 -0.250000000
43     472.5619        0.84503372 8.458647e-03 -0.189849624
44     415.5546        0.82239759 1.092233e-02 -0.186893204
45     433.0041        0.67010588 3.913043e-02 -0.153043478
46     425.3067        0.47780878 1.050420e-01 -0.073949580
47     414.1290        0.19493581 3.090753e-01  0.170890411
48     328.7359        0.57807710 6.617647e-02 -0.120588235
49     216.4426        0.04215528 5.955882e-01  0.514705882
50     273.9170        0.21238062 2.903226e-01  0.148387097
51     358.9863        0.56853310 5.737235e-02 -0.099732262
52     325.6290        0.43585422 1.037000e-01 -0.045683314
53     323.0661        0.52590348 7.002801e-02 -0.084967320
54     324.5025        0.21885484 2.389481e-01  0.112106136
55     312.8048        0.13952752 3.257360e-01  0.213358658
56     247.9641        0.33372269 1.558442e-01  0.015151515
57     204.5011        0.12067698 3.528694e-01  0.245014245
58     301.5560        0.96206287 3.623188e-04 -0.142443064
59     252.2972        0.31349370 1.437870e-01  0.021470837
60     259.3070        0.23781710 1.920635e-01  0.076643991
61     252.2214        0.14739435 2.747487e-01  0.171141421
62     242.5172        0.07031414 3.940909e-01  0.307532468
63     202.1225        0.47672427 7.500000e-02 -0.057142857
64     242.6201        0.87642695 3.165988e-03 -0.121438263
65     207.3020        0.12104716 2.729857e-01  0.182108936
66     206.9625        0.15343981 2.370446e-01  0.141675179
67     201.3309        0.07018451 3.528837e-01  0.271994135
68     208.7529        0.10473730 2.950363e-01  0.206915784
69     208.1692        0.49125401 5.400000e-02 -0.051111111
70     169.4239        0.06980595 3.195652e-01  0.243961353
71     169.5084        0.06994394 3.195652e-01  0.243961353
72     173.6751        0.09521580 2.785714e-01  0.198412698
73     173.7569        0.34476693 8.943688e-02 -0.001619433
74     141.2813        0.02764498 3.986014e-01  0.338461538
75     146.8879        0.08797996 2.633337e-01  0.189667049
76     148.5412        0.18407782 1.544118e-01  0.077540107
77     124.8359        0.03455315 3.456221e-01  0.286133222
78     128.7484        0.19554251 1.353846e-01  0.063333333
[1] "Stability Time"
[1] 7
[1] "Absolute Range"
[1] -0.9095453  1.1369317
[1] "Relative Range"
[1] -0.8215893  1.2248877
[1] "Proportion Significant"
[1] 0.03846154
[1] "Proportion Significantly Wrong"
[1] 0.03846154
[1] "proportion wrong before stability time"
[1] 0
[1] "Number of phases"
[1] 2
      Breaks               AICs   AICtot Nfits Nbreaks     AICc
6 2007, 2012 33.09224, 16.76800 49.86024     2       1 63.86024
[1] "Winneshiek"
[1] "Multiple Breakups"
[1] NA
[1] "Stability Time"
[1] NA
[1] "Absolute Range"
[1] NA
[1] "Relative Range"
[1] NA
[1] "Proportion Significant"
[1] NA
[1] "Proportion Significantly Wrong"
[1] NA
[1] "proportion wrong before stability time"
[1] NA
[1] "Number of phases"
[1] 2
      Breaks               AICs   AICtot Nfits Nbreaks     AICc
4 2005, 2011 42.45785, 11.98574 54.44359     2       1 82.44359
ERROR : subscript out of bounds 
[1] "Muscatine"
[1] "Multiple Breakups"
[1] NA
[1] "Stability Time"
[1] NA
[1] "Absolute Range"
[1] NA
[1] "Relative Range"
[1] NA
[1] "Proportion Significant"
[1] NA
[1] "Proportion Significantly Wrong"
[1] NA
[1] "proportion wrong before stability time"
[1] NA
[1] "Number of phases"
[1] 3
             Breaks                         AICs   AICtot Nfits Nbreaks     AICc
43 1999, 2005, 2012 16.74098, 37.82936, 27.32357 81.89391     3       2 101.8939
ERROR : subscript out of bounds 
[1] "Linn"
[1] "Multiple Breakups"
[1] NA
[1] "Stability Time"
[1] NA
[1] "Absolute Range"
[1] NA
[1] "Relative Range"
[1] NA
[1] "Proportion Significant"
[1] NA
[1] "Proportion Significantly Wrong"
[1] NA
[1] "proportion wrong before stability time"
[1] NA
[1] "Number of phases"
[1] 2
      Breaks                 AICs    AICtot Nfits Nbreaks      AICc
3 2001, 2012 -342.80128, 27.04004 -315.7612     2       1 -303.7612
ERROR : subscript out of bounds 
[1] "OOS - Illinois"
[1] "Multiple Breakups"
[1] NA
[1] "Stability Time"
[1] NA
[1] "Absolute Range"
[1] NA
[1] "Relative Range"
[1] NA
[1] "Proportion Significant"
[1] NA
[1] "Proportion Significantly Wrong"
[1] NA
[1] "proportion wrong before stability time"
[1] NA
[1] "Number of phases"
[1] 1
  Breaks      AICs    AICtot Nfits Nbreaks      AICc
1   2008 100000000 100000000     1       0 100000003
ERROR : 0 (non-NA) cases 
[1] "Johnson"
[1] "Multiple Breakups"
[1] NA
[1] "Stability Time"
[1] NA
[1] "Absolute Range"
[1] NA
[1] "Relative Range"
[1] NA
[1] "Proportion Significant"
[1] NA
[1] "Proportion Significantly Wrong"
[1] NA
[1] "proportion wrong before stability time"
[1] NA
[1] "Number of phases"
[1] 2
      Breaks               AICs   AICtot Nfits Nbreaks     AICc
7 2006, 2012 40.77966, 19.61602 60.39568     2       1 72.39568
ERROR : subscript out of bounds 
[1] "Jackson"
[1] "Multiple Breakups"
[1] NA
[1] "Stability Time"
[1] NA
[1] "Absolute Range"
[1] NA
[1] "Relative Range"
[1] NA
[1] "Proportion Significant"
[1] NA
[1] "Proportion Significantly Wrong"
[1] NA
[1] "proportion wrong before stability time"
[1] NA
[1] "Number of phases"
[1] 2
      Breaks               AICs   AICtot Nfits Nbreaks     AICc
9 2006, 2012 13.52002, 27.98130 41.50132     2       1 55.50132
ERROR : subscript out of bounds 
[1] "Allamakee"
[1] "Multiple Breakups"
[1] NA
[1] "Stability Time"
[1] NA
[1] "Absolute Range"
[1] NA
[1] "Relative Range"
[1] NA
[1] "Proportion Significant"
[1] NA
[1] "Proportion Significantly Wrong"
[1] NA
[1] "proportion wrong before stability time"
[1] NA
[1] "Number of phases"
[1] 3 3 3
             Breaks                         AICs   AICtot Nfits Nbreaks    AICc
41 1994, 2005, 2012 17.05216, 39.13242, 17.99445 74.17903     3       2 104.179
42 1994, 2005, 2012 17.05216, 39.13242, 17.99445 74.17903     3       2 104.179
43 1994, 2005, 2012 17.05216, 39.13242, 17.99445 74.17903     3       2 104.179
ERROR : subscript out of bounds 
[1] "Delaware"
[1] "Multiple Breakups"
  start_year N_data N_years                  slope   slope_se   p_value
1       2001      3       3 -0.6776309271790789124 0.39123040 0.3333333
2       2002      3       3  0.6776309271793982125 0.39123040 0.3333333
3       2009      3       3 -0.6776309271793607980 1.17369119 0.6666667
4       2010      3       3  0.0000000000004594091 1.56492159 1.0000000
5       2001      4       4  0.0000000000000000000 0.42857143 1.0000000
6       2009      4       4  0.1355261854357877327 0.70421472 0.8651600
7       2001     10      10  0.1223160518373442168 0.07907333 0.1604815
      intercept intercept_se intercept_p_value     r_square adj_r_square
1  1355.8491345     783.2433         0.3334895 7.500000e-01    0.5000000
2 -1358.0627289     783.6346         0.3331774 7.500000e-01    0.5000000
3  1362.1736898    2359.1195         0.6666393 2.500000e-01   -0.5000000
4     0.5872801    3147.0576         0.9998812 8.626528e-26   -1.0000000
5    -0.5421047     858.2144         0.9995533 2.013239e-32   -0.5000000
6  -272.0010542    1415.8239         0.8653905 1.818182e-02   -0.4727273
7  -245.4271580     158.6609         0.1604821 2.302365e-01    0.1340161
[1] "Stability Time"
[1] 4
[1] "Absolute Range"
[1] -0.6776309  0.6776309
[1] "Relative Range"
[1] -0.7999470  0.5553149
[1] "Proportion Significant"
[1] 0
[1] "Proportion Significantly Wrong"
[1] 0
[1] "proportion wrong before stability time"
[1] 0
[1] "Number of phases"
[1] 2 2
      Breaks               AICs   AICtot Nfits Nbreaks     AICc
2 2004, 2011 11.80633, 10.68997 22.49631     2       1 64.49631
3 2004, 2011 11.80633, 10.68997 22.49631     2       1 64.49631
[1] "OOS - Wisconsin"
[1] "Multiple Breakups"
[1] NA
[1] "Stability Time"
[1] NA
[1] "Absolute Range"
[1] NA
[1] "Relative Range"
[1] NA
[1] "Proportion Significant"
[1] NA
[1] "Proportion Significantly Wrong"
[1] NA
[1] "proportion wrong before stability time"
[1] NA
[1] "Number of phases"
[1] 1
  Breaks      AICs    AICtot Nfits Nbreaks      AICc
1   2009 100000000 100000000     1       0 100000003
ERROR : 0 (non-NA) cases 
[1] "Dubuque"
[1] "Multiple Breakups"
[1] NA
[1] "Stability Time"
[1] NA
[1] "Absolute Range"
[1] NA
[1] "Relative Range"
[1] NA
[1] "Proportion Significant"
[1] NA
[1] "Proportion Significantly Wrong"
[1] NA
[1] "proportion wrong before stability time"
[1] NA
[1] "Number of phases"
[1] 2
      Breaks               AICs   AICtot Nfits Nbreaks     AICc
3 2002, 2012 17.63526, 58.08072 75.71598     2       1 86.21598
ERROR : subscript out of bounds 
[1] "Fayette"
[1] "Multiple Breakups"
[1] NA
[1] "Stability Time"
[1] NA
[1] "Absolute Range"
[1] NA
[1] "Relative Range"
[1] NA
[1] "Proportion Significant"
[1] NA
[1] "Proportion Significantly Wrong"
[1] NA
[1] "proportion wrong before stability time"
[1] NA
[1] "Number of phases"
[1] 1
  Breaks     AICs   AICtot Nfits Nbreaks     AICc
1   2011 39.93627 39.93627     1       0 44.73627
ERROR : subscript out of bounds 
[1] "Clayton"
[1] "Multiple Breakups"
[1] NA
[1] "Stability Time"
[1] NA
[1] "Absolute Range"
[1] NA
[1] "Relative Range"
[1] NA
[1] "Proportion Significant"
[1] NA
[1] "Proportion Significantly Wrong"
[1] NA
[1] "proportion wrong before stability time"
[1] NA
[1] "Number of phases"
[1] 2
      Breaks               AICs   AICtot Nfits Nbreaks     AICc
4 2006, 2011 34.99922, 15.86183 50.86104     2       1 71.86104
ERROR : subscript out of bounds 
[1] "Polk"
[1] "Multiple Breakups"
[1] NA
[1] "Stability Time"
[1] NA
[1] "Absolute Range"
[1] NA
[1] "Relative Range"
[1] NA
[1] "Proportion Significant"
[1] NA
[1] "Proportion Significantly Wrong"
[1] NA
[1] "proportion wrong before stability time"
[1] NA
[1] "Number of phases"
[1] 1
  Breaks     AICs   AICtot Nfits Nbreaks     AICc
1   2011 30.61766 30.61766     1       0 34.61766
ERROR : subscript out of bounds 
