[1] "nymph deer ticks found on people in Iowa counties"
[1] "Winneshiek"
[1] "Multiple Breakups"
   start_year N_data N_years                   slope               slope_se
1        2000      3       3  0.22742941307378686244 0.00000000000006684669
2        2001      3       3  1.59200589151633509211 0.78783859715829462900
3        2002      3       3  0.34114411961023660691 1.51002397788767828146
4        2003      3       3 -0.90971765229473677827 0.78783859715848603145
5        2004      3       3 -0.00000000000001746728 0.26261286571947517476
6        2005      3       3 -0.34114411961066098966 0.06565321642999494278
7        2006      3       3 -0.56857353268439014826 0.19695964928954307060
8        2007      3       3 -0.45485882614749645336 0.26261286571971237391
9        2000      4       4  1.04617530013888671014 0.47270315829500125782
10       2001      4       4  0.56857353268417742953 0.68795047937258224646
11       2002      4       4  0.11371470653683546370 0.68795047937258213544
12       2003      4       4 -0.63680235660627926286 0.38596051254160640420
13       2004      4       4 -0.11371470653683550533 0.13454905527673563514
14       2005      4       4 -0.50034470876207626233 0.09649012813540154554
15       2006      4       4 -0.43211588483997503962 0.11817578957375031445
16       2000      5       5  0.54583059137687772733 0.39740537802449904525
17       2001      5       5  0.34114411961050866706 0.41833001326704583045
18       2002      5       5 -0.04548588261480957656 0.40768480049145960908
19       2003      5       5 -0.50034470876207803869 0.23635157914750909436
20       2004      5       5 -0.29565823699578075434 0.13064825110670744146
21       2005      5       5 -0.43211588483993834675 0.06822882392209551894
22       2000      6       6  0.38987899384066415642 0.27530291678219359630
23       2001      6       6  0.16244958076689605675 0.29264981246795429559
24       2002      6       6 -0.11696369815223850441 0.27006397970038409362
25       2003      6       6 -0.51983865845414567453 0.15513722331448642766
26       2004      6       6 -0.30540521184179808545 0.08571428571428421628
27       2000      7       7  0.24367437115035650574 0.21218178973000476062
28       2001      7       7  0.05685735326845939297 0.21572790548458856130
29       2002      7       7 -0.22742941307363551129 0.20133264669075096043
30       2003      7       7 -0.47110378422401061327 0.11324961376351078135
31       2000      8       8  0.14349712967744016057 0.16839503773120478858
32       2001      8       8 -0.06768732531950241715 0.17613970998979744387
33       2002      8       8 -0.25450434320137660382 0.15087645005904984363
34       2000      9       9  0.02653343152526159432 0.14688193263518478648
35       2001      9       9 -0.12129568697262455013 0.13990379054033300066
36       2000     10      10 -0.03445900198084704547 0.12234838375206792682
37       2000     12      12 -0.06889867212331592106 0.07547453406517333485
                 p_value     intercept          intercept_se     intercept_p_value
1  0.0000000000001871171  -455.6169242    0.0000000001337602 0.0000000000001868991
2  0.2925500387963842486 -3186.5893164 1577.2530026861584247 0.2925982226713106926
3  0.8585496912402059699  -682.4019539 3024.5782790027324154 0.8587318952652801540
4  0.4543710516570518831  1824.3629419 1578.8286797499445129 0.4541484562305725947
5  0.9999999999999575895     0.5306686  526.5388394272076766 0.9993583872582696426
6  0.1210377183238637577   684.7899628  131.7003630680437709 0.1209592527084596275
7  0.2122956150095422490  1141.0512703  395.2980488362275082 0.2123087131753263468
8  0.3333333333335202209   912.9016641  527.3266779596139031 0.3334706905131244459
9  0.1573451987355914961 -2093.6545289  946.1155189364637863 0.1573761995816213011
10 0.4954383241614056521 -1138.0188781 1377.6210496597088877 0.4956199753667975827
11 0.8839091349468570780  -226.9366493 1378.3090000319107276 0.8843569657846979126
12 0.2407433976347033433  1277.5316611  773.6579677315316985 0.2404762684228173575
13 0.4870108239574229003   228.4907503  269.8381722887588694 0.4862889298918219305
14 0.0352361787622678668  1004.0932777  193.6074721591655816 0.0352261041375204823
15 0.0673266820197496313   867.2262570  237.2379343612652747 0.0673611825865745584
16 0.2632453036190552376 -1092.4647667  795.6057653092072997 0.2633457451121716808
17 0.4745167357081420123  -682.7051931  837.9152254255956223 0.4748734457514116603
18 0.9182094655726620314    91.9421307  817.0005436203889531 0.9175059955759388153
19 0.1245422450181555563  1004.0705348  473.8850340718278176 0.1243231926000708670
20 0.1086235801207392493   593.2875289  262.0804568487863548 0.1085482258910293457
21 0.0079598832164217686   867.2262570  136.9352836070694082 0.0079606771509472922
22 0.2296645621312106700  -780.3536361  551.2942913474028046 0.2298514747916579060
23 0.6084047746400758072  -324.8991615  586.3241122972151516 0.6090092280979774175
24 0.6872759862506295780   235.1360212  541.3434437889571882 0.6864334188791123559
25 0.0285467914568277338  1043.1429080  311.1278141678448605 0.0284951807825930166
26 0.0235214310886392650   612.8334625  171.9857765832330188 0.0235168145081562571
27 0.3027516217271542520  -487.7007164  425.0003366931405253 0.3030874759109237204
28 0.8026356916612459313  -113.4331273  432.3189378883726022 0.8034935917160086483
29 0.3098968445893458545   456.4724920  403.6721574454760457 0.3094441721025495418
30 0.0088251850375117326   945.4457301  227.1788381204556799 0.0088097252911906714
31 0.4268319924916121333  -287.1458790  337.3796787267768309 0.4273658467792483817
32 0.7140198712778389467   136.0298639  353.0722793388480341 0.7133220620226383701
33 0.1426065103730311256   510.7306520  302.5829180756243204 0.1423973634445183378
34 0.8617652859859096237   -52.9455674  294.3516373154008079 0.8623494037747096996
35 0.4146740064587269847   243.4252818  280.5073326247766659 0.4142593865792328911
36 0.7853626910610476131    69.2019461  245.2475870079340439 0.7849741696736789454
37 0.3827903084971232550   138.1935116  151.3833261753017894 0.3827911529635098509
       r_square adj_r_square
1  1.000000e+00   1.00000000
2  8.032787e-01   0.60655738
3  4.856115e-02  -0.90287770
4  5.714286e-01   0.14285714
5  4.377543e-27  -1.00000000
6  9.642857e-01   0.92857143
7  8.928571e-01   0.78571429
8  7.500000e-01   0.50000000
9  7.100671e-01   0.56510067
10 2.545825e-01  -0.11812627
11 1.347709e-02  -0.47978437
12 5.764706e-01   0.36470588
13 2.631579e-01  -0.10526316
14 9.307692e-01   0.89615385
15 8.698795e-01   0.80481928
16 3.860590e-01   0.18141197
17 1.814516e-01  -0.09139785
18 4.132231e-03  -0.32782369
19 5.990099e-01   0.46534653
20 6.305970e-01   0.50746269
21 9.304124e-01   0.90721649
22 3.339518e-01   0.16743970
23 7.152394e-02  -0.16059508
24 4.479263e-02  -0.19400922
25 7.373272e-01   0.67165899
26 7.604131e-01   0.70051635
27 2.087199e-01   0.05046382
28 1.370246e-02  -0.18355705
29 2.033195e-01   0.04398340
30 7.758303e-01   0.73099631
31 1.079596e-01  -0.04071384
32 2.402091e-02  -0.13864227
33 3.216834e-01   0.20863065
34 4.640152e-03  -0.13755411
35 9.696970e-02  -0.03203463
36 9.818245e-03  -0.11395447
37 7.692342e-02  -0.01538424
[1] "Stability Time"
[1] 8
[1] "Absolute Range"
[1] -0.9097177  1.5920059
[1] "Relative Range"
[1] -0.840819  1.660905
[1] "Proportion Significant"
[1] 0.1621622
[1] "Proportion Significantly Wrong"
[1] 0.1621622
[1] "proportion wrong before stability time"
[1] 0.2
[1] "Number of phases"
[1] 2
      Breaks               AICs   AICtot Nfits Nbreaks     AICc
5 2006, 2011 44.89595, 10.18447 55.08042     2       1 76.08042
[1] "Muscatine"
[1] "Multiple Breakups"
[1] NA
[1] "Stability Time"
[1] NA
[1] "Absolute Range"
[1] NA
[1] "Relative Range"
[1] NA
[1] "Proportion Significant"
[1] NA
[1] "Proportion Significantly Wrong"
[1] NA
[1] "proportion wrong before stability time"
[1] NA
[1] "Number of phases"
[1] 2 2
      Breaks               AICs   AICtot Nfits Nbreaks     AICc
2 1999, 2012 10.18447, 34.43620 44.62067     2       1 58.62067
3 1999, 2012 10.18447, 34.43620 44.62067     2       1 58.62067
ERROR : subscript out of bounds 
[1] "Clayton"
[1] "Multiple Breakups"
   start_year N_data N_years                  slope   slope_se    p_value
1        2002      3       3 -0.3222129681249696898 0.58909419 0.68136616
2        2003      3       3 -0.4296172908328579898 0.52708427 0.56463464
3        2004      3       3  0.7518302589575731609 0.15502479 0.12945446
4        2005      3       3 -0.0268510806772437882 0.60459667 0.97174529
5        2006      3       3  0.4564683715101975348 0.88364128 0.69644649
6        2007      3       3  0.4564683715098691863 0.88364128 0.69644649
7        2008      3       3 -1.3694051145298578032 0.17052727 0.07887005
8        2009      3       3  0.4833194521873229177 1.24019829 0.76342854
9        2010      3       3 -0.0000000000004459063 1.51924291 1.00000000
10       2011      3       3 -0.0268510806767905466 1.50374043 0.98863360
11       2002      4       4 -0.1825873486039585880 0.27550831 0.57566251
12       2003      4       4  0.0966638904373898489 0.38456147 0.82500338
13       2004      4       4  0.2309192938226535541 0.30863562 0.53236000
14       2005      4       4  0.4725790199161279959 0.39528585 0.35440551
15       2006      4       4  0.1503660517914953143 0.43289405 0.76147526
16       2007      4       4 -0.3329534003954538468 0.60323569 0.63642460
17       2008      4       4 -0.1986979970101902804 0.68019676 0.79771149
18       2009      4       4 -0.2362895099580639979 0.69298681 0.76561235
19       2010      4       4  0.5101705328640019355 0.74052535 0.56205385
20       2002      5       5  0.0859234581665801883 0.22211325 0.72467961
21       2003      5       5 -0.0322212968124594434 0.23416441 0.89927187
22       2004      5       5  0.4779492360515466554 0.22823945 0.12728220
23       2005      5       5  0.2631405906351040880 0.25827334 0.38328293
24       2006      5       5 -0.2738810229059434054 0.34994421 0.49093252
25       2007      5       5  0.1020341065727768254 0.42938228 0.82747248
26       2008      5       5 -0.4510981553744897732 0.41887686 0.36040161
27       2009      5       5  0.1825873486039671922 0.46750705 0.72220762
28       2002      6       6 -0.0030686949345246528 0.15421782 0.98507740
29       2003      6       6  0.2194116878183053898 0.21120187 0.35753491
30       2004      6       6  0.3268160105264190096 0.17303014 0.13193613
31       2005      6       6 -0.0721143309612897049 0.25700816 0.79293822
32       2006      6       6  0.0199465170743953688 0.28506398 0.94757441
33       2007      6       6 -0.1641751789968931563 0.32037136 0.63533342
34       2008      6       6 -0.0905265005683210111 0.34428697 0.80558551
35       2002      7       7  0.1783678930689809317 0.15121060 0.29122288
36       2003      7       7  0.1706961557326431289 0.15196771 0.31235475
37       2004      7       7  0.0594559643563492973 0.19696915 0.77491511
38       2005      7       7  0.0978146510378386375 0.20652333 0.65572535
39       2006      7       7 -0.1591885497282221340 0.22655505 0.51363154
40       2007      7       7  0.0345228180133733825 0.25392755 0.89716075
41       2002      8       8  0.1495988780578338673 0.11392308 0.23711256
42       2003      8       8 -0.0025572457787802613 0.15111480 0.98704710
43       2004      8       8  0.1623851069516962786 0.15838331 0.34478371
44       2005      8       8 -0.0588166529116246894 0.17853089 0.75301400
45       2006      8       8 -0.0057538030022257752 0.19068958 0.97690719
46       2002      9       9  0.0152156123836632295 0.11750192 0.90061034
47       2003      9       9  0.0921887103245476874 0.12920400 0.49862010
48       2004      9       9  0.0241659726093474865 0.14635348 0.87351641
49       2005      9       9  0.0438567651058527699 0.15045900 0.77912765
50       2002     10      10  0.0895036022568417716 0.10308080 0.41052753
51       2003     10      10 -0.0081366911142619416 0.11822990 0.94682125
52       2004     10      10  0.0930837463471163723 0.12334386 0.47207661
53       2002     11      11  0.0063466190691231095 0.09689580 0.94920822
54       2003     11      11  0.0546785642878095390 0.10312189 0.60878207
55       2002     12      12  0.0572697874580542290 0.08581564 0.51964574
       intercept intercept_se intercept_p_value     r_square adj_r_square
1    645.0479863    1179.9558        0.68150930 2.302772e-01 -0.539445629
2    860.5547598    1056.2770        0.56477892 3.991684e-01 -0.201663202
3  -1507.7642581     310.8247        0.12942570 9.592170e-01  0.918433931
4     53.6618847    1212.8210        0.97185079 1.968504e-03 -0.996062992
5   -915.6889788    1773.4682        0.69657206 2.106414e-01 -0.578717201
6   -916.1991493    1774.3518        0.69655679 2.106414e-01 -0.578717201
7   2751.2736057     342.5893        0.07886612 9.847299e-01  0.969459869
8   -971.3691698    2492.7988        0.76345138 1.318502e-01 -0.736299512
9     -0.4519932    3055.1977        0.99990582 8.623710e-26 -1.000000000
10    54.4316157    3025.5260        0.98854794 3.187420e-04 -0.999362516
11   365.4244123     551.9810        0.57603298 1.800623e-01 -0.229906542
12  -193.9373004     770.8536        0.82485061 3.062382e-02 -0.454064272
13  -463.5114100     618.9688        0.53204238 2.186872e-01 -0.171969249
14  -948.0284204     793.1412        0.35448554 4.167922e-01  0.125188375
15  -301.4436572     869.0349        0.76178549 5.689405e-02 -0.414658926
16   668.6966281    1211.5991        0.63644365 1.321871e-01 -0.301719395
17   399.7132423    1366.8556        0.79750279 4.092064e-02 -0.438619041
18   474.8049745    1393.2502        0.76573133 5.493757e-02 -0.417593644
19 -1026.2348779    1489.5670        0.56204464 1.917968e-01 -0.212304750
20  -172.4027337     445.1151        0.72436189 4.751299e-02 -0.269982678
21    64.3486148     469.4998        0.89966631 6.271777e-03 -0.324970964
22  -958.8064441     457.8485        0.12727160 5.937781e-01  0.458370815
23  -527.8949312     518.3547        0.38346172 2.570664e-01  0.009421842
24   550.0202217     702.6881        0.49088419 1.695567e-01 -0.107257714
25  -204.7582859     862.6292        0.82765990 1.847492e-02 -0.308700102
26   906.7851604     841.9427        0.36036635 2.788051e-01  0.038406828
27  -367.1375112     940.1569        0.72224001 4.838440e-02 -0.268820805
28     5.8782130     309.1297        0.98573955 9.897724e-05 -0.249876278
29  -440.0077640     423.5655        0.35755687 2.124829e-01  0.015603623
30  -655.7339492     347.1851        0.13194605 4.714234e-01  0.339279220
31   144.7381931     515.9441        0.79298167 1.930297e-02 -0.225871284
32   -39.7895936     572.5512        0.94793093 1.222526e-03 -0.248471842
33   329.8786959     643.7865        0.63536467 6.160731e-02 -0.172990861
34   182.2765154     692.1892        0.80530222 1.699057e-02 -0.228761785
35  -357.6602305     303.1774        0.29118401 2.177054e-01  0.061246476
36  -342.3493607     304.8474        0.31244009 2.014906e-01  0.041788767
37  -119.4988166     395.3173        0.77460470 1.789705e-02 -0.178523540
38  -196.2526307     414.6990        0.65598101 4.293780e-02 -0.148474643
39   319.8539089     455.1493        0.51357627 8.986903e-02 -0.092157170
40   -69.2393474     510.3946        0.89738370 3.683158e-03 -0.195580211
41  -300.0071244     228.4729        0.23713141 2.232387e-01  0.093778539
42     5.0237093     303.2120        0.98731821 4.772643e-05 -0.166610986
43  -325.9746767     317.9547        0.34480237 1.490776e-01  0.007257160
44   118.1063963     358.5795        0.75306799 1.776793e-02 -0.145937420
45    11.7569375     383.1910        0.97651854 1.517186e-04 -0.166489662
46   -30.6582656     235.7090        0.90017122 2.389746e-03 -0.140126004
47  -184.9735146     259.3127        0.49873084 6.779780e-02 -0.065373941
48   -48.6610201     293.8780        0.87316635 3.879861e-03 -0.138423016
49   -87.9933781     302.2724        0.77940665 1.199221e-02 -0.129151762
50  -179.5809226     206.8318        0.41054807 8.612374e-02 -0.028110790
51    16.2457988     237.3468        0.94710928 5.916896e-04 -0.124334349
52  -186.9560194     247.7364        0.47208320 6.645932e-02 -0.050233269
53   -12.8511713     194.4701        0.94875640 4.764590e-04 -0.110581712
54  -109.7616035     207.0690        0.60888841 3.029220e-02 -0.077453111
55  -114.9690983     172.2752        0.51964634 4.263777e-02 -0.053098452
[1] "Stability Time"
[1] 6
[1] "Absolute Range"
[1] -1.3694051  0.7518303
[1] "Relative Range"
[1] -1.4266749  0.6945605
[1] "Proportion Significant"
[1] 0
[1] "Proportion Significantly Wrong"
[1] 0
[1] "proportion wrong before stability time"
[1] 0
[1] "Number of phases"
[1] 2
      Breaks               AICs   AICtot Nfits Nbreaks     AICc
5 2008, 2012 62.04176, 13.30905 75.35081     2       1 96.35081
