[1] "Albany"
[1] "Multiple Breakups"
   start_year N_data N_years       slope   slope_se    p_value
1        2008      3       3 -1.30662211 0.60495563 0.27604178
2        2009      3       3 -0.12041772 0.07989980 0.37294608
3        2010      3       3  0.52660286 0.29365771 0.32384473
4        2011      3       3  0.83573491 0.11518023 0.08718910
5        2012      3       3 -0.80158661 0.83012779 0.51113432
6        2013      3       3 -1.14306969 0.63297244 0.32194888
7        2014      3       3  0.03594559 0.04773235 0.58908728
8        2015      3       3  0.52840014 0.23658642 0.26800023
9        2016      3       3  0.56434573 0.21583323 0.23254759
10       2008      4       4 -0.80446225 0.39654647 0.17965713
11       2009      4       4  0.24011653 0.21119922 0.37344215
12       2010      4       4  0.61035608 0.13994703 0.04875965
13       2011      4       4 -0.10675840 0.54658135 0.86318644
14       2012      4       4 -0.71891175 0.37430042 0.19473895
15       2013      4       4 -0.65492861 0.39944719 0.24276733
16       2014      4       4  0.31488335 0.16245338 0.19216511
17       2015      4       4  0.46801155 0.11140117 0.05225716
18       2008      5       5 -0.33609124 0.35431648 0.41282307
19       2009      5       5  0.39144745 0.15000684 0.07971724
20       2010      5       5  0.05715348 0.32945322 0.87331933
21       2011      5       5 -0.28325123 0.33161267 0.45579640
22       2012      5       5 -0.53487034 0.24081255 0.11292679
23       2013      5       5 -0.23867870 0.33307759 0.52537794
24       2014      5       5  0.34579655 0.09547552 0.03620063
25       2008      6       6 -0.06336694 0.28034939 0.83225910
26       2009      6       6  0.05884806 0.21567998 0.79847631
27       2010      6       6 -0.11574479 0.23765837 0.65172653
28       2011      6       6 -0.27626752 0.21712889 0.27217569
29       2012      6       6 -0.27185134 0.21888996 0.28209766
30       2013      6       6 -0.05843726 0.24160919 0.82077723
31       2008      7       7 -0.19911288 0.21316709 0.39314593
32       2009      7       7 -0.07124929 0.17000206 0.69253323
33       2010      7       7 -0.15238362 0.16937597 0.40952765
34       2011      7       7 -0.14365397 0.17156514 0.44058934
35       2012      7       7 -0.12837710 0.17555064 0.49742305
36       2008      8       8 -0.24297506 0.16089083 0.18173947
37       2009      8       8 -0.10963404 0.12863543 0.42676061
38       2010      8       8 -0.07676951 0.13358043 0.58637671
39       2011      8       8 -0.06055120 0.13658176 0.67306312
40       2008      9       9 -0.23933770 0.12464319 0.09630386
41       2009      9       9 -0.05769267 0.10405550 0.59653755
42       2010      9       9 -0.02366418 0.10791801 0.83268933
43       2008     10      10 -0.17325773 0.10649891 0.14242073
44       2009     10      10 -0.01771137 0.08615737 0.84226141
45       2008     11      11 -0.12067914 0.09210238 0.22255554
     intercept intercept_se intercept_p_value    r_square
1   2625.49584   1215.35595        0.27599632 0.823477935
2    241.66654    160.59861        0.37339865 0.694318416
3  -1059.10662    590.54569        0.32381706 0.762794844
4  -1681.04377    231.74264        0.08721241 0.981359948
5   1613.85940   1671.04738        0.51108199 0.482513818
6   2301.85795   1274.80660        0.32198224 0.765323653
7    -73.43727     96.18069        0.58485576 0.361881785
8  -1065.92490    476.95826        0.26785094 0.833005667
9  -1138.53978    435.33565        0.23250013 0.872397154
10  1616.82407    796.86026        0.17961450 0.672962428
11  -482.88711    424.61609        0.37333751 0.392574737
12 -1227.50643    281.50349        0.04877624 0.904858208
13   214.93860   1099.99514        0.86313189 0.018717951
14  1447.46248    753.65402        0.19475197 0.648445352
15  1318.90452    804.68649        0.24287738 0.573401319
16  -635.40388    327.42483        0.19183102 0.652597204
17  -944.20164    224.64049        0.05221056 0.898216500
18   675.86672    712.17630        0.41262573 0.230723938
19  -787.06227    301.66383        0.07974887 0.694178696
20  -115.01601    662.86005        0.87329414 0.009932112
21   570.04219    667.53648        0.45589807 0.195622944
22  1076.98712    484.99659        0.11297926 0.621847852
23   480.57721    671.15151        0.52566586 0.146149430
24  -697.69399    192.47870        0.03612558 0.813869062
25   127.87267    563.64265        0.83164892 0.012611142
26  -118.42663    433.84044        0.79838764 0.018271577
27   232.74006    478.28765        0.65199326 0.055978174
28   555.98863    437.18919        0.27237837 0.288118960
29   547.44220    440.95398        0.28225012 0.278297594
30   117.51086    486.96349        0.82117749 0.014414090
31   400.67677    428.67924        0.39286118 0.148571807
32   143.15578    342.04432        0.69292926 0.033938110
33   306.44516    340.95399        0.40995829 0.139328617
34   289.08177    345.53235        0.44094144 0.122975583
35   258.53290    353.73471        0.49765583 0.096620747
36   488.83974    323.63211        0.18166664 0.275420201
37   220.34751    258.87898        0.42733796 0.107991011
38   154.30956    268.96436        0.58700432 0.052175715
39   121.79588    275.14413        0.67352194 0.031718346
40   481.52746    250.78230        0.09631539 0.345004838
41   115.87610    209.46389        0.59734060 0.042067624
42    47.44395    217.34705        0.83343310 0.006822193
43   348.66266    214.32928        0.14243956 0.248589239
44    35.44706    173.47803        0.84319684 0.005254622
45   242.92711    185.40232        0.22255607 0.160198006
   adj_r_square
1    0.64695587
2    0.38863683
3    0.52558969
4    0.96271990
5   -0.03497236
6    0.53064731
7   -0.27623643
8    0.66601133
9    0.74479431
10   0.50944364
11   0.08886210
12   0.85728731
13  -0.47192307
14   0.47266803
15   0.36010198
16   0.47889581
17   0.84732475
18  -0.02570142
19   0.59223826
20  -0.32009052
21  -0.07250274
22   0.49579714
23  -0.13846743
24   0.75182542
25  -0.23423607
26  -0.22716053
27  -0.18002728
28   0.11014870
29   0.09787199
30  -0.23198239
31  -0.02171383
32  -0.15927427
33  -0.03280566
34  -0.05242930
35  -0.08405510
36   0.15465690
37  -0.04067715
38  -0.10579500
39  -0.12966193
40   0.25143410
41  -0.09477986
42  -0.13506035
43   0.15466289
44  -0.11908855
45   0.06688667
[1] "Stability Time"
[1] 6
[1] "Absolute Range"
[1] -1.3066221  0.8357349
[1] "Relative Range"
[1] -1.1859430  0.9564141
[1] "Proportion Significant"
[1] 0.04444444
[1] "Proportion Significantly Wrong"
[1] 0.04444444
[1] "proportion wrong before stability time"
[1] 0.08333333
[1] "Number of phases"
[1] 1
  Breaks      AICs    AICtot Nfits Nbreaks      AICc
1   2017 100000000 100000000     1       0 100000004
[1] "Cattaraugus"
[1] "Multiple Breakups"
   start_year N_data N_years       slope    slope_se     p_value
1        2009      3       3  0.37923836 0.004468436 0.007500726
2        2010      3       3  0.04256757 0.189908536 0.859623359
3        2011      3       3  1.38151118 0.962947986 0.387527393
4        2012      3       3 -0.04256757 1.785140235 0.984822356
5        2013      3       3 -1.39699029 1.003163912 0.396463627
6        2014      3       3 -0.04643735 0.223421807 0.869538544
7        2015      3       3 -0.21283786 0.127350430 0.343266381
8        2016      3       3  0.27862410 0.156395265 0.325622817
9        2009      4       4  0.17878380 0.115749747 0.262454964
10       2010      4       4  0.91171998 0.508941733 0.215106084
11       2011      4       4  0.19348896 0.809888486 0.833426588
12       2012      4       4 -0.23683049 0.806178945 0.796615549
13       2013      4       4 -0.93416470 0.522178204 0.215514811
14       2014      4       4 -0.06888207 0.100754070 0.564764856
15       2015      4       4  0.03792384 0.155576675 0.830138376
16       2009      5       5  0.71281333 0.315481401 0.108981709
17       2010      5       5  0.27630224 0.470027446 0.597956462
18       2011      5       5 -0.01470516 0.482791933 0.977614348
19       2012      5       5 -0.31500003 0.467630541 0.548813540
20       2013      5       5 -0.65321873 0.342345203 0.152415167
21       2014      5       5  0.05030713 0.090106322 0.615593867
22       2009      6       6  0.31577398 0.308547930 0.363963728
23       2010      6       6  0.10393121 0.323398220 0.764020148
24       2011      6       6 -0.13400493 0.323479557 0.699934083
25       2012      6       6 -0.29122853 0.306443539 0.395749573
26       2013      6       6 -0.40113026 0.267229377 0.207736971
27       2009      7       7  0.17662778 0.232496884 0.481696951
28       2010      7       7 -0.01520270 0.238797336 0.951704866
29       2011      7       7 -0.16142508 0.229281777 0.512831643
30       2012      7       7 -0.19265972 0.224036659 0.429113495
31       2009      8       8  0.06781327 0.184329354 0.725583318
32       2010      8       8 -0.06292998 0.180109386 0.738726199
33       2011      8       8 -0.11360566 0.173112281 0.536001558
34       2009      9       9  0.01302826 0.146242444 0.931508284
35       2010      9       9 -0.04437347 0.139922893 0.760395706
36       2009     10      10  0.01440027 0.116663802 0.904808315
     intercept intercept_se intercept_p_value     r_square
1   -762.65738     8.981557       0.007496909 0.9998611882
2    -85.83428   381.906097       0.859256936 0.0478386927
3  -2778.78654  1937.451508       0.387614886 0.6730181585
4     86.37863  3593.487588       0.984700168 0.0005682850
5   2814.31370  2020.372284       0.396380559 0.6597818970
6     93.27071   450.194977       0.869946020 0.0414110429
7    428.75219   256.738487       0.343481552 0.7363680623
8   -562.27247   315.449275       0.325483808 0.7604146294
9   -359.81052   232.714903       0.262113112 0.5439726795
10 -1833.41006  1023.736454       0.215190726 0.6160584590
11  -388.88185  1629.900830       0.833640683 0.0277467015
12   477.36513  1623.241556       0.796408322 0.0413652348
13  1882.33723  1051.928154       0.215440736 0.6154170125
14   138.48934   203.069859       0.565635793 0.1894296305
15   -76.69980   313.720414       0.829650136 0.0288529712
16 -1433.20988   634.433254       0.109022686 0.6298625983
17  -555.58497   945.695454       0.598166037 0.1032889000
18    30.00472   971.860401       0.977309545 0.0003091463
19   634.72041   941.808142       0.548630884 0.1313786233
20  1316.51204   689.825755       0.152355161 0.5482426030
21  -101.67690   181.654390       0.614738500 0.0941231510
22  -635.02845   620.644385       0.364065861 0.2075108274
23  -208.88939   650.839152       0.764314531 0.0251701368
24   270.07561   651.326321       0.699668094 0.0411380716
25   586.86046   617.330731       0.395617861 0.1842003359
26   808.72183   538.601002       0.207626034 0.3603289459
27  -355.25181   467.783963       0.481841345 0.1034836959
28    30.76834   480.699275       0.951444462 0.0008099549
29   325.26323   461.773727       0.512642261 0.0901947676
30   388.37574   451.434090       0.428928722 0.1288453990
31  -136.42584   370.963065       0.725675807 0.0220597949
32   126.79562   362.650483       0.738556998 0.0199408446
33   229.00275   348.734915       0.535753608 0.0669711867
34   -26.23491   294.386282       0.931484830 0.0011324932
35    89.45373   281.804937       0.760175082 0.0141636757
36   -28.99494   234.902804       0.904808411 0.0019008711
   adj_r_square
1   0.999722376
2  -0.904322615
3   0.346036317
4  -0.998863430
5   0.319563794
6  -0.917177914
7   0.472736125
8   0.520829259
9   0.315959019
10  0.424087688
11 -0.458379948
12 -0.437952148
13  0.423125519
14 -0.215855554
15 -0.456720543
16  0.506483464
17 -0.195614800
18 -0.332921138
19 -0.158161836
20  0.397656804
21 -0.207835799
22  0.009388534
23 -0.218537329
24 -0.198577410
25 -0.019749580
26  0.200411182
27 -0.075819565
28 -0.199028054
29 -0.091766279
30 -0.045385521
31 -0.140930239
32 -0.143402348
33 -0.088533616
34 -0.141562865
35 -0.126670085
36 -0.122861520
[1] "Stability Time"
[1] 7
[1] "Absolute Range"
[1] -1.396990  1.381511
[1] "Relative Range"
[1] -1.411391  1.367111
[1] "Proportion Significant"
[1] 0.02777778
[1] "Proportion Significantly Wrong"
[1] 0.02777778
[1] "proportion wrong before stability time"
[1] 0.03846154
[1] "Number of phases"
[1] 1
  Breaks      AICs    AICtot Nfits Nbreaks      AICc
1   2017 100000000 100000000     1       0 100000005
[1] "Chemung"
[1] "Multiple Breakups"
   start_year N_data N_years        slope   slope_se    p_value
1        2009      3       3  0.060706461 0.30229669 0.87383375
2        2010      3       3  0.254208304 0.19057835 0.40954069
3        2011      3       3  1.229305829 0.75355117 0.35008718
4        2012      3       3  0.851787527 0.97151146 0.54174267
5        2013      3       3 -1.327953828 0.28696280 0.13548641
6        2014      3       3 -0.671565221 0.66592894 0.49731726
7        2015      3       3  0.316811842 0.09528917 0.18599987
8        2016      3       3 -0.521696147 0.38882364 0.40774900
9        2009      4       4  0.072088922 0.13535082 0.64755541
10       2010      4       4  0.905285095 0.38544046 0.14331141
11       2011      4       4  0.741757067 0.43909278 0.23322454
12       2012      4       4 -0.119515844 0.70939668 0.88170640
13       2013      4       4 -0.834713835 0.31235358 0.11613650
14       2014      4       4 -0.309223534 0.36394519 0.48500740
15       2015      4       4 -0.153283813 0.27473499 0.63300923
16       2009      5       5  0.566846577 0.29614466 0.15151567
17       2010      5       5  0.688259498 0.25538498 0.07410002
18       2011      5       5  0.130898306 0.43433892 0.78281173
19       2012      5       5 -0.193501843 0.41179185 0.67047280
20       2013      5       5 -0.538769839 0.24842679 0.11859793
21       2014      5       5 -0.413942179 0.21864896 0.15466806
22       2009      6       6  0.508525013 0.19677456 0.06104959
23       2010      6       6  0.267216831 0.29503284 0.41630777
24       2011      6       6  0.006504264 0.29327135 0.98336797
25       2012      6       6 -0.165316701 0.27007173 0.57354272
26       2013      6       6 -0.547984212 0.16272050 0.02810507
27       2009      7       7  0.237676634 0.20931570 0.30764918
28       2010      7       7  0.139841668 0.22120202 0.55503842
29       2011      7       7 -0.022358406 0.20804261 0.91859505
30       2012      7       7 -0.265590766 0.19955200 0.24067102
31       2009      8       8  0.145171551 0.16490296 0.41254150
32       2010      8       8  0.087762391 0.16759356 0.61928404
33       2011      8       8 -0.132117855 0.16751453 0.46030861
34       2009      9       9  0.102442152 0.13009378 0.45684924
35       2010      9       9 -0.022069328 0.14447686 0.88290266
36       2009     10      10  0.009910790 0.11672226 0.93442006
     intercept intercept_se intercept_p_value     r_square
1   -122.56217     607.6164        0.87328781 0.0387643852
2   -511.73991     383.2531        0.40922594 0.6401882487
3  -2472.87603    1516.1451        0.35014310 0.7268732228
4  -1713.61843    1955.6527        0.54193229 0.4346185465
5   2675.48840     577.9431        0.13543781 0.9553866911
6   1353.46863    1341.8469        0.49725503 0.5042139880
7   -638.82509     192.1030        0.18596349 0.9170393266
8   1051.94153     784.2573        0.40784169 0.6428875035
9   -145.43712     272.1229        0.64648631 0.1242171908
10 -1820.83831     775.3136        0.14332930 0.7339153438
11 -1492.09044     883.6744        0.23337189 0.5879445994
12   241.29149    1428.3704        0.88139316 0.0139933760
13  1682.26746     629.2364        0.11605188 0.7812146920
14   623.47091     733.5316        0.48486730 0.2652173826
15   308.73105     554.0032        0.63338515 0.1346822240
16 -1139.90001     595.5471        0.15152286 0.5498015623
17 -1384.39983     513.8347        0.07414632 0.7076867094
18  -263.04261     874.3245        0.78317276 0.0293856964
19   390.22530     829.3490        0.67007876 0.0685566983
20  1086.23626     500.5801        0.11846111 0.6105603566
21   834.47898     440.7964        0.15467798 0.5443593899
22 -1022.65423     395.8122        0.06108935 0.6254197665
23  -537.54268     593.7538        0.41649114 0.1701807469
24   -12.72033     590.5021        0.98384539 0.0001229543
25   333.47922     544.0597        0.57304849 0.0856500562
26  1104.79708     327.9633        0.02807853 0.7392609028
27  -478.06842     421.1434        0.30777348 0.2050047418
28  -281.30631     445.2799        0.55530259 0.0740164581
29    45.37060     418.9980        0.91798192 0.0023046503
30   535.39776     402.0975        0.24049464 0.2615989898
31  -292.04070     331.8674        0.41271829 0.1143921753
32  -176.52281     337.4499        0.61964664 0.0437061308
33   266.31637     337.4582        0.46004402 0.0939347538
34  -206.09763     261.8790        0.45709759 0.0813738845
35    44.49522     290.9766        0.88277848 0.0033222961
36   -19.95537     235.0205        0.93442012 0.0009003844
   adj_r_square
1  -0.922471230
2   0.280376497
3   0.453746446
4  -0.130762907
5   0.910773382
6   0.008427976
7   0.834078653
8   0.285775007
9  -0.313674214
10  0.600873016
11  0.381916899
12 -0.479009936
13  0.671822038
14 -0.102173926
15 -0.297976664
16  0.399735416
17  0.610248946
18 -0.294152405
19 -0.241924402
20  0.480747142
21  0.392479187
22  0.531774708
23 -0.037274066
24 -0.249846307
25 -0.142937430
26  0.674076128
27  0.046005690
28 -0.111180250
29 -0.197234420
30  0.113918788
31 -0.033209129
32 -0.115676181
33 -0.057076121
34 -0.049858418
35 -0.139060233
36 -0.123987068
[1] "Stability Time"
[1] 7
[1] "Absolute Range"
[1] -1.327954  1.229306
[1] "Relative Range"
[1] -1.337865  1.219395
[1] "Proportion Significant"
[1] 0.02777778
[1] "Proportion Significantly Wrong"
[1] 0.02777778
[1] "proportion wrong before stability time"
[1] 0.03846154
[1] "Number of phases"
[1] 1
  Breaks      AICs    AICtot Nfits Nbreaks      AICc
1   2017 100000000 100000000     1       0 100000005
[1] "Columbia"
[1] "Multiple Breakups"
   start_year N_data N_years        slope   slope_se    p_value
1        2008      3       3 -0.713615667 0.98671032 0.60138362
2        2009      3       3 -1.254785898 0.67426555 0.31390651
3        2010      3       3 -0.332973911 0.14205715 0.25671800
4        2011      3       3  0.072202764 0.37598601 0.87921664
5        2012      3       3 -0.016823945 0.42738560 0.97495253
6        2013      3       3 -0.289512053 0.26994905 0.47774801
7        2014      3       3 -0.018225940 0.11332194 0.89847974
8        2015      3       3  0.347694863 0.32458641 0.47812596
9        2016      3       3  0.067996778 0.48607018 0.91151692
10       2008      4       4 -0.696511323 0.44138076 0.25529677
11       2009      4       4 -0.935271142 0.35349215 0.11807895
12       2010      4       4 -0.040657867 0.18033008 0.84256141
13       2011      4       4 -0.111458636 0.19878866 0.63144229
14       2012      4       4 -0.032386094 0.19134372 0.88116591
15       2013      4       4 -0.220253480 0.12717474 0.22543095
16       2014      4       4  0.240582413 0.15778348 0.26681394
17       2015      4       4  0.067435980 0.21737743 0.78573229
18       2008      5       5 -0.669593011 0.25530476 0.07881675
19       2009      5       5 -0.539628036 0.30631692 0.17633959
20       2010      5       5 -0.125478590 0.11505577 0.35521329
21       2011      5       5 -0.090288505 0.11541968 0.49112485
22       2012      5       5 -0.071922365 0.11280593 0.56907840
23       2013      5       5  0.019627936 0.15675513 0.90827374
24       2014      5       5  0.089447308 0.12614469 0.52941023
25       2008      6       6 -0.462898829 0.20536635 0.08725641
26       2009      6       6 -0.457651361 0.20604111 0.09049493
27       2010      6       6 -0.106351367 0.07612691 0.23492478
28       2011      6       6 -0.101985152 0.07586109 0.25000899
29       2012      6       6  0.057041185 0.10486903 0.61538929
30       2013      6       6 -0.025195860 0.10583314 0.82352379
31       2008      7       7 -0.420598625 0.14725524 0.03556207
32       2009      7       7 -0.360262751 0.15616652 0.06917303
33       2010      7       7 -0.111108137 0.05389986 0.09426747
34       2011      7       7  0.002253207 0.08061843 0.97878404
35       2012      7       7  0.014070025 0.07819376 0.86426650
36       2008      8       8 -0.353085869 0.11647338 0.02305421
37       2009      8       8 -0.307537709 0.12031427 0.04313349
38       2010      8       8 -0.028006527 0.06257760 0.67018342
39       2011      8       8 -0.018993700 0.06132876 0.76726094
40       2008      9       9 -0.312341212 0.09323629 0.01225082
41       2009      9       9 -0.201770507 0.11141909 0.11306322
42       2010      9       9 -0.038952106 0.04888261 0.45171421
43       2008     10      10 -0.224931046 0.08988191 0.03679742
44       2009     10      10 -0.179132530 0.08983752 0.08127292
45       2008     11      11 -0.202205975 0.07455187 0.02390786
     intercept intercept_se intercept_p_value     r_square
1  1434.867068   1982.30120        0.60112791 0.3434259572
2  2522.828129   1355.27386        0.31383198 0.7759454098
3   669.289479    285.67695        0.25682824 0.8460133787
4  -145.573857    756.48391        0.87897165 0.0355661394
5    33.360481    860.32729        0.97532648 0.0015471893
6   582.619291    543.67743        0.47799755 0.5349248795
7    36.002775    228.34373        0.90044424 0.0252150992
8  -701.384192    654.36627        0.47793064 0.5343326200
9  -137.607018    980.40363        0.91122556 0.0191938410
10 1400.510142    886.95477        0.25509060 0.5545828937
11 1880.709976    710.69607        0.11804279 0.7777847377
12   81.539352    362.73400        0.84301946 0.0247869092
13  223.891658    400.06225        0.63203728 0.1358347867
14   64.681900    385.27063        0.88211380 0.0141215420
15  443.155610    256.19355        0.22581204 0.5999572161
16 -485.409789    318.01266        0.26645355 0.5375617949
17 -136.475702    438.34166        0.78499429 0.0459106536
18 1346.431254    513.16270        0.07874426 0.6963151567
19 1085.467332    616.00348        0.17626030 0.5084760300
20  252.113826    231.49227        0.35578230 0.2839044325
21  181.297355    232.33987        0.49211542 0.1694202385
22  144.268413    227.19120        0.57054350 0.1193315377
23  -39.965562    315.86166        0.90731743 0.0051990107
24 -180.872550    254.30775        0.52825199 0.1435426879
25  931.113745    412.88920        0.08714997 0.5594996740
26  920.666890    414.45184        0.09047045 0.5522509286
27  213.642604    153.20546        0.23563208 0.3279214418
28  204.834908    152.74636        0.25100129 0.3112144669
29 -115.378201    211.25874        0.61399820 0.0688704163
30   50.324505    213.30677        0.82507819 0.0139715460
31  846.104434    296.13043        0.03552268 0.6200087364
32  724.850858    314.20720        0.06917252 0.5155908285
33  223.211640    108.50048        0.09476533 0.4594179751
34   -4.962162    162.36559        0.97680151 0.0001562053
35  -28.848609    157.56050        0.86191607 0.0064338715
36  710.403796    234.28636        0.02303257 0.6049987717
37  618.820798    242.13262        0.04315731 0.5212924939
38   56.011202    126.00009        0.67224276 0.0323048677
39   37.807861    123.54686        0.76992937 0.0157344601
40  628.493453    187.59156        0.01224525 0.6158589903
41  406.087700    224.28682        0.11311983 0.3190272756
42   78.037355     98.44965        0.45399639 0.0831660071
43  452.740746    180.88753        0.03677633 0.4390921883
44  360.547635    180.88804        0.08136767 0.3319906933
45  407.040628    150.07310        0.02390799 0.4497598208
   adj_r_square
1   -0.31314809
2    0.55189082
3    0.69202676
4   -0.92886772
5   -0.99690562
6    0.06984976
7   -0.94956980
8    0.06866524
9   -0.96161232
10   0.33187434
11   0.66667711
12  -0.46281964
13  -0.29624782
14  -0.47881769
15   0.39993582
16   0.30634269
17  -0.43113402
18   0.59508688
19   0.34463471
20   0.04520591
21  -0.10743968
22  -0.17422462
23  -0.32640132
24  -0.14194308
25   0.44937459
26   0.44031366
27   0.15990180
28   0.13901808
29  -0.16391198
30  -0.23253557
31   0.54401048
32   0.41870899
33   0.35130157
34  -0.19981255
35  -0.19227935
36   0.53916523
37   0.44150791
38  -0.12897765
39  -0.14830980
40   0.56098170
41   0.22174546
42  -0.04781028
43   0.36897871
44   0.24848953
45   0.38862202
[1] "Stability Time"
[1] 7
[1] "Absolute Range"
[1] -1.2547859  0.3476949
[1] "Relative Range"
[1] -1.0525799  0.5499008
[1] "Proportion Significant"
[1] 0.1333333
[1] "Proportion Significantly Wrong"
[1] 0.8666667
[1] "proportion wrong before stability time"
[1] 1
[1] "Number of phases"
[1] 1
  Breaks      AICs    AICtot Nfits Nbreaks      AICc
1   2017 100000000 100000000     1       0 100000004
[1] "Dutchess"
[1] "Multiple Breakups"
   start_year N_data N_years        slope   slope_se   p_value
1        2008      3       3  0.133993763 0.15949806 0.5551833
2        2009      3       3  0.132339519 0.15854298 0.5571940
3        2010      3       3 -0.133993763 0.31231058 0.7419859
4        2011      3       3  1.427612561 1.21390441 0.4486071
5        2012      3       3  0.215051718 1.91397674 0.9287691
6        2013      3       3 -1.530175689 0.90636922 0.3404393
7        2014      3       3 -0.264679038 0.17573439 0.3731365
8        2015      3       3  0.013233952 0.33618753 0.9749525
9        2016      3       3  0.362279433 0.13466603 0.2265671
10       2008      4       4  0.188252966 0.07790558 0.1369421
11       2009      4       4 -0.082381351 0.14281291 0.6223174
12       2010      4       4  0.911157588 0.61937175 0.2790922
13       2011      4       4  0.279567234 0.85676648 0.7751745
14       2012      4       4 -0.169063736 0.88421884 0.8660193
15       2013      4       4 -1.084853207 0.48000528 0.1522816
16       2014      4       4 -0.037055065 0.15312546 0.8313375
17       2015      4       4  0.106202464 0.15964166 0.5743376
18       2008      5       5  0.026467904 0.10367206 0.8149909
19       2009      5       5  0.597182080 0.40091644 0.2331091
20       2010      5       5  0.317945694 0.49515039 0.5664925
21       2011      5       5  0.001985093 0.51996816 0.9971936
22       2012      5       5 -0.325886066 0.51847089 0.5742405
23       2013      5       5 -0.659712502 0.37020251 0.1727649
24       2014      5       5  0.041686948 0.09941112 0.7031856
25       2008      6       6  0.480770567 0.27093027 0.1506439
26       2009      6       6  0.263166586 0.32569124 0.4643886
27       2010      6       6  0.108707462 0.34593074 0.7690416
28       2011      6       6 -0.158901951 0.35284520 0.6757919
29       2012      6       6 -0.239061888 0.34310054 0.5243176
30       2013      6       6 -0.425566082 0.27750769 0.1999238
31       2008      7       7  0.259361825 0.23030896 0.3112325
32       2009      7       7  0.119932689 0.24469581 0.6447903
33       2010      7       7 -0.038638413 0.25898064 0.8872313
34       2011      7       7 -0.135529847 0.24986387 0.6108245
35       2012      7       7 -0.168614726 0.24599443 0.5235453
36       2008      8       8  0.148803185 0.18314558 0.4475424
37       2009      8       8  0.002835847 0.19451227 0.9888405
38       2010      8       8 -0.047185340 0.19309584 0.8150921
39       2011      8       8 -0.103744730 0.18713947 0.5993634
40       2008      9       9  0.049351612 0.15304330 0.7565156
41       2009      9       9 -0.012296547 0.15092165 0.9373438
42       2010      9       9 -0.039426148 0.14963846 0.7997711
43       2008     10      10  0.028513151 0.12267770 0.8220449
44       2009     10      10 -0.012291534 0.12039383 0.9211944
45       2008     11      11  0.021715712 0.10024277 0.8333265
      intercept intercept_se intercept_p_value       r_square
1   -269.586077     320.4316         0.5547263 0.413751786765
2   -266.170063     318.6714         0.5569967 0.410642484387
3    269.157076     628.0566         0.7422465 0.155459198180
4  -2871.573465    2442.3759         0.4486928 0.580377468863
5   -432.197710    3852.8355         0.9288835 0.012467061875
6   3082.631838    1825.4278         0.3403616 0.740271886525
7    532.976459     354.1048         0.3733301 0.694042799306
8    -27.009393     677.7541         0.9746433 0.001547189273
9   -730.995530     271.6214         0.2264881 0.878599692240
10  -378.574729     156.5513         0.1367791 0.744868919028
11   165.347311     287.1254         0.6228658 0.142644166063
12 -1832.293907    1245.8665         0.2791866 0.519708095219
13  -562.088948    1724.2428         0.7753794 0.050546524004
14   340.898661    1780.3749         0.8658304 0.017950834069
15  2185.900801     966.9708         0.1522310 0.718626448745
16    74.390029     308.6244         0.8319837 0.028447024673
17  -214.402924     321.9175         0.5739379 0.181188510537
18   -53.548540     208.3809         0.8138151 0.021264719173
19 -1200.575184     806.2432         0.2332171 0.425148252678
20  -639.344789     996.2428         0.5666990 0.120832075103
21    -3.593680    1046.6962         0.9974761 0.000004858305
22   656.582011    1044.2006         0.5741046 0.116367866505
23  1329.667422     745.9582         0.1726843 0.514220073852
24   -84.275129     200.4129         0.7024192 0.055369548841
25  -966.394024     544.7055         0.1507070 0.440474391166
26  -529.092704     655.1282         0.4645982 0.140321835440
27  -218.496957     696.1859         0.7693222 0.024092889795
28   320.164682     710.4541         0.6755909 0.048255880260
29   481.776001     691.1763         0.5241663 0.108235130929
30   858.018482     559.3170         0.1998016 0.370248433703
31  -521.436256     463.1515         0.3113496 0.202323839756
32  -241.097081     492.3282         0.6450685 0.045842887040
33    77.913828     521.3283         0.8870378 0.004432052065
34   273.124426     503.2261         0.6106121 0.055572700727
35   339.918899     495.6790         0.5233580 0.085894757284
36  -299.213390     368.3976         0.4476930 0.099117120342
37    -5.615331     391.4562         0.9890200 0.000035424595
38    95.110246     388.7987         0.8148972 0.009854085243
39   209.140986     376.9927         0.5991127 0.048725455362
40   -99.282578     307.9234         0.7565461 0.014637669595
41    24.820957     303.8055         0.9371721 0.000947444028
42    79.496165     301.3721         0.7995456 0.009819705551
43   -57.383378     246.8891         0.8220431 0.006707280448
44    24.810873     242.4132         0.9209982 0.001301212669
45   -43.713728     201.7889         0.8333267 0.005187293616
   adj_r_square
1   -0.17249643
2   -0.17871503
3   -0.68908160
4    0.16075494
5   -0.97506588
6    0.48054377
7    0.38808560
8   -0.99690562
9    0.75719938
10   0.61730338
11  -0.28603375
12   0.27956214
13  -0.42418021
14  -0.47307375
15   0.57793967
16  -0.45732946
17  -0.22821723
18  -0.30498037
19   0.23353100
20  -0.17222390
21  -0.33332686
22  -0.17817618
23   0.35229343
24  -0.25950727
25   0.30059299
26  -0.07459771
27  -0.21988389
28  -0.18968015
29  -0.11470609
30   0.21281054
31   0.04278861
32  -0.14498854
33  -0.19468154
34  -0.13331276
35  -0.09692629
36  -0.05103003
37  -0.16662534
38  -0.15517023
39  -0.10982030
40  -0.12612838
41  -0.14177435
42  -0.13163462
43  -0.11745431
44  -0.12353614
45  -0.10534745
[1] "Stability Time"
[1] 7
[1] "Absolute Range"
[1] -1.530176  1.427613
[1] "Relative Range"
[1] -1.551891  1.405897
[1] "Proportion Significant"
[1] 0
[1] "Proportion Significantly Wrong"
[1] 0
[1] "proportion wrong before stability time"
[1] 0
[1] "Number of phases"
[1] 1
  Breaks      AICs    AICtot Nfits Nbreaks      AICc
1   2017 100000000 100000000     1       0 100000004
[1] "Onondaga"
[1] "Multiple Breakups"
   start_year N_data N_years        slope   slope_se     p_value
1        2009      3       3  0.094364087 0.14982311 0.642175250
2        2010      3       3 -0.308157723 0.08257296 0.166671199
3        2011      3       3  1.458220037 1.10239164 0.412096809
4        2012      3       3 -0.035386533 1.96472579 0.988535127
5        2013      3       3 -1.610087240 1.05557192 0.369431300
6        2014      3       3  0.175458225 0.02468676 0.088987506
7        2015      3       3  0.173983786 0.02383549 0.086676295
8        2016      3       3  0.020642144 0.11236733 0.884340972
9        2009      4       4 -0.095248751 0.12835005 0.535343177
10       2010      4       4  0.780273047 0.62948988 0.340864527
11       2011      4       4  0.180176429 0.88742246 0.857890740
12       2012      4       4 -0.299605977 0.89179601 0.768874007
13       2013      4       4 -0.904420800 0.62356619 0.284017857
14       2014      4       4  0.183125307 0.01189462 0.004192437
15       2015      4       4  0.073721943 0.05885948 0.336988970
16       2009      5       5  0.559402105 0.38515862 0.242326964
17       2010      5       5  0.154226305 0.51257261 0.783148963
18       2011      5       5 -0.067824188 0.53198463 0.906616295
19       2012      5       5 -0.265988771 0.51524436 0.641328144
20       2013      5       5 -0.539349737 0.41717769 0.286625480
21       2014      5       5  0.113236905 0.04093031 0.069767579
22       2009      6       6  0.175331844 0.33577871 0.629138107
23       2010      6       6 -0.015502671 0.34957332 0.966753063
24       2011      6       6 -0.110035266 0.34911734 0.768381908
25       2012      6       6 -0.187632877 0.34032675 0.610754658
26       2013      6       6 -0.382848583 0.28766575 0.254023031
27       2009      7       7  0.042758727 0.24946386 0.870628198
28       2010      7       7 -0.060241359 0.24853156 0.818107212
29       2011      7       7 -0.090256722 0.24712720 0.729884991
30       2012      7       7 -0.158186227 0.24124714 0.540982923
31       2009      8       8 -0.004985008 0.18797147 0.979702613
32       2010      8       8 -0.055923360 0.18526126 0.772946630
33       2011      8       8 -0.088992917 0.18419919 0.646123835
34       2009      9       9 -0.012581878 0.14566812 0.933588171
35       2010      9       9 -0.061778988 0.14354257 0.679853849
36       2009     10      10 -0.025253117 0.11643302 0.833723270
     intercept intercept_se intercept_p_value     r_square
1   -189.81562    301.14448       0.641957658 0.2840236686
2    619.47389    166.05425       0.166730635 0.9330091419
3  -2933.25290   2218.01216       0.412168431 0.6363296691
4     71.74492   3954.99335       0.988452768 0.0003242883
5   3243.27668   2125.92202       0.369380832 0.6993934692
6   -354.01651     49.74383       0.088871352 0.9805881267
7   -351.03077     48.05236       0.086608148 0.9815772159
8    -41.85667    226.64493       0.883739335 0.0326449034
9    191.24298    258.04782       0.535827900 0.2159059632
10 -1568.99758   1266.21908       0.340988507 0.4344595718
11  -362.25518   1785.93797       0.858025120 0.0201950419
12   603.53059   1795.63155       0.768774693 0.0534192245
13  1822.29969   1256.17428       0.283952038 0.5126304296
14  -369.46312     23.97361       0.004184006 0.9916327029
15  -148.93631    118.69016       0.336299998 0.4395836264
16 -1124.60524    774.55417       0.242442381 0.4128525001
17  -310.01758   1031.29634       0.783340946 0.0292936011
18   136.72206   1070.88532       0.906485958 0.0053889366
19   535.85915   1037.70239       0.641233960 0.0815862961
20  1087.04657    840.61325       0.286532959 0.3578039713
21  -228.63799     82.51552       0.069519250 0.7184144369
22  -352.49600    675.41912       0.629311516 0.0638142024
23    31.36397    703.51655       0.966577558 0.0004914316
24   221.66482    702.94801       0.768272800 0.0242329956
25   378.10262    685.58849       0.610648953 0.0706247330
26   771.80108    579.79053       0.253935369 0.3069082211
27   -85.93565    501.92152       0.870769328 0.0058414401
28   121.36330    500.29427       0.817964529 0.0116140318
29   181.85721    497.71443       0.729772121 0.0259844712
30   318.80688    486.11323       0.540907964 0.0791803723
31    10.07700    378.29283       0.979612263 0.0001172049
32   112.67548    373.02379       0.772803126 0.0149596032
33   179.31317    371.06950       0.646057382 0.0374463229
34    25.35684    293.23017       0.933511036 0.0010646363
35   124.45896    289.09498       0.679767546 0.0257797816
36    50.84715    234.43813       0.833723436 0.0058457657
   adj_r_square
1    -0.4319527
2     0.8660183
3     0.2726593
4    -0.9993514
5     0.3987869
6     0.9611763
7     0.9631544
8    -0.9347102
9    -0.1761411
10    0.1516894
11   -0.4697074
12   -0.4198712
13    0.2689456
14    0.9874491
15    0.1593754
16    0.2171367
17   -0.2942752
18   -0.3261481
19   -0.2245516
20    0.1437386
21    0.6245526
22   -0.1702322
23   -0.2493857
24   -0.2197088
25   -0.1617191
26    0.1336353
27   -0.1929903
28   -0.1860632
29   -0.1688186
30   -0.1049836
31   -0.1665299
32   -0.1492138
33   -0.1229793
34   -0.1416404
35   -0.1133945
36   -0.1184235
[1] "Stability Time"
[1] 6
[1] "Absolute Range"
[1] -1.610087  1.458220
[1] "Relative Range"
[1] -1.584834  1.483473
[1] "Proportion Significant"
[1] 0.02777778
[1] "Proportion Significantly Wrong"
[1] 0.02777778
[1] "proportion wrong before stability time"
[1] 0.04761905
[1] "Number of phases"
[1] 1
  Breaks      AICs    AICtot Nfits Nbreaks      AICc
1   2017 100000000 100000000     1       0 100000005
[1] "Orange"
[1] "Multiple Breakups"
   start_year N_data N_years       slope   slope_se    p_value
1        2008      3       3 -0.21578092 0.51350210 0.74674620
2        2009      3       3  1.06521293 1.25308424 0.55147821
3        2010      3       3  0.07831643 1.82286920 0.97266554
4        2011      3       3 -1.05754559 1.16707896 0.53131982
5        2012      3       3  0.17908721 0.45310868 0.76037808
6        2013      3       3 -0.05695740 0.31682826 0.88676204
7        2014      3       3  0.72292086 0.13343466 0.11619766
8        2015      3       3 -0.27547666 0.70985973 0.76433515
9        2016      3       3 -1.12052733 0.22196950 0.12449863
10       2008      4       4  0.73069773 0.59274291 0.34291459
11       2009      4       4  0.03899391 0.81552796 0.96620948
12       2010      4       4  0.02825963 0.81572401 0.97551061
13       2011      4       4 -0.71985392 0.55715936 0.32551180
14       2012      4       4  0.19442190 0.20282968 0.43893846
15       2013      4       4  0.30121702 0.25067709 0.35249795
16       2014      4       4  0.07765923 0.37729098 0.85597109
17       2015      4       4 -0.53660444 0.35143905 0.26634424
18       2008      5       5  0.15805679 0.47583674 0.76161849
19       2009      5       5  0.01873022 0.47099061 0.97077681
20       2010      5       5 -0.10854766 0.47753600 0.83479417
21       2011      5       5 -0.40998375 0.36807883 0.34655150
22       2012      5       5  0.34941175 0.14737903 0.09842938
23       2013      5       5  0.01161055 0.22114167 0.96142857
24       2014      5       5 -0.21413792 0.27537493 0.49348237
25       2008      6       6  0.10956476 0.31276385 0.74377404
26       2009      6       6 -0.07626659 0.31317576 0.81957719
27       2010      6       6 -0.06187076 0.31378009 0.85330170
28       2011      6       6 -0.12658939 0.29126365 0.68625641
29       2012      6       6  0.12878006 0.15979654 0.46548152
30       2013      6       6 -0.17794493 0.18148222 0.38235073
31       2008      7       7  0.01560852 0.22771299 0.94800879
32       2009      7       7 -0.04932918 0.22199415 0.83294219
33       2010      7       7  0.06364677 0.23341063 0.79600121
34       2011      7       7 -0.17306287 0.20769493 0.44267206
35       2012      7       7 -0.04267893 0.15022271 0.78771995
36       2008      8       8  0.01614315 0.16972752 0.92732275
37       2009      8       8  0.04550855 0.17428890 0.80273903
38       2010      8       8 -0.01477398 0.17976900 0.93717414
39       2011      8       8 -0.23934366 0.15946625 0.18405366
40       2008      9       9  0.07891886 0.13637469 0.58093128
41       2009      9       9 -0.01360041 0.13925012 0.92493299
42       2010      9       9 -0.09945638 0.14758220 0.52199504
43       2008     10      10  0.02448239 0.11323826 0.83424095
44       2009     10      10 -0.08309939 0.11810803 0.50165028
45       2008     11      11 -0.03978056 0.09962519 0.69897999
     intercept intercept_se intercept_p_value     r_square
1    433.13368    1031.6258        0.74694040 0.1500790826
2  -2140.51349    2518.6995        0.55156108 0.4194902324
3   -157.24602    3665.7903        0.97270859 0.0018424419
4   2128.40354    2348.1631        0.53122729 0.4508822817
5   -360.78768     912.1079        0.76020600 0.1351093976
6    114.71041     638.0922        0.88676378 0.0313068044
7  -1456.40728     268.8709        0.11621938 0.9670537200
8    555.61948    1431.0773        0.76423522 0.1308881176
9   2259.93315     447.7125        0.12450780 0.9622405746
10 -1468.02644    1191.1171        0.34299366 0.4317612308
11   -78.15534    1639.6192        0.96631364 0.0011417993
12   -56.59850    1640.8291        0.97561642 0.0005997304
13  1449.08047    1121.2834        0.32541684 0.4549343381
14  -391.65129     408.3976        0.43875904 0.3147900492
15  -606.53349     504.9891        0.35266426 0.4192589110
16  -156.42018     760.4301        0.85606302 0.0207443273
17  1081.96603     708.6770        0.26637460 0.5382507736
18  -317.59078     956.4321        0.76169245 0.0354734388
19   -37.42532     947.1624        0.97096379 0.0005268794
20   218.52097     960.8027        0.83470321 0.0169313393
21   825.62169     740.9429        0.34639057 0.2925623966
22  -703.64585     296.8214        0.09845025 0.6520073248
23   -23.26604     445.6006        0.96164135 0.0009180030
24   431.55107     555.1560        0.49362096 0.1677526922
25  -220.15413     628.8120        0.74391327 0.0297663114
26   153.54993     629.9533        0.81941696 0.0146096778
27   124.63816     631.4827        0.85315886 0.0096262966
28   255.33777     586.4596        0.68574379 0.0450943868
29  -259.44072     321.9102        0.46546041 0.1396878312
30   358.56188     365.7775        0.38245397 0.1937755850
31   -31.33341     457.9310        0.94810028 0.0009387930
32    99.38778     446.6524        0.83271540 0.0097788300
33  -127.86126     469.8558        0.79640277 0.0146531354
34   348.87340     418.2978        0.44227334 0.1219311281
35    85.82053     302.6989        0.78814445 0.0158866033
36   -32.40801     341.4071        0.92746537 0.0015054497
37   -91.33089     350.7566        0.80327427 0.0112353891
38    29.92128     361.9651        0.93680794 0.0011244119
39   482.29662     321.2450        0.18394554 0.2729665582
40  -158.60812     274.3861        0.58134281 0.0456563121
41    27.55692     280.3107        0.92444322 0.0013608901
42   200.33051     297.2308        0.52194431 0.0609255355
43   -49.15452     227.8922        0.83462556 0.0058089958
44   167.36570     237.8108        0.50153879 0.0582735654
45    80.07827     200.5457        0.69898034 0.0174074245
   adj_r_square
1  -0.699841835
2  -0.161019535
3  -0.996315116
4  -0.098235437
5  -0.729781205
6  -0.937386391
7   0.934107440
8  -0.738223765
9   0.924481149
10  0.147641846
11 -0.498287301
12 -0.499100404
13  0.182401507
14 -0.027814926
15  0.128888367
16 -0.468883509
17  0.307376160
18 -0.286035415
19 -0.332630827
20 -0.310758214
21  0.056749862
22  0.536009766
23 -0.332109329
24 -0.109663077
25 -0.212792111
26 -0.231737903
27 -0.237967129
28 -0.193632016
29 -0.075390211
30 -0.007780519
31 -0.198873448
32 -0.188265404
33 -0.182416238
34 -0.053682646
35 -0.180936076
36 -0.164910309
37 -0.153558713
38 -0.165354853
39  0.151794318
40 -0.090678500
41 -0.141301840
42 -0.073227959
43 -0.118464880
44 -0.059442239
45 -0.091769528
[1] "Stability Time"
[1] 6
[1] "Absolute Range"
[1] -1.120527  1.065213
[1] "Relative Range"
[1] -1.080747  1.104993
[1] "Proportion Significant"
[1] 0
[1] "Proportion Significantly Wrong"
[1] 0
[1] "proportion wrong before stability time"
[1] 0
[1] "Number of phases"
[1] 1
  Breaks      AICs    AICtot Nfits Nbreaks      AICc
1   2017 100000000 100000000     1       0 100000004
[1] "Oswego"
[1] "Multiple Breakups"
   start_year N_data N_years       slope   slope_se   p_value
1        2008      3       3  0.77859661 0.59351079 0.4146405
2        2009      3       3  0.55049214 0.72520697 0.5866499
3        2010      3       3 -0.98845273 0.16330326 0.1042350
4        2011      3       3  0.97020437 1.29413447 0.5904593
5        2012      3       3  0.13990408 1.77350857 0.9498837
6        2013      3       3 -1.22872278 0.98333148 0.4296650
7        2014      3       3 -0.16727662 0.37050526 0.7300184
8        2015      3       3 -0.04562090 0.44074322 0.9343380
9        2016      3       3  0.12165572 0.34416602 0.7836948
10       2008      4       4  0.43613576 0.33097456 0.3182904
11       2009      4       4 -0.12165572 0.50574626 0.8323160
12       2010      4       4  0.24331144 0.71489947 0.7660211
13       2011      4       4  0.02372287 0.79596852 0.9789302
14       2012      4       4 -0.06691065 0.80207479 0.9411141
15       2013      4       4 -0.93249110 0.47184662 0.1867729
16       2014      4       4  0.03406360 0.20240419 0.8818313
17       2015      4       4 -0.09793286 0.19940686 0.6719440
18       2008      5       5  0.02615598 0.30420803 0.9368988
19       2009      5       5  0.41058806 0.42389571 0.4041882
20       2010      5       5 -0.14537859 0.46980889 0.7772330
21       2011      5       5 -0.07542655 0.46310420 0.8809724
22       2012      5       5 -0.25669357 0.47586466 0.6270569
23       2013      5       5 -0.54319279 0.35317248 0.2216492
24       2014      5       5 -0.02737254 0.12212269 0.8370460
25       2008      6       6  0.36409819 0.27879992 0.2616094
26       2009      6       6  0.08515900 0.33512731 0.8119390
27       2010      6       6 -0.16788489 0.30783648 0.6144846
28       2011      6       6 -0.20855266 0.31276398 0.5413899
29       2012      6       6 -0.17170836 0.31536691 0.6150481
30       2013      6       6 -0.42214535 0.24153720 0.1554251
31       2008      7       7  0.13164887 0.23848604 0.6047003
32       2009      7       7  0.01064488 0.24084423 0.9664573
33       2010      7       7 -0.24461490 0.22213543 0.3209767
34       2011      7       7 -0.15684898 0.22316304 0.5135191
35       2012      7       7 -0.17379389 0.22300133 0.4710386
36       2008      8       8  0.06336235 0.18207664 0.7397255
37       2009      8       8 -0.08870730 0.18845638 0.6544764
38       2010      8       8 -0.19638709 0.16789497 0.2864787
39       2011      8       8 -0.16177314 0.16636020 0.3683932
40       2008      9       9 -0.02666288 0.15030853 0.8642277
41       2009      9       9 -0.08130657 0.14604021 0.5950475
42       2010      9       9 -0.19241880 0.13007107 0.1825871
43       2008     10      10 -0.03188854 0.11994268 0.7970666
44       2009     10      10 -0.09898352 0.11694596 0.4219222
45       2008     11      11 -0.05485567 0.09882642 0.5923720
     intercept intercept_se intercept_p_value     r_square
1  -1564.15230    1192.3633         0.4146501 0.6324810521
2  -1106.15704    1457.6661         0.5867420 0.3655654412
3   1988.05382     328.4029         0.1042209 0.9734305305
4  -1951.36421    2603.7988         0.5905669 0.3598117513
5   -281.27042    3570.0730         0.9499469 0.0061844341
6   2475.25559    1980.4298         0.4295888 0.6095850846
7    336.58147     746.5682         0.7303592 0.1693223375
8     91.61855     888.5384         0.9345883 0.0106005402
9   -245.92133     694.1829         0.7832533 0.1110699741
10  -876.26260     665.0935         0.3183539 0.4647279236
11   244.63611    1016.8030         0.8322845 0.0281179266
12  -488.61334    1438.0205         0.7663861 0.0547461490
13   -47.35891    1601.8869         0.9790993 0.0004439353
14   134.97868    1614.9778         0.9410035 0.0034675455
15  1878.74373     950.5352         0.1867377 0.6613383574
16   -69.05195     407.9457         0.8811580 0.0139638436
17   197.06203     402.1040         0.6725662 0.1076207677
18   -52.61322     611.4583         0.9368514 0.0024581621
19  -825.17389     852.4545         0.4044480 0.2382303115
20   293.04231     945.2557         0.7768383 0.0309308552
21   152.12970     932.2290         0.8807431 0.0087648894
22   517.01171     958.3917         0.6270373 0.0884174193
23  1094.69694     711.6427         0.2215965 0.4408786735
24    54.74187     246.1994         0.8383205 0.0164703777
25  -731.65178     560.5274         0.2618121 0.2989221090
26  -170.95301     674.1088         0.8123072 0.0158864451
27   338.31000     619.5211         0.6140379 0.0692108806
28   420.02383     629.7505         0.5412957 0.1000374214
29   345.90815     635.3069         0.6150466 0.0689987051
30   850.86704     486.8184         0.1554129 0.4329949921
31  -264.50612     479.5957         0.6050183 0.0574441007
32   -21.12994     484.5788         0.9669073 0.0003905432
33   492.66518     447.1588         0.3207510 0.1951885324
34   315.96155     449.4506         0.5134331 0.0899147500
35   350.10771     449.3479         0.4711430 0.1083165443
36  -127.25022     366.2474         0.7401216 0.0197844736
37   178.66728     379.2687         0.6542209 0.0356120919
38   395.63084     338.0567         0.2862524 0.1856901698
39   325.87389     335.1328         0.3684183 0.1361455042
40    53.73050     302.4210         0.8640158 0.0044750810
41   163.78196     293.9792         0.5948016 0.0424024942
42   387.64531     261.9633         0.1824747 0.2381727416
43    64.23758     241.3849         0.7968762 0.0087581334
44   199.34208     235.4709         0.4218361 0.0821898510
45   110.42446     198.9378         0.5923725 0.0331005903
   adj_r_square
1   0.264962104
2  -0.268869118
3   0.946861061
4  -0.280376497
5  -0.987631132
6   0.219170169
7  -0.661355325
8  -0.978798920
9  -0.777860052
10  0.197091885
11 -0.457823110
12 -0.417880777
13 -0.499334097
14 -0.494798682
15  0.492007536
16 -0.479054235
17 -0.338568848
18 -0.330055784
19 -0.015692918
20 -0.292092193
21 -0.321646814
22 -0.215443441
23  0.254504898
24 -0.311372830
25  0.123652636
26 -0.230141944
27 -0.163486399
28 -0.124953223
29 -0.163751619
30  0.291243740
31 -0.131067079
32 -0.199531348
33  0.034226239
34 -0.092102300
35 -0.070020147
36 -0.143584781
37 -0.125119226
38  0.049971865
39 -0.007830245
40 -0.137742765
41 -0.094397149
42  0.129340276
43 -0.115147100
44 -0.032536418
45 -0.074332677
[1] "Stability Time"
[1] 7
[1] "Absolute Range"
[1] -1.2287228  0.9702044
[1] "Relative Range"
[1] -1.173867  1.025060
[1] "Proportion Significant"
[1] 0
[1] "Proportion Significantly Wrong"
[1] 0
[1] "proportion wrong before stability time"
[1] 0
[1] "Number of phases"
[1] 1
  Breaks      AICs    AICtot Nfits Nbreaks      AICc
1   2017 100000000 100000000     1       0 100000004
[1] "Rockland"
[1] "Multiple Breakups"
   start_year N_data N_years        slope   slope_se    p_value
1        2008      3       3 -0.341607678 0.65479459 0.69387620
2        2009      3       3 -0.003036513 0.85026874 0.99772649
3        2010      3       3 -0.279359168 1.00980370 0.82817838
4        2011      3       3  0.671069306 1.55853384 0.74115984
5        2012      3       3  0.666514537 1.56116353 0.74311881
6        2013      3       3 -1.085553289 0.54960670 0.29836354
7        2014      3       3 -0.408410958 0.15865839 0.23588910
8        2015      3       3  0.496469826 0.68109156 0.59900526
9        2016      3       3 -0.107796201 1.02996471 0.93361301
10       2008      4       4  0.088362519 0.38389579 0.83935678
11       2009      4       4 -0.463371838 0.46392628 0.42311000
12       2010      4       4  0.640704179 0.69721796 0.45513459
13       2011      4       4  0.128444487 0.76416803 0.88197728
14       2012      4       4  0.156076753 0.75782269 0.85588858
15       2013      4       4 -0.869657236 0.27559126 0.08745094
16       2014      4       4  0.189478392 0.35240846 0.64462872
17       2015      4       4 -0.102026827 0.46062627 0.84526509
18       2008      5       5 -0.248994041 0.29506238 0.46071550
19       2009      5       5  0.211341284 0.47274566 0.68514289
20       2010      5       5  0.289076009 0.45083451 0.56701394
21       2011      5       5 -0.032490686 0.45087060 0.94708781
22       2012      5       5 -0.113869226 0.46445885 0.82214228
23       2013      5       5 -0.317315577 0.35638549 0.43885924
24       2014      5       5 -0.107188898 0.26595940 0.71393096
25       2008      6       6  0.171693104 0.31033009 0.60955131
26       2009      6       6  0.082853418 0.31825118 0.80745407
27       2010      6       6  0.128227593 0.30940583 0.69981872
28       2011      6       6 -0.171432831 0.30587059 0.60506123
29       2012      6       6  0.064721099 0.32106665 0.85008025
30       2013      6       6 -0.384422507 0.23650420 0.17939559
31       2008      7       7  0.085239249 0.22504178 0.72040876
32       2009      7       7  0.013772754 0.22854457 0.95428082
33       2010      7       7 -0.016158585 0.23412626 0.94765158
34       2011      7       7 -0.023099186 0.23262136 0.92475881
35       2012      7       7 -0.081118268 0.24213964 0.75121798
36       2008      8       8  0.030979659 0.17063650 0.86191117
37       2009      8       8 -0.073093198 0.17757633 0.69492081
38       2010      8       8  0.064706640 0.18064486 0.73246017
39       2011      8       8 -0.117014186 0.18166623 0.54332263
40       2008      9       9 -0.041954484 0.13871993 0.77110547
41       2009      9       9  0.002985904 0.14439306 0.98407882
42       2010      9       9 -0.027986525 0.14981170 0.85710752
43       2008     10      10  0.014630470 0.11538184 0.90222744
44       2009     10      10 -0.061632006 0.12107682 0.62446891
45       2008     11      11 -0.041158549 0.09956297 0.68899547
      intercept intercept_se intercept_p_value      r_square
1    686.224955    1315.4824        0.69390090 0.21394340484
2      6.300672    1709.0403        0.99765300 0.00001275358
3    561.310414    2030.7154        0.82831843 0.07109259508
4  -1349.735047    3135.7703        0.74123802 0.15640063874
5  -1341.469153    3142.6224        0.74315732 0.15417170206
6   2186.928742    1106.9080        0.29829030 0.79596834966
7    822.621057     319.6967        0.23597454 0.86887417749
8  -1000.923748    1373.0807        0.59899300 0.34697831081
9    217.084755    2077.4390        0.93371613 0.01083505045
10  -177.441849     771.4387        0.83946489 0.02580624517
11   931.421230     932.7239        0.42318768 0.33280207169
12 -1288.630290    1402.4542        0.45517810 0.29687831330
13  -258.154786    1537.8884        0.88213026 0.01392936256
14  -314.128039    1525.8762        0.85594810 0.02076810122
15  1752.186057     555.1787        0.08742818 0.83274578322
16  -381.926687     710.2794        0.64460194 0.12628875007
17   205.446005     928.8530        0.84547882 0.02394289132
18   500.307481     593.0755        0.46085367 0.19183541184
19  -424.752144     950.6918        0.68531640 0.06245732310
20  -581.506039     907.0793        0.56708605 0.12052863736
21    65.646782     907.6027        0.94689166 0.00172799132
22   229.273216     935.4203        0.82218719 0.01964182255
23   639.769955     718.1169        0.43861662 0.20901968185
24   215.857903     536.1743        0.71422090 0.05136270331
25  -344.993222     623.9189        0.60974716 0.07108438520
26  -166.448704     640.1625        0.80769113 0.01666186849
27  -257.986259     622.6794        0.69989665 0.04117061476
28   345.244692     615.8707        0.60499615 0.07281470620
29  -130.288639     646.7890        0.85018435 0.01005661298
30   774.945682     476.6744        0.17933279 0.39777567204
31  -171.249793     452.5592        0.72066525 0.02789310937
32   -27.550516     459.8319        0.95454487 0.00072579580
33    32.470603     471.2964        0.94774257 0.00095174999
34    46.698509     468.4997        0.92447412 0.00196819685
35   163.383233     487.9116        0.75132012 0.02195306919
36   -62.188017     343.2355        0.86219037 0.00546359941
37   147.136914     357.3726        0.69484939 0.02746242714
38  -130.230229     363.7287        0.73257093 0.02093659510
39   235.749404     365.9669        0.54328262 0.06467548396
40    84.433922     279.1047        0.77104934 0.01289860609
41    -5.883521     290.6635        0.98441546 0.00006108499
42    56.299316     301.7210        0.85727162 0.00496076493
43   -29.339559     232.2062        0.90257169 0.00200576321
44   124.106175     243.7884        0.62444141 0.03137307941
45    82.852160     200.4205        0.68899583 0.01863428805
    adj_r_square
1  -0.5721131903
2  -0.9999744928
3  -0.8578148098
4  -0.6871987225
5  -0.6916565959
6   0.5919366993
7   0.7377483550
8  -0.3060433784
9  -0.9783298991
10 -0.4612906322
11 -0.0007968925
12 -0.0546825301
13 -0.4791059562
14 -0.4688478482
15  0.7491186748
16 -0.3105668749
17 -0.4640856630
18 -0.0775527842
19 -0.2500569025
20 -0.1726284835
21 -0.3310293449
22 -0.3071442366
23 -0.0546404242
24 -0.2648497289
25 -0.1611445185
26 -0.2291726644
27 -0.1985367315
28 -0.1589816172
29 -0.2374292338
30  0.2472195900
31 -0.1665282688
32 -0.1991290450
33 -0.1988579000
34 -0.1976381638
35 -0.1736563170
36 -0.1602924674
37 -0.1346271683
38 -0.1422406391
39 -0.0912119354
40 -0.1281158788
41 -0.1427873314
42 -0.1371876972
43 -0.1227435164
44 -0.0897052857
45 -0.0904063466
[1] "Stability Time"
[1] 7
[1] "Absolute Range"
[1] -1.0855533  0.6710693
[1] "Relative Range"
[1] -1.0443947  0.7122279
[1] "Proportion Significant"
[1] 0
[1] "Proportion Significantly Wrong"
[1] 0
[1] "proportion wrong before stability time"
[1] 0
[1] "Number of phases"
[1] 1
  Breaks      AICs    AICtot Nfits Nbreaks      AICc
1   2017 100000000 100000000     1       0 100000004
[1] "Saratoga"
[1] "Multiple Breakups"
   start_year N_data N_years        slope   slope_se    p_value
1        2008      3       3  0.047588707 1.78913033 0.98307067
2        2009      3       3 -1.408065864 0.94870777 0.37745305
3        2010      3       3  0.638248543 0.23273240 0.22259993
4        2011      3       3 -0.002799336 0.60284157 0.99704383
5        2012      3       3 -0.708231936 0.19555986 0.17151232
6        2013      3       3  0.260338221 0.36364438 0.60445090
7        2014      3       3  0.159562136 0.42182748 0.76977973
8        2015      3       3 -0.551469136 0.01131338 0.01305841
9        2016      3       3 -0.313525600 0.12606338 0.24338036
10       2008      4       4 -0.206031109 0.81341163 0.82370051
11       2009      4       4 -0.508919233 0.67044575 0.52707122
12       2010      4       4  0.172998947 0.28807164 0.60913466
13       2011      4       4 -0.217228451 0.29666514 0.54020819
14       2012      4       4 -0.194833766 0.30904362 0.59283622
15       2013      4       4  0.073902463 0.19502191 0.74117647
16       2014      4       4 -0.120931303 0.24862262 0.67475928
17       2015      4       4 -0.412622084 0.08032289 0.03586791
18       2008      5       5 -0.007278273 0.48343947 0.98893341
19       2009      5       5 -0.436696371 0.38932148 0.34367975
20       2010      5       5 -0.028553224 0.20298485 0.89704713
21       2011      5       5 -0.038630833 0.19992275 0.85912202
22       2012      5       5 -0.167400276 0.17912803 0.41896981
23       2013      5       5 -0.084539939 0.14507187 0.60097496
24       2014      5       5 -0.171879213 0.14652519 0.32544441
25       2008      6       6 -0.099016503 0.32088678 0.77305030
26       2009      6       6 -0.406463546 0.25546774 0.18680728
27       2010      6       6  0.045109296 0.13952450 0.76265895
28       2011      6       6 -0.063664892 0.13167581 0.65401765
29       2012      6       6 -0.211629780 0.12001496 0.15261691
30       2013      6       6 -0.131328835 0.09873896 0.25426879
31       2008      7       7 -0.160761851 0.22968455 0.51519223
32       2009      7       7 -0.256739075 0.20026072 0.25605813
33       2010      7       7  0.005398719 0.10128764 0.95955625
34       2011      7       7 -0.122770866 0.09916534 0.27065906
35       2012      7       7 -0.214948992 0.08488503 0.05238694
36       2008      8       8 -0.098909862 0.17488154 0.59218329
37       2009      8       8 -0.220547664 0.15072095 0.19371831
38       2010      8       8 -0.055920063 0.08338393 0.52741030
39       2011      8       8 -0.145098901 0.07502921 0.10129516
40       2008      9       9 -0.101522575 0.13547105 0.47803675
41       2009      9       9 -0.224413413 0.11676928 0.09606740
42       2010      9       9 -0.087152652 0.06705882 0.23488300
43       2008     10      10 -0.126326386 0.10901321 0.27994949
44       2009     10      10 -0.219332195 0.09319584 0.04643019
45       2008     11      11 -0.138439875 0.08928325 0.15541745
      intercept intercept_se intercept_p_value      r_square
1    -95.046354   3594.36313        0.98316968 0.00070699559
2   2830.881852   1906.90278        0.37738330 0.68777614272
3  -1283.439947    468.02490        0.22261238 0.88264058680
4      5.786651   1212.91733        0.99696280 0.00002156226
5   1425.700237    393.66204        0.17150897 0.92915690866
6   -524.467252    732.37983        0.60436699 0.33885754584
7   -321.680574    849.98243        0.76967304 0.12517337032
8   1111.527991     22.80778        0.01306116 0.99957931248
9    631.747976    254.26987        0.24360118 0.86082898710
10   414.391315   1634.55091        0.82354714 0.03108150909
11  1023.896839   1347.93140        0.52681487 0.22366163328
12  -347.978093    579.45619        0.60914355 0.15277571103
13   437.146555    597.03869        0.54022956 0.21140851004
14   392.400854    622.25942        0.59274704 0.16578234086
15  -149.047780    392.87169        0.74089873 0.06698961938
16   243.420207    501.09897        0.67513746 0.10578152632
17   831.658617    161.97113        0.03590009 0.92955068582
18    15.096868    971.71357        0.98857977 0.00007554720
19   878.728887    782.92570        0.34343178 0.29547348606
20    57.343323    408.40562        0.89723504 0.00655249554
21    77.808147    402.44459        0.85904315 0.01229279628
22   337.177238    360.76395        0.41892947 0.22547540984
23   170.055217    292.31988        0.60156935 0.10168667606
24   346.080246    295.39486        0.32594577 0.31444423685
25   199.429553    645.14310        0.77265924 0.02325062737
26   817.950830    513.87355        0.18665778 0.38757949539
27   -90.816558    280.79316        0.76257364 0.02546642329
28   128.185019    265.12933        0.65402818 0.05521547667
29   426.225974    241.77023        0.15269234 0.43736812186
30   264.303651    199.00844        0.25485738 0.30664640679
31   323.517120    461.89585        0.51491304 0.08923566246
32   516.904829    402.92477        0.25578071 0.24739438902
33   -10.932115    203.89212        0.95931653 0.00056787377
34   247.145643    199.71909        0.27085513 0.23462534230
35   432.909761    171.04341        0.05246639 0.56187327883
36   199.194622    351.77444        0.59175283 0.05061534858
37   444.123900    303.32610        0.19348305 0.26300811523
38   112.441275    167.89364        0.52795511 0.06973130523
39   292.091977    151.14645        0.10149043 0.38398132063
40   204.447046    272.56798        0.47765624 0.07427080911
41   451.899210    235.05674        0.09597443 0.34539795835
42   175.291654    135.05658        0.23544534 0.19439081566
43   254.319242    219.38931        0.27979673 0.14373090435
44   441.677492    187.65002        0.04641024 0.40910346125
45   278.679469    179.72741        0.15541790 0.21082158984
   adj_r_square
1   -0.99858601
2    0.37555229
3    0.76528117
4   -0.99995688
5    0.85831382
6   -0.32228491
7   -0.74965326
8    0.99915862
9    0.72165797
10  -0.45337774
11  -0.16450755
12  -0.27083643
13  -0.18288723
14  -0.25132649
15  -0.39951557
16  -0.34132771
17   0.89432603
18  -0.33323260
19   0.06063131
20  -0.32459667
21  -0.31694294
22  -0.03269945
23  -0.19775110
24   0.08592565
25  -0.22093672
26   0.23447437
27  -0.21816697
28  -0.18098065
29   0.29671015
30   0.13330801
31  -0.09291721
32   0.09687327
33  -0.19931855
34   0.08155041
35   0.47424793
36  -0.10761543
37   0.14017613
38  -0.08531348
39   0.28131154
40  -0.05797622
41   0.25188338
42   0.07930379
43   0.03669727
44   0.33524139
45   0.12313510
[1] "Stability Time"
[1] 6
[1] "Absolute Range"
[1] -1.4080659  0.6382485
[1] "Relative Range"
[1] -1.2696260  0.7766884
[1] "Proportion Significant"
[1] 0.06666667
[1] "Proportion Significantly Wrong"
[1] 0.06666667
[1] "proportion wrong before stability time"
[1] 0.08333333
[1] "Number of phases"
[1] 1
  Breaks      AICs    AICtot Nfits Nbreaks      AICc
1   2017 100000000 100000000     1       0 100000004
[1] "Schuyler"
[1] "Multiple Breakups"
   start_year N_data N_years       slope   slope_se    p_value
1        2009      3       3  0.04646807 0.44632624 0.93395796
2        2010      3       3  0.28303280 0.30974553 0.52866900
3        2011      3       3  1.08566311 0.77314436 0.39395774
4        2012      3       3  0.15630169 1.30971143 0.92438307
5        2013      3       3 -0.89556646 0.70241507 0.42342192
6        2014      3       3  0.51114878 0.10975235 0.13464870
7        2015      3       3  0.81107906 0.06341247 0.04967170
8        2016      3       3 -0.65900173 0.91216401 0.60170451
9        2009      4       4  0.03379496 0.19973722 0.88120675
10       2010      4       4  0.87190999 0.36712474 0.14079321
11       2011      4       4  0.26022120 0.58878567 0.70171223
12       2012      4       4 -0.02112185 0.59461067 0.97488997
13       2013      4       4 -0.29486103 0.46793132 0.59299980
14       2014      4       4  0.65308762 0.09552309 0.02073020
15       2015      4       4 -0.09293614 0.52270328 0.87525907
16       2009      5       5  0.50945903 0.29785414 0.18571328
17       2010      5       5  0.39286642 0.34845531 0.34158241
18       2011      5       5  0.10729900 0.35121397 0.77995023
19       2012      5       5  0.08786690 0.34901786 0.81749178
20       2013      5       5  0.06843480 0.34202514 0.85420802
21       2014      5       5  0.10307463 0.32230366 0.77009333
22       2009      6       6  0.27084247 0.23874861 0.31998928
23       2010      6       6  0.24573764 0.24341989 0.36983253
24       2011      6       6  0.14845643 0.23114815 0.55566613
25       2012      6       6  0.23801308 0.24437757 0.38522825
26       2013      6       6 -0.15738796 0.25910121 0.57635530
27       2009      7       7  0.19100188 0.17500083 0.32486075
28       2010      7       7  0.24199606 0.17213741 0.21876842
29       2011      7       7  0.24591869 0.17286130 0.21411881
30       2012      7       7  0.02625144 0.21167867 0.90613430
31       2009      8       8  0.20025526 0.13054728 0.17593350
32       2010      8       8  0.29701345 0.13217714 0.06570381
33       2011      8       8  0.07945839 0.16073866 0.63864644
34       2009      9       9  0.25261733 0.10554375 0.04792277
35       2010      9       9  0.15362626 0.13166539 0.28150041
36       2009     10      10  0.14337256 0.10519935 0.21004677
     intercept intercept_se intercept_p_value     r_square
1    -94.13417     897.1158        0.93344318 0.0107231478
2   -569.96581     622.8983        0.52823103 0.4550277064
3  -2184.14409    1555.5666        0.39398670 0.6635067440
4   -314.40550    2636.4493        0.92443779 0.0140421778
5   1804.11187    1414.6641        0.42334637 0.6191315847
6  -1029.88706     221.1510        0.13465858 0.9559284408
7  -1634.40991     127.8396        0.04969367 0.9939245785
8   1329.72638    1839.8350        0.60158636 0.3429473328
9    -68.66545     401.5718        0.87996481 0.0141118363
10 -1754.00155     738.4715        0.14077342 0.7382363135
11  -523.63010    1184.9313        0.70174603 0.0889755951
12    42.68895    1197.2488        0.97479550 0.0006305138
13   594.49138     942.6478        0.59271760 0.1656491612
14 -1315.84650     192.5268        0.02074400 0.9589693385
15   187.78339    1054.0313        0.87501164 0.0155602994
16 -1024.75023     598.9848        0.18564162 0.4937200259
17  -790.64493     701.0923        0.34148026 0.2976124933
18  -215.95064     706.9939        0.77999159 0.0301731556
19  -176.70540     702.9221        0.81775113 0.0206897079
20  -137.18642     689.1808        0.85494534 0.0131691984
21  -207.57034     649.7643        0.77033474 0.0329680066
22  -545.05140     480.2430        0.31979372 0.2434159490
23  -494.71992     489.8827        0.36968261 0.2030497578
24  -298.77312     465.4170        0.55584774 0.0934831029
25  -478.99971     492.2988        0.38565605 0.1916891004
26   317.69588     522.2187        0.57580218 0.0844547281
27  -384.51858     352.1018        0.32460800 0.1924058352
28  -487.19310     346.5128        0.21872422 0.2832938698
29  -494.93215     348.1428        0.21439299 0.2881440267
30   -52.58236     426.5327        0.90668868 0.0030665377
31  -403.12713     262.7266        0.17582997 0.2817000006
32  -597.88809     266.1389        0.06575436 0.4569839333
33  -159.84757     323.8082        0.63910178 0.0391336692
34  -508.44471     212.4597        0.04794743 0.4500646059
35  -309.34527     265.1743        0.28158353 0.1628202287
36  -288.68065     211.8191        0.21004719 0.1884271686
   adj_r_square
1  -0.978553704
2  -0.089944587
3   0.327013488
4  -0.971915644
5   0.238263169
6   0.911856882
7   0.987849157
8  -0.314105334
9  -0.478832246
10  0.607354470
11 -0.366536607
12 -0.499054229
13 -0.251526258
14  0.938454008
15 -0.476659551
16  0.324960034
17  0.063483324
18 -0.293102459
19 -0.305747056
20 -0.315774402
21 -0.289375991
22  0.054269936
23  0.003812197
24 -0.133146121
25 -0.010388625
26 -0.144431590
27  0.030887002
28  0.139952644
29  0.145772832
30 -0.196320155
31  0.161983334
32  0.366481255
33 -0.121010719
34  0.371502407
35  0.043223119
36  0.086980565
[1] "Stability Time"
[1] 6
[1] "Absolute Range"
[1] -0.8955665  1.0856631
[1] "Relative Range"
[1] -1.0389390  0.9422906
[1] "Proportion Significant"
[1] 0.08333333
[1] "Proportion Significantly Wrong"
[1] 0.08333333
[1] "proportion wrong before stability time"
[1] 0.0952381
[1] "Number of phases"
[1] 1
  Breaks      AICs    AICtot Nfits Nbreaks      AICc
1   2017 100000000 100000000     1       0 100000005
[1] "Sullivan"
[1] "Multiple Breakups"
   start_year N_data N_years        slope   slope_se   p_value
1        2008      3       3  0.142389877 0.66780600 0.8662624
2        2009      3       3  0.189202987 0.69483357 0.8307521
3        2010      3       3 -0.187252440 0.91218021 0.8711053
4        2011      3       3 -0.072170211 0.97862296 0.9531362
5        2012      3       3  0.296483031 0.76578092 0.7648375
6        2013      3       3 -0.395960890 0.36599823 0.4749790
7        2014      3       3  0.050714203 0.10811025 0.7207651
8        2015      3       3  1.244448511 0.79731307 0.3627502
9        2016      3       3 -0.345246687 1.71512402 0.8735413
10       2008      4       4  0.401812528 0.33410529 0.3521731
11       2009      4       4 -0.277367677 0.41124380 0.5695330
12       2010      4       4  0.197785390 0.46457786 0.7117408
13       2011      4       4 -0.189983205 0.44290768 0.7097473
14       2012      4       4  0.146290969 0.35327511 0.7189868
15       2013      4       4 -0.254741341 0.18286223 0.2982368
16       2014      4       4  0.804405275 0.43782147 0.2075664
17       2015      4       4  0.014434042 0.79464048 0.9871570
18       2008      5       5  0.019895572 0.29296581 0.9501294
19       2009      5       5  0.009362622 0.28944529 0.9762272
20       2010      5       5  0.029258194 0.28532672 0.9247959
21       2011      5       5 -0.127955834 0.25820832 0.6542374
22       2012      5       5  0.059686715 0.21000286 0.7947314
23       2013      5       5  0.349537889 0.36450514 0.4083321
24       2014      5       5  0.131076708 0.46370213 0.7958081
25       2008      6       6  0.139770572 0.20389666 0.5306941
26       2009      6       6 -0.057178870 0.19334174 0.7821460
27       2010      6       6  0.010923059 0.18708990 0.9562431
28       2011      6       6 -0.111459786 0.16930512 0.5462854
29       2012      6       6  0.401478149 0.24050151 0.1703737
30       2013      6       6 -0.001448977 0.31305852 0.9965287
31       2008      7       7  0.057262465 0.15184242 0.7215621
32       2009      7       7 -0.049320955 0.13678851 0.7331576
33       2010      7       7 -0.011424628 0.13292023 0.9348411
34       2011      7       7  0.187670415 0.21013901 0.4127317
35       2012      7       7  0.125252935 0.23313932 0.6141360
36       2008      8       8  0.037942769 0.11372499 0.7500055
37       2009      8       8 -0.053314931 0.10198221 0.6198573
38       2010      8       8  0.199002160 0.15676495 0.2513017
39       2011      8       8  0.020341411 0.18402566 0.9155892
40       2008      9       9  0.017294843 0.08889396 0.8512667
41       2009      9       9  0.123404560 0.12903545 0.3707440
42       2010      9       9  0.062872608 0.14464520 0.6768884
43       2008     10      10  0.149045377 0.10399375 0.1896965
44       2009     10      10  0.025770854 0.11735841 0.8316891
45       2008     11      11  0.063410486 0.09825602 0.5347984
      intercept intercept_se intercept_p_value      r_square
1   -286.414961    1341.6224         0.8661018 0.04348594806
2   -380.092546    1396.6156         0.8308393 0.06902884700
3    376.307186    1834.3946         0.8711910 0.04043595009
4    145.365110    1968.9896         0.9530852 0.00540915724
5   -597.053106    1541.5171         0.7647539 0.13035628310
6    797.509444     737.1205         0.4749614 0.53926247099
7   -102.454393     217.8422         0.7201300 0.18036286019
8  -2508.164517    1607.3833         0.3628245 0.70897284945
9    696.730571    3459.4054         0.8734762 0.03894194196
10  -807.508595     671.3847         0.3521423 0.41967973163
11   557.558966     826.8058         0.5695889 0.18530183150
12  -397.875546     934.4985         0.7117207 0.08309339436
13   382.365582     891.3518         0.7097304 0.08424662765
14  -294.766550     711.3195         0.7188026 0.07896842667
15   513.140346     368.3760         0.2982619 0.49247160321
16 -1620.890674     882.4293         0.2076370 0.62795104992
17   -28.865354    1602.3928         0.9872633 0.00016494264
18   -40.237429     588.8614         0.9498216 0.00153493708
19   -18.768936     582.0746         0.9763021 0.00034864971
20   -58.967354     574.0775         0.9246689 0.00349276485
21   257.566512     519.7735         0.6542478 0.07566384503
22  -120.432187     422.9459         0.7943637 0.02622069787
23  -703.878023     734.4780         0.4085907 0.23460843849
24  -264.133611     934.8237         0.7958955 0.02594391870
25  -281.106262     409.9344         0.5305591 0.10512665209
26   115.001644     388.9070         0.7821710 0.02139765419
27   -22.089286     376.5186         0.9560311 0.00085144763
28   224.370964     340.8960         0.5463763 0.09775941928
29  -808.572274     484.4905         0.1704586 0.41061081864
30     3.126521     630.9697         0.9962837 0.00000535562
31  -115.292470     305.3553         0.7212476 0.02765689283
32    99.201996     275.2186         0.7332388 0.02534228957
33    22.866811     267.5686         0.9352111 0.00147533531
34  -377.678420     423.2202         0.4130655 0.13757228878
35  -252.346767     469.7760         0.6141880 0.05457596111
36   -76.459881     228.7580         0.7495727 0.01821426777
37   107.233881     205.2393         0.6200567 0.04356647525
38  -400.511886     315.6464         0.2514908 0.21171424390
39   -40.845135     370.7199         0.9158612 0.00203221958
40   -34.950668     178.8548         0.8506204 0.00537834493
41  -248.207921     259.7486         0.3711172 0.11556167196
42  -126.573851     291.3157         0.6770112 0.02628150670
43  -299.857074     209.2876         0.1898248 0.20430507728
44   -51.801449     236.3014         0.8319701 0.00599141408
45  -127.645307     197.7896         0.5347989 0.04422978641
   adj_r_square
1   -0.91302810
2   -0.86194231
3   -0.91912810
4   -0.98918169
5   -0.73928743
6    0.07852494
7   -0.63927428
8    0.41794570
9   -0.92211612
10   0.12951960
11  -0.22204725
12  -0.37535991
13  -0.37363006
14  -0.38154736
15   0.23870740
16   0.44192657
17  -0.49975259
18  -0.33128675
19  -0.33286847
20  -0.32867631
21  -0.23244821
22  -0.29837240
23  -0.02052208
24  -0.29874144
25  -0.11859168
26  -0.22325293
27  -0.24893569
28  -0.12780073
29   0.26326352
30  -0.24999331
31  -0.16681173
32  -0.16958925
33  -0.19822960
34  -0.03491325
35  -0.13450885
36  -0.14541669
37  -0.11583911
38   0.08033328
39  -0.16429574
40  -0.13671046
41  -0.01078666
42  -0.11282114
43   0.10484321
44  -0.11825966
45  -0.06196690
[1] "Stability Time"
[1] 5
[1] "Absolute Range"
[1] -0.3959609  1.2444485
[1] "Relative Range"
[1] -0.4593714  1.1810380
[1] "Proportion Significant"
[1] 0
[1] "Proportion Significantly Wrong"
[1] 0
[1] "proportion wrong before stability time"
[1] 0
[1] "Number of phases"
[1] 1
  Breaks      AICs    AICtot Nfits Nbreaks      AICc
1   2017 100000000 100000000     1       0 100000004
[1] "Ulster"
[1] "Multiple Breakups"
   start_year N_data N_years        slope   slope_se    p_value
1        2008      3       3 -1.587644787 0.85851246 0.31557917
2        2009      3       3  0.251643986 0.20340141 0.43275862
3        2010      3       3 -0.020589053 0.36057523 0.96368807
4        2011      3       3  0.180726136 0.47680461 0.76934984
5        2012      3       3  0.215041225 0.45699278 0.72000371
6        2013      3       3 -0.304260456 0.15717382 0.30355351
7        2014      3       3 -0.400342706 0.21264693 0.31083948
8        2015      3       3 -0.036602762 0.42265229 0.94500433
9        2016      3       3 -0.052616470 0.43189780 0.92282334
10       2008      4       4 -0.781468962 0.60336436 0.32460885
11       2009      4       4  0.017843846 0.16277365 0.92271619
12       2010      4       4  0.225106984 0.21476750 0.40456079
13       2011      4       4  0.036145227 0.22898997 0.88907459
14       2012      4       4  0.061767160 0.22270936 0.80755382
15       2013      4       4 -0.416356414 0.09554697 0.04883707
16       2014      4       4 -0.108435681 0.19351222 0.63163168
17       2015      4       4 -0.192622033 0.20938241 0.45471399
18       2008      5       5 -0.592964739 0.36495771 0.20268285
19       2009      5       5  0.168830238 0.12818236 0.27936983
20       2010      5       5  0.113926096 0.13962601 0.47429659
21       2011      5       5 -0.006405483 0.13447053 0.96500102
22       2012      5       5 -0.134972684 0.17156731 0.48887690
23       2013      5       5 -0.216413828 0.12794043 0.18931571
24       2014      5       5 -0.188504223 0.12091037 0.21688034
25       2008      6       6 -0.310600578 0.28923987 0.34335320
26       2009      6       6  0.105494388 0.09153622 0.31330935
27       2010      6       6  0.061309626 0.09632244 0.55904888
28       2011      6       6 -0.127456045 0.11240098 0.32017030
29       2012      6       6 -0.072551903 0.11795733 0.57177724
30       2013      6       6 -0.242754744 0.08512615 0.04631586
31       2008      7       7 -0.238244761 0.20874620 0.30543623
32       2009      7       7  0.068139963 0.06822432 0.36376104
33       2010      7       7 -0.046407073 0.09223142 0.63622894
34       2011      7       7 -0.082519619 0.08360672 0.36896747
35       2012      7       7 -0.128273071 0.08939751 0.21079531
36       2008      8       8 -0.190911726 0.15797191 0.27231124
37       2009      8       8 -0.017157545 0.07078903 0.81656134
38       2010      8       8 -0.029467402 0.06943745 0.68608872
39       2011      8       8 -0.123643257 0.06668656 0.11314602
40       2008      9       9 -0.207339394 0.12273154 0.13499741
41       2009      9       9 -0.009455713 0.05501295 0.86839418
42       2010      9       9 -0.072976756 0.05936293 0.25866236
43       2008     10      10 -0.166459377 0.10071059 0.13696257
44       2009     10      10 -0.048692765 0.04938713 0.35303872
45       2008     11      11 -0.172989643 0.08231624 0.06495732
    intercept intercept_se intercept_p_value     r_square
1  3190.22447   1724.75167        0.31552525 0.7737505676
2  -506.01543    408.83687        0.43262883 0.6048387097
3    41.14629    725.11685        0.96391412 0.0032498796
4  -363.55748    959.33095        0.76938671 0.1256206221
5  -432.88617    919.92655        0.71999910 0.1812835102
6   612.90506    316.54810        0.30350080 0.7893586006
7   806.35600    428.48360        0.31094891 0.7799500832
8    73.42154    852.06708        0.94527845 0.0074441687
9   105.46649    871.13794        0.92329933 0.0146245715
10 1570.88596   1212.46086        0.32448635 0.4561532111
11  -36.15508    327.25648        0.92211659 0.0059727867
12 -452.86655    432.00490        0.40450666 0.3545478513
13  -72.70889    460.84239        0.88912488 0.0123044468
14 -124.39657    448.42537        0.80751155 0.0370355318
15  838.62896    192.47940        0.04885017 0.9047109208
16  218.26065    390.02395        0.63205645 0.1356952178
17  387.90438    422.21970        0.45522527 0.2973368339
18 1192.18098    733.56518        0.20259170 0.4680671763
19 -339.63773    257.77479        0.27923244 0.3663905841
20 -229.28178    280.92761        0.47418721 0.1816144680
21   12.90314    270.68924        0.96497689 0.0007557879
22  271.64074    345.53665        0.48916105 0.1710195339
23  435.94459    257.80003        0.18941239 0.4881629821
24  379.59876    243.75536        0.21727265 0.4475757544
25  624.81726    581.51698        0.34311052 0.2237767028
26 -212.31156    184.12517        0.31309158 0.2492814368
27 -123.45252    193.84898        0.55884569 0.0919693075
28  256.49722    226.31945        0.32039426 0.2432585968
29  145.96690    237.62512        0.57225317 0.0864054734
30  489.00397    171.57182        0.04638916 0.6702995967
31  479.40619    419.78881        0.30516928 0.2066760469
32 -137.20426    137.26739        0.36341958 0.1663232864
33   93.23757    185.66195        0.63686348 0.0481935774
34  166.05517    168.38402        0.36933616 0.1630627992
35  258.17076    180.13608        0.21124454 0.2916671400
36  384.26678    317.76070        0.27203312 0.1957657758
37   34.32902    142.46302        0.81760302 0.0096960668
38   59.15496    139.81239        0.68696620 0.0291407810
39  248.83706    134.34017        0.11342941 0.3642498612
40  417.29187    246.93606        0.13489845 0.2896273074
41   18.83807    110.74116        0.86973644 0.0042027311
42  146.71028    119.55703        0.25944430 0.1775598556
43  335.09579    202.68027        0.13686499 0.2545594625
44   97.76994     99.44109        0.35430795 0.1083448335
45  348.22815    165.70280        0.06495759 0.3291795822
    adj_r_square
1   0.5475011353
2   0.2096774194
3  -0.9935002407
4  -0.7487587558
5  -0.6374329795
6   0.5787172012
7   0.5599001664
8  -0.9851116625
9  -0.9707508570
10  0.1842298166
11 -0.4910408199
12  0.0318217770
13 -0.4815433298
14 -0.4444467024
15  0.8570663812
16 -0.2964571732
17 -0.0539947492
18  0.2907562351
19  0.1551874455
20 -0.0911807093
21 -0.3323256161
22 -0.1053072882
23  0.3175506428
24  0.2634343392
25  0.0297208785
26  0.0616017960
27 -0.1350383657
28  0.0540732461
29 -0.1419931583
30  0.5878744959
31  0.0480112562
32 -0.0004120564
33 -0.1421677071
34 -0.0043246409
35  0.1500005680
36  0.0617267384
37 -0.1553545888
38 -0.1326690888
39  0.2582915047
40  0.1881454942
41 -0.1380540216
42  0.0600684063
43  0.1613793953
44 -0.0031120623
45  0.2546439802
[1] "Stability Time"
[1] 7
[1] "Absolute Range"
[1] -1.587645  0.251644
[1] "Relative Range"
[1] -1.4146551  0.4246336
[1] "Proportion Significant"
[1] 0.04444444
[1] "Proportion Significantly Wrong"
[1] 0.04444444
[1] "proportion wrong before stability time"
[1] 0.06666667
[1] "Number of phases"
[1] 1
  Breaks      AICs    AICtot Nfits Nbreaks      AICc
1   2017 100000000 100000000     1       0 100000004
[1] "Westchester"
[1] "Multiple Breakups"
   start_year N_data N_years        slope   slope_se    p_value
1        2008      3       3 -0.397689561 0.81194799 0.71005037
2        2009      3       3 -0.238613737 0.90379046 0.83567276
3        2010      3       3 -0.135476664 0.84424424 0.89870462
4        2011      3       3  0.175682641 1.02389215 0.89182020
5        2012      3       3  0.729825898 0.70395739 0.48851527
6        2013      3       3 -0.566379858 0.04440735 0.04981264
7        2014      3       3 -0.442265754 0.11606466 0.16338506
8        2015      3       3  1.065458407 0.75442029 0.39223563
9        2016      3       3  1.194816769 0.67973520 0.32928545
10       2008      4       4 -0.020977032 0.42326826 0.96497753
11       2009      4       4 -0.489813692 0.42941966 0.37219878
12       2010      4       4  0.343673704 0.46805772 0.53920857
13       2011      4       4  0.153481949 0.45807785 0.76946120
14       2012      4       4  0.195960439 0.44058519 0.69998557
15       2013      4       4 -0.476528239 0.05554734 0.01331699
16       2014      4       4  0.422162765 0.50176996 0.48871653
17       2015      4       4  0.881734570 0.35366860 0.13019511
18       2008      5       5 -0.260989237 0.28092815 0.42140332
19       2009      5       5 -0.052267771 0.35395276 0.89197052
20       2010      5       5  0.272876222 0.27330710 0.39165462
21       2011      5       5 -0.010313707 0.28087028 0.97301463
22       2012      5       5  0.001748086 0.27798906 0.99537746
23       2013      5       5  0.111178269 0.34082471 0.76570116
24       2014      5       5  0.514112088 0.29452095 0.17922173
25       2008      6       6 -0.013834852 0.23277648 0.95545723
26       2009      6       6  0.010288735 0.23451432 0.96710880
27       2010      6       6  0.121766675 0.19905845 0.57378756
28       2011      6       6 -0.090101346 0.18955530 0.65934451
29       2012      6       6  0.284888070 0.24462595 0.30890743
30       2013      6       6  0.265709069 0.24029860 0.33086484
31       2008      7       7  0.023474297 0.16600131 0.89306672
32       2009      7       7 -0.037396554 0.16809653 0.83274955
33       2010      7       7  0.028905850 0.15062042 0.85536176
34       2011      7       7  0.145216000 0.19084992 0.48104543
35       2012      7       7  0.357358720 0.17796515 0.10090016
36       2008      8       8 -0.016544385 0.12586883 0.89972277
37       2009      8       8 -0.074252033 0.12708580 0.58032834
38       2010      8       8  0.185484409 0.14413847 0.24556172
39       2011      8       8  0.232620299 0.15093670 0.17420787
40       2008      9       9 -0.050199202 0.09941492 0.62910182
41       2009      9       9  0.071642391 0.12955903 0.59749124
42       2010      9       9  0.247354167 0.11722412 0.07277810
43       2008     10      10  0.064795720 0.10342791 0.54845405
44       2009     10      10  0.142961650 0.11125281 0.23473990
45       2008     11      11  0.125369548 0.09140360 0.20340743
      intercept intercept_se intercept_p_value      r_square
1    798.666451   1631.20365        0.71014227 0.19348396053
2    479.498873   1816.61898        0.83571037 0.06516162538
3    271.637173   1697.77531        0.89899944 0.02510445823
4   -353.720484   2060.07118        0.89174606 0.02859880643
5  -1469.432575   1417.06635        0.48845185 0.51803625827
6   1140.668111     89.43641        0.04981356 0.99389012321
7    890.686571    233.87031        0.16346912 0.93556701031
8  -2147.947197   1520.91143        0.39223802 0.66606070187
9  -2409.212340   1371.02602        0.32936873 0.75548617097
10    41.976550    850.55770        0.96512424 0.00122657372
11   984.327050    863.34836        0.37237014 0.39413437268
12  -691.774500    941.49824        0.53895937 0.21232874304
13  -309.060092    921.88182        0.76933568 0.05314813947
14  -394.939361    887.11842        0.69972755 0.09000865605
15   959.736900    111.90013        0.01332323 0.97354336816
16  -850.848751   1011.31750        0.48872560 0.26141078838
17 -1777.621183    713.17284        0.13024238 0.75656055206
18   524.161071    564.66572        0.42173901 0.22341903188
19   104.859748    711.79919        0.89222578 0.00721623638
20  -549.400763    549.89402        0.39137329 0.24940880173
21    20.496769    565.39200        0.97335851 0.00044926401
22    -3.989895    559.87010        0.99476136 0.00001318084
23  -223.904006    686.76196        0.76582122 0.03425461227
24 -1036.126636    593.75438        0.17932036 0.50389243855
25    27.545526    467.99728        0.95588810 0.00088232279
26   -20.899680    471.72572        0.96678503 0.00048096812
27  -245.469094    400.60528        0.57316862 0.08554560792
28   181.056094    381.66974        0.65996649 0.05346474275
29  -574.045063    492.79916        0.30880634 0.25321048367
30  -535.180550    484.32199        0.33114817 0.23410865161
31   -47.433428    333.82880        0.89255756 0.00398344409
32    74.979540    338.21039        0.83332141 0.00980161992
33   -58.664069    303.19905        0.85419464 0.00731217345
34  -292.559284    384.37192        0.48091162 0.10377484868
35  -719.976795    358.59995        0.10093658 0.44642318358
36    33.004124    253.18532        0.90054571 0.00287120950
37   149.095909    255.76033        0.58115824 0.05383190004
38  -373.700129    290.22300        0.24530669 0.21629885900
39  -468.504138    304.06218        0.17429387 0.28360168974
40   100.661525    200.02298        0.63023450 0.03514429457
41  -144.346409    260.80253        0.59716743 0.04185413614
42  -498.202704    236.08958        0.07276398 0.38878004357
43  -130.554933    208.14889        0.54799466 0.04676563252
44  -287.816986    224.00775        0.23479421 0.17109324015
45  -252.368901    183.99568        0.20340794 0.17289276020
    adj_r_square
1  -0.6130320789
2  -0.8696767492
3  -0.9497910835
4  -0.9428023871
5   0.0360725165
6   0.9877802464
7   0.8711340206
8   0.3321214037
9   0.5109723419
10 -0.4981601394
11  0.0912015590
12 -0.1815068854
13 -0.4202777908
14 -0.3649870159
15  0.9603150522
16 -0.1078838174
17  0.6348408281
18 -0.0354412908
19 -0.3237116848
20 -0.0007882644
21 -0.3327343147
22 -0.3333157589
23 -0.2876605170
24  0.3385232514
25 -0.2488970965
26 -0.2493987898
27 -0.1430679901
28 -0.1831690716
29  0.0665131046
30  0.0426358145
31 -0.1952198671
32 -0.1882380561
33 -0.1912253919
34 -0.0754701816
35  0.3357078203
36 -0.1633169222
37 -0.1038627833
38  0.0856820022
39  0.1642019714
40 -0.1026922348
41 -0.0950238444
42  0.3014629069
43 -0.0723886634
44  0.0674798952
45  0.0809919558
[1] "Stability Time"
[1] 6
[1] "Absolute Range"
[1] -0.5663799  1.1948168
[1] "Relative Range"
[1] -0.6917494  1.0694472
[1] "Proportion Significant"
[1] 0.04444444
[1] "Proportion Significantly Wrong"
[1] 0.04444444
[1] "proportion wrong before stability time"
[1] 0.08333333
[1] "Number of phases"
[1] 1
  Breaks      AICs    AICtot Nfits Nbreaks      AICc
1   2017 100000000 100000000     1       0 100000004
