[1] "Albany"
[1] "Multiple Breakups"
   start_year N_data N_years        slope   slope_se   p_value
1        2008      3       3 -0.245832613 1.35208453 0.8855021
2        2009      3       3 -0.129385586 1.28485381 0.9361074
3        2010      3       3 -0.524011622 1.05701636 0.7070030
4        2011      3       3  0.478726667 0.47808514 0.4995732
5        2012      3       3  0.485195947 0.48182018 0.4977776
6        2013      3       3 -0.491665226 1.04581124 0.7202274
7        2014      3       3 -0.232894054 1.19521284 0.8774862
8        2015      3       3  0.252301892 0.91508483 0.8287301
9        2016      3       3 -0.342871802 0.57146114 0.6559623
10       2008      4       4 -0.644340217 0.64696416 0.4242140
11       2009      4       4  0.078925207 0.58705564 0.9053615
12       2010      4       4 -0.288529856 0.49187458 0.6168673
13       2011      4       4  0.648221785 0.23513672 0.1102450
14       2012      4       4 -0.267828163 0.48522700 0.6364138
15       2013      4       4  0.025877117 0.55500233 0.9670489
16       2014      4       4 -0.355810361 0.53920579 0.5771607
17       2015      4       4  0.212192361 0.40989305 0.6562532
18       2008      5       5 -0.333814811 0.41432220 0.4793654
19       2009      5       5  0.034934108 0.33988701 0.9246216
20       2010      5       5  0.080219063 0.35492552 0.8357116
21       2011      5       5  0.091863766 0.34872316 0.8092775
22       2012      5       5  0.002587712 0.32071274 0.9940688
23       2013      5       5 -0.142324144 0.33482296 0.6994301
24       2014      5       5 -0.179845964 0.32746825 0.6211046
25       2008      6       6 -0.247311305 0.27579719 0.4205620
26       2009      6       6  0.205907918 0.24342134 0.4452481
27       2010      6       6 -0.154893030 0.26909841 0.5957175
28       2011      6       6  0.182248839 0.23418113 0.4798943
29       2012      6       6 -0.110901931 0.21994255 0.6406062
30       2013      6       6 -0.077631351 0.22235256 0.7445915
31       2008      7       7 -0.048519595 0.22628469 0.8386912
32       2009      7       7 -0.001848366 0.20979641 0.9933112
33       2010      7       7 -0.025415026 0.20443865 0.9059082
34       2011      7       7  0.052216326 0.18181461 0.7854844
35       2012      7       7 -0.070237889 0.15728494 0.6738665
36       2008      8       8 -0.153568368 0.17923589 0.4244512
37       2009      8       8  0.064846823 0.16104430 0.7011493
38       2010      8       8 -0.080403900 0.15565172 0.6239410
39       2011      8       8  0.047595412 0.13554287 0.7374798
40       2008      9       9 -0.069868216 0.14700524 0.6490620
41       2009      9       9  0.002803354 0.12978556 0.9833699
42       2010      9       9 -0.057576586 0.12128549 0.6494402
43       2008     10      10 -0.096137411 0.11824629 0.4397262
44       2009     10      10  0.006351656 0.10355333 0.9525955
45       2008     11      11 -0.076690365 0.09719835 0.4503908
      intercept intercept_se intercept_p_value      r_square
1    494.480343    2716.3380         0.8853654 0.03199976362
2    259.718823    2582.5564         0.9361919 0.01003881676
3   1053.790509    2125.6601         0.7070023 0.19727979794
4   -963.660706     961.9074         0.4994203 0.50067048641
5   -976.403030     969.9041         0.4978743 0.50349087003
6    990.065952    2106.2640         0.7202640 0.18101286980
7    469.418355    2408.3541         0.8774513 0.03657985850
8   -509.103266    1844.8112         0.8285818 0.07064779835
9    691.493618    1152.6372         0.6559943 0.26470033924
10  1294.949284    1300.0747         0.4241701 0.33152955645
11  -158.916434    1180.2755         0.9052213 0.00895644534
12   580.315172     989.4059         0.6169027 0.14679064276
13 -1304.628384     473.2127         0.1102334 0.79166390689
14   539.183494     977.0047         0.6364656 0.13219491878
15   -52.091813    1118.0524         0.9670727 0.00108577633
16   717.053740    1086.7694         0.5772005 0.17879307288
17  -428.255821     826.5495         0.6559912 0.11816184870
18   671.103743     832.7878         0.4792844 0.17788728781
19   -70.494325     683.5129         0.9243633 0.00350899149
20  -161.238906     714.1103         0.8358728 0.01674274365
21  -185.236050     701.9799         0.8089631 0.02260862545
22    -5.163661     645.9156         0.9941234 0.00002170045
23   286.665528     674.6684         0.6995442 0.05680751174
24   362.485481     660.1761         0.6211819 0.09135570140
25   497.289365     554.4905         0.4205022 0.16737728429
26  -414.208674     489.6422         0.4452230 0.15173932217
27   311.649884     541.5607         0.5957997 0.07649300147
28  -367.120946     471.5239         0.4797123 0.13150258759
29   223.328819     443.0744         0.6407269 0.05976360175
30   156.352679     448.1517         0.7447675 0.02957283680
31    97.784291     455.0587         0.8383482 0.00911126905
32     3.519960     422.1106         0.9936690 0.00001552397
33    51.183299     411.5352         0.9058664 0.00308137687
34  -105.408840     366.1748         0.7850006 0.01622853395
35   141.444995     316.9293         0.6740464 0.03835427236
36   308.932325     360.5332         0.4244096 0.10901197333
37  -130.604065     324.1019         0.7009347 0.02631208204
38   161.820914     313.4049         0.6240930 0.04257924424
39   -96.106941     273.0513         0.7368900 0.02013682691
40   140.667120     295.7748         0.6488507 0.03126096866
41    -5.813967     261.2585         0.9828667 0.00006664634
42   115.884749     244.2692         0.6496473 0.03118995117
43   193.485714     237.9709         0.4397058 0.07632048066
44   -12.951968     208.5048         0.9519926 0.00047005824
45   154.377706     195.6605         0.4503913 0.06469553360
   adj_r_square
1  -0.936000473
2  -0.979922366
3  -0.605440404
4   0.001340973
5   0.006981740
6  -0.637974260
7  -0.926840283
8  -0.858704403
9  -0.470599322
10 -0.002705665
11 -0.486565332
12 -0.279814036
13  0.687495860
14 -0.301707622
15 -0.498371336
16 -0.231810391
17 -0.322757227
18 -0.096150283
19 -0.328654678
20 -0.311009675
21 -0.303188499
22 -0.333304399
23 -0.257589984
24 -0.211525731
25 -0.040778395
26 -0.060325847
27 -0.154383748
28 -0.085621766
29 -0.175295498
30 -0.213033954
31 -0.189066477
32 -0.199981371
33 -0.196302348
34 -0.180525759
35 -0.153974873
36 -0.039486031
37 -0.135969238
38 -0.116990882
39 -0.143173702
40 -0.107130322
41 -0.142780976
42 -0.107211484
43 -0.039139459
44 -0.124471184
45 -0.039227185
[1] "Stability Time"
[1] 5
[1] "Absolute Range"
[1] -0.6443402  0.6482218
[1] "Relative Range"
[1] -0.5676499  0.7249122
[1] "Proportion Significant"
[1] 0
[1] "Proportion Significantly Wrong"
[1] 0
[1] "proportion wrong before stability time"
[1] 0
[1] "Number of phases"
[1] 1
  Breaks      AICs    AICtot Nfits Nbreaks      AICc
1   2017 100000000 100000000     1       0 100000004
[1] "Cattaraugus"
[1] "Multiple Breakups"
   start_year N_data N_years       slope   slope_se    p_value
1        2009      3       3  0.55941238 1.46581819 0.76790255
2        2010      3       3 -0.47334894 0.86955317 0.68264386
3        2011      3       3  0.21515861 0.47204315 0.72773741
4        2012      3       3 -0.05020368 0.31883616 0.90057472
5        2013      3       3  0.07171954 0.24844376 0.82108762
6        2014      3       3 -0.10040735 0.14906626 0.62263072
7        2015      3       3  0.65981973 0.28985106 0.26350355
8        2016      3       3  0.71719536 0.25672522 0.21883547
9        2009      4       4  0.44752991 0.65870871 0.56696728
10       2010      4       4 -0.36146646 0.39420439 0.45596585
11       2011      4       4  0.21946178 0.21111873 0.40773701
12       2012      4       4 -0.08749783 0.14420443 0.60571240
13       2013      4       4  0.05450685 0.11155097 0.67343152
14       2014      4       4  0.30409083 0.24286569 0.33711147
15       2015      4       4  0.59383776 0.13510712 0.04806203
16       2009      5       5  0.21515861 0.40327558 0.63066678
17       2010      5       5 -0.16638932 0.25393713 0.55907540
18       2011      5       5  0.10471052 0.13873112 0.50523137
19       2012      5       5 -0.04590050 0.08665113 0.63300685
20       2013      5       5  0.27253424 0.14139727 0.14954189
21       2014      5       5  0.37867915 0.14668238 0.08166449
22       2009      6       6  0.18974940 0.26441311 0.51266640
23       2010      6       6 -0.13811134 0.16704064 0.45481174
24       2011      6       6  0.07950623 0.09197922 0.43612806
25       2012      6       6  0.13852116 0.12064415 0.31489084
26       2013      6       6  0.33482778 0.09930762 0.02800164
27       2009      7       7  0.12192321 0.19102516 0.55138873
28       2010      7       7 -0.09630909 0.12055606 0.46061003
29       2011      7       7  0.18647079 0.08968776 0.09216600
30       2012      7       7  0.21874459 0.09707096 0.07395629
31       2009      8       8  0.09665061 0.14312743 0.52465530
32       2010      8       8  0.02595564 0.11426811 0.82785127
33       2011      8       8  0.23821132 0.07322015 0.01739298
34       2009      9       9  0.15587046 0.11601842 0.22102968
35       2010      9       9  0.09945109 0.09815726 0.34470650
36       2009     10      10  0.19238222 0.09492101 0.07724436
     intercept intercept_se intercept_p_value    r_square
1  -1124.99408    2946.2948        0.76779409 0.127131394
2    952.04672    1748.6716        0.68260400 0.228589421
3   -433.27350     949.7509        0.72752968 0.172018349
4    100.99641     641.8172        0.90063628 0.024193548
5   -144.65974     500.3658        0.82083329 0.076923077
6    202.20463     300.3685        0.62280017 0.312101911
7  -1329.99242     584.3398        0.26353956 0.838241120
8  -1445.84816     517.8148        0.21893815 0.886420045
9   -900.14760    1324.3341        0.56681535 0.187517337
10   727.08836     792.9423        0.45596667 0.295973154
11  -441.93005     424.8765        0.40750799 0.350775455
12   176.05712     290.3557        0.60593887 0.155462712
13  -109.99912     224.7195        0.67291341 0.106646972
14  -612.72438     489.4959        0.33721504 0.439421197
15 -1196.99476     272.4435        0.04809779 0.906185894
16  -433.08129     810.9874        0.63036648 0.086661120
17   334.78823     510.9216        0.55906127 0.125195385
18  -211.05051     279.2658        0.50473299 0.159589123
19    92.32169     174.5154        0.63343651 0.085532910
20  -549.10629     284.9156        0.14956781 0.553239747
21  -763.01984     295.7117        0.08175977 0.689595124
22  -382.00031     531.8672        0.51233389 0.114061354
23   277.91177     336.1694        0.45486798 0.145959632
24  -160.33107     185.2002        0.43548124 0.157393777
25  -278.98059     243.0377        0.31499741 0.247882312
26  -674.58624     200.1546        0.02803526 0.739716114
27  -245.62445     384.3428        0.55089720 0.075336490
28   193.81959     242.6795        0.46072068 0.113192078
29  -375.61509     180.6312        0.09212534 0.463674795
30  -440.52383     195.5981        0.07407334 0.503871706
31  -194.80126     288.0441        0.52405550 0.070631760
32   -52.17706     230.0790        0.82812464 0.008525965
33  -479.76876     147.5021        0.01740898 0.638212778
34  -313.91211     233.5453        0.22083930 0.204995853
35  -200.07440     197.6889        0.34520306 0.127892792
36  -387.36161     191.1237        0.07724461 0.339266764
   adj_r_square
1  -0.745737212
2  -0.542821159
3  -0.655963303
4  -0.951612903
5  -0.846153846
6  -0.375796178
7   0.676482240
8   0.772840090
9  -0.218723994
10 -0.056040268
11  0.026163183
12 -0.266805933
13 -0.340029542
14  0.159131795
15  0.859278841
16 -0.217785173
17 -0.166406153
18 -0.120547836
19 -0.219289453
20  0.404319663
21  0.586126832
22 -0.107423307
23 -0.067550460
24 -0.053257779
25  0.059852890
26  0.674645143
27 -0.109596212
28 -0.064169506
29  0.356409754
30  0.404646047
31 -0.084262946
32 -0.156719708
33  0.577914908
34  0.091423832
35  0.003306048
36  0.256675109
[1] "Stability Time"
[1] 7
[1] "Absolute Range"
[1] -0.4733489  0.7171954
[1] "Relative Range"
[1] -0.6657312  0.5248131
[1] "Proportion Significant"
[1] 0.08333333
[1] "Proportion Significantly Wrong"
[1] 0.08333333
[1] "proportion wrong before stability time"
[1] 0.07692308
[1] "Number of phases"
[1] 1
  Breaks      AICs    AICtot Nfits Nbreaks      AICc
1   2017 100000000 100000000     1       0 100000005
[1] "Chemung"
[1] "Multiple Breakups"
   start_year N_data N_years       slope   slope_se     p_value
1        2009      3       3  0.49046153 0.40628466 0.440415594
2        2010      3       3  0.32839598 0.31271607 0.484433063
3        2011      3       3  0.36251505 0.29301742 0.432758617
4        2012      3       3  0.09809231 0.14035288 0.611670992
5        2013      3       3 -0.26868762 0.35211337 0.585042058
6        2014      3       3  0.25589297 0.65498012 0.762888905
7        2015      3       3  1.12166420 0.15512687 0.087489927
8        2016      3       3  0.14074114 0.41120933 0.790065526
9        2009      4       4  0.53396334 0.18342368 0.100522720
10       2010      4       4  0.24053940 0.14876557 0.247290446
11       2011      4       4  0.30536562 0.13513152 0.152315397
12       2012      4       4 -0.17059532 0.16734435 0.415244673
13       2013      4       4  0.16803639 0.29727549 0.628853111
14       2014      4       4  0.54846394 0.33813072 0.246255178
15       2015      4       4  0.58684789 0.31647385 0.204855383
16       2009      5       5  0.40686983 0.12883712 0.050949000
17       2010      5       5  0.24309833 0.08590255 0.066193412
18       2011      5       5  0.05714943 0.16316842 0.749300990
19       2012      5       5  0.08785659 0.17776531 0.655069758
20       2013      5       5  0.39236923 0.21501778 0.165522164
21       2014      5       5  0.38298648 0.21734394 0.176258636
22       2009      6       6  0.36117465 0.08837350 0.015013078
23       2010      6       6  0.08359170 0.10790423 0.481771101
24       2011      6       6  0.17668801 0.12717474 0.237071453
25       2012      6       6  0.27100284 0.15723843 0.159890933
26       2013      6       6  0.31876953 0.14703615 0.096028384
27       2009      7       7  0.21202561 0.10639588 0.102881421
28       2010      7       7  0.16663507 0.09011323 0.123679954
29       2011      7       7  0.29183984 0.11183331 0.047693016
30       2012      7       7  0.24614467 0.11210682 0.079530835
31       2009      8       8  0.24807402 0.08198840 0.023225433
32       2010      8       8  0.25843159 0.08555815 0.023380929
33       2011      8       8  0.26787526 0.08449612 0.019312232
34       2009      9       9  0.30522345 0.07156776 0.003724393
35       2010      9       9  0.24594158 0.06666422 0.007764191
36       2009     10      10  0.28649674 0.05810607 0.001148598
    intercept intercept_se intercept_p_value   r_square
1   -986.8785     816.6322       0.440082448 0.59304933
2   -660.8382     628.8721       0.484224284 0.52444274
3   -729.6436     589.5511       0.432646321 0.60483871
4   -197.3677     282.5304       0.611810495 0.32816377
5    541.0015     709.1564       0.585118876 0.36799975
6   -515.4754    1319.7851       0.762951274 0.13242435
7  -2260.6711     312.7358       0.087513013 0.98123191
8   -282.7137     829.4093       0.790863702 0.10485942
9  -1074.3027     368.7734       0.100399765 0.80905938
10  -484.1879     299.2420       0.247059428 0.56657167
11  -614.6780     271.9522       0.152265115 0.71856919
12   343.4109     336.9479       0.415337433 0.34193879
13  -338.4150     598.8616       0.628942271 0.13775001
14 -1104.9083     681.5026       0.246408634 0.56813126
15 -1182.6597     638.1696       0.205033208 0.63225496
16  -818.8447     259.0915       0.050853634 0.76875177
17  -489.3339     172.8360       0.066123984 0.72748361
18  -115.2670     328.4581       0.748835963 0.03928484
19  -176.8528     358.0194       0.655228591 0.07529026
20  -790.2214     433.2609       0.165675753 0.52606456
21  -771.4713     438.1655       0.176513940 0.50860538
22  -726.9822     177.7633       0.014979954 0.80678985
23  -168.5129     217.1573       0.481078588 0.13046043
24  -355.8184     256.0664       0.237009057 0.32549160
25  -545.5872     316.7569       0.160096741 0.42615349
26  -641.9671     296.3515       0.096214727 0.54023417
27  -427.0932     214.0686       0.102576469 0.44266394
28  -335.5685     181.3980       0.123564368 0.40613666
29  -587.5807     225.2324       0.047740369 0.57662981
30  -495.5311     225.8953       0.079730967 0.49087519
31  -499.5865     165.0018       0.023164431 0.60409072
32  -520.2631     172.2715       0.023396533 0.60327026
33  -539.3400     170.2175       0.019354660 0.62618204
34  -614.5331     144.0660       0.003720641 0.72209727
35  -495.1290     134.2619       0.007779295 0.66036945
36  -576.8612     116.9967       0.001148605 0.75240350
   adj_r_square
1    0.18609865
2    0.04888548
3    0.20967742
4   -0.34367246
5   -0.26400049
6   -0.73515131
7    0.96246383
8   -0.79028117
9    0.71358907
10   0.34985751
11   0.57785378
12   0.01290819
13  -0.29337498
14   0.35219688
15   0.44838244
16   0.69166903
17   0.63664481
18  -0.28095355
19  -0.23294632
20   0.36808608
21   0.34480717
22   0.75848731
23  -0.08692446
24   0.15686451
25   0.28269186
26   0.42529272
27   0.33119672
28   0.28736399
29   0.49195577
30   0.38905023
31   0.53810584
32   0.53714863
33   0.56387904
34   0.68239688
35   0.61185080
36   0.72145394
[1] "Stability Time"
[1] 7
[1] "Absolute Range"
[1] -0.2686876  1.1216642
[1] "Relative Range"
[1] -0.5551844  0.8351675
[1] "Proportion Significant"
[1] 0.2222222
[1] "Proportion Significantly Wrong"
[1] 0.7777778
[1] "proportion wrong before stability time"
[1] 0.9615385
[1] "Number of phases"
[1] 1
  Breaks      AICs    AICtot Nfits Nbreaks      AICc
1   2017 100000000 100000000     1       0 100000005
[1] "Columbia"
[1] "Multiple Breakups"
   start_year N_data N_years        slope   slope_se     p_value
1        2008      3       3 -1.502227680 1.08124841 0.397166176
2        2009      3       3  0.535794539 0.09540427 0.112181601
3        2010      3       3  1.101633632 0.23128308 0.131742125
4        2011      3       3 -0.120178214 0.93669648 0.918765437
5        2012      3       3 -0.355527218 0.80081767 0.734010225
6        2013      3       3  0.350519792 0.39318124 0.536478891
7        2014      3       3 -0.215319301 0.06649389 0.190683181
8        2015      3       3 -0.425631176 0.18791750 0.264684548
9        2016      3       3 -0.410608899 0.19659062 0.284267631
10       2008      4       4 -0.653969783 0.68823454 0.442294729
11       2009      4       4  0.842248986 0.18200322 0.043660349
12       2010      4       4  0.288427715 0.48076293 0.609467740
13       2011      4       4  0.063093563 0.43206046 0.897287690
14       2012      4       4 -0.209310390 0.36795141 0.626818438
15       2013      4       4  0.147218313 0.21141301 0.558251707
16       2014      4       4 -0.364540584 0.09114065 0.057197283
17       2015      4       4 -0.351521277 0.09430460 0.065029977
18       2008      5       5 -0.053078711 0.52748992 0.926195922
19       2009      5       5  0.386573256 0.28329345 0.265728545
20       2010      5       5  0.274406923 0.27768662 0.395914836
21       2011      5       5  0.021031188 0.25062953 0.938411110
22       2012      5       5 -0.158234649 0.21447375 0.514117052
23       2013      5       5 -0.073108414 0.17629457 0.706235763
24       2014      5       5 -0.335497515 0.05522716 0.008954436
25       2008      6       6 -0.122753462 0.34765833 0.741845329
26       2009      6       6  0.348516822 0.18675610 0.135431377
27       2010      6       6  0.183987123 0.18913574 0.385747607
28       2011      6       6 -0.008298020 0.16494701 0.962289493
29       2012      6       6 -0.228338607 0.14612338 0.193171412
30       2013      6       6 -0.135629699 0.12092508 0.324811216
31       2008      7       7 -0.023964108 0.25236138 0.928035224
32       2009      7       7  0.262174497 0.14115212 0.122380655
33       2010      7       7  0.121251234 0.13855719 0.421560168
34       2011      7       7 -0.098360146 0.12770077 0.475955923
35       2012      7       7 -0.236422023 0.10343018 0.071020031
36       2008      8       8 -0.008345709 0.18831509 0.966089205
37       2009      8       8  0.196004945 0.11192995 0.130484796
38       2010      8       8  0.022414191 0.11799094 0.855600186
39       2011      8       8 -0.133531349 0.09732447 0.219142554
40       2008      9       9 -0.007177310 0.14586980 0.962131579
41       2009      9       9  0.101984568 0.10229173 0.351974032
42       2010      9       9 -0.029877639 0.09625277 0.765288778
43       2008     10      10 -0.047160845 0.11863152 0.701365392
44       2009     10      10  0.044733002 0.08804110 0.625098893
45       2008     11      11 -0.070012914 0.09775666 0.492034384
     intercept intercept_se intercept_p_value     r_square
1   3017.92018    2172.2282       0.397171726 0.6587358128
2  -1077.77006     191.7626       0.112097703 0.9692685405
3  -2215.35033     465.1103       0.131744152 0.9577836412
4    241.98703    1884.6335       0.918702814 0.0161943320
5    716.12847    1612.0461       0.733861086 0.1646452990
6   -705.84186     791.8671       0.536525956 0.4428244367
7    434.17369     133.9852       0.190556980 0.9129361422
8    857.98383     378.8417       0.264708861 0.8368725869
9    827.80241     396.5233       0.284386180 0.8135183094
10  1314.05281    1383.0075       0.442323872 0.3110351694
11 -1693.64135     365.9175       0.043645904 0.9145855289
12  -580.26430     967.0548       0.609415336 0.1525154457
13  -126.69470     869.5218       0.897512699 0.0105498186
14   421.84274     740.8703       0.626516525 0.1392644785
15  -296.46044     425.8916       0.558384665 0.1951415542
16   734.80484     183.6940       0.057186850 0.8888769623
17   708.60298     190.1652       0.065069792 0.8741689431
18   106.86265    1060.2550       0.926075810 0.0033637818
19  -777.73313     569.7033       0.265564461 0.3829758796
20  -552.06849     558.7056       0.395943575 0.2455711108
21   -42.06520     504.5174       0.938803544 0.0023416592
22   319.02727     431.9502       0.513699462 0.1535754712
23   147.27758     355.2336       0.706302232 0.0542160094
24   676.28305     111.3380       0.008957426 0.9248195273
25   246.86245     698.9673       0.741779221 0.0302254662
26  -701.22701     375.6600       0.135354156 0.4654231879
27  -370.20413     380.6358       0.385828828 0.1913142931
28    16.95494     332.1209       0.961732890 0.0006323031
29   460.16991     294.3657       0.193030873 0.3790605295
30   273.21629     243.7246       0.325037242 0.2392528805
31    48.32878     507.4990       0.927831482 0.0018002143
32  -527.62138     283.9982       0.122310871 0.4082767980
33  -244.00044     278.9158       0.421699386 0.1328173396
34   198.21998     257.1895       0.475697543 0.1060682989
35   476.44721     208.4119       0.070995925 0.5109995883
36    16.93580     378.7960       0.965789685 0.0003272374
37  -394.55441     225.2592       0.130409343 0.3382223310
38   -45.14031     237.5749       0.855570835 0.0059785150
39   269.01962     196.0603       0.219111701 0.2388148812
40    14.58692     293.4903       0.961748647 0.0003457359
41  -205.44809     205.9134       0.351637810 0.1243436216
42    60.08829     193.8532       0.765609687 0.0135778456
43    94.98048     238.7462       0.701160163 0.0193721212
44   -90.27702     177.2709       0.624316191 0.0312609404
45   140.93600     196.7844       0.492034904 0.0539198899
    adj_r_square
1   0.3174716256
2   0.9385370809
3   0.9155672823
4  -0.9676113360
5  -0.6707094021
6  -0.1143511266
7   0.8258722844
8   0.6737451737
9   0.6270366188
10 -0.0334472459
11  0.8718782934
12 -0.2712268314
13 -0.4841752721
14 -0.2911032823
15 -0.2072876688
16  0.8333154434
17  0.8112534147
18 -0.3288482909
19  0.1773011728
20 -0.0059051856
21 -0.3302111210
22 -0.1285660384
23 -0.2610453207
24  0.8997593697
25 -0.2122181672
26  0.3317789848
27 -0.0108571336
28 -0.2492096211
29  0.2238256618
30  0.0490661006
31 -0.1978397428
32  0.2899321576
33 -0.0406191925
34 -0.0727180414
35  0.4131995060
36 -0.1662848897
37  0.2279260528
38 -0.1596917325
39  0.1119506947
40 -0.1424620162
41 -0.0007501467
42 -0.1273396051
43 -0.1032063636
44 -0.0898314420
45 -0.0512001224
[1] "Stability Time"
[1] 8
[1] "Absolute Range"
[1] -1.502228  1.101634
[1] "Relative Range"
[1] -1.432215  1.171647
[1] "Proportion Significant"
[1] 0.04444444
[1] "Proportion Significantly Wrong"
[1] 0.04444444
[1] "proportion wrong before stability time"
[1] 0.05714286
[1] "Number of phases"
[1] 1
  Breaks      AICs    AICtot Nfits Nbreaks      AICc
1   2017 100000000 100000000     1       0 100000004
[1] "Dutchess"
[1] "Multiple Breakups"
   start_year N_data N_years       slope   slope_se     p_value
1        2008      3       3 -0.97096531 1.12117417 0.545628948
2        2009      3       3  0.38838613 0.33635225 0.454371052
3        2010      3       3  0.58257919 0.44846967 0.417656550
4        2011      3       3  0.77677225 0.33635225 0.260146938
5        2012      3       3 -0.48548266 0.39241096 0.432758617
6        2013      3       3  0.42722474 0.91936282 0.723065211
7        2014      3       3  0.46120852 0.89974227 0.698447676
8        2015      3       3 -0.33012821 0.44286380 0.592196621
9        2016      3       3  0.21846720 0.12613209 0.333333333
10       2008      4       4 -0.54374058 0.55879033 0.433156569
11       2009      4       4  0.62141780 0.20181135 0.091261065
12       2010      4       4  0.54374058 0.20181135 0.114562255
13       2011      4       4  0.13593514 0.39939617 0.766015805
14       2012      4       4  0.19807692 0.43191261 0.691531631
15       2013      4       4  0.12913839 0.44571750 0.799297577
16       2014      4       4  0.29808635 0.41325155 0.545638697
17       2015      4       4 -0.15438348 0.22253330 0.559580443
18       2008      5       5 -0.07767723 0.42010383 0.865101162
19       2009      5       5  0.58257919 0.11865392 0.016177864
20       2010      5       5  0.19419306 0.23303168 0.465798188
21       2011      5       5  0.38450226 0.27160198 0.251826997
22       2012      5       5  0.07573529 0.25917560 0.789164878
23       2013      5       5  0.13108032 0.25733756 0.645595245
24       2014      5       5  0.20584465 0.24446225 0.461599053
25       2008      6       6  0.09432234 0.29240155 0.763171779
26       2009      6       6  0.32180565 0.16941477 0.130311959
27       2010      6       6  0.35509589 0.17861396 0.117710967
28       2011      6       6  0.24385100 0.19547113 0.280261691
29       2012      6       6  0.09238041 0.16994220 0.615595621
30       2013      6       6  0.11290940 0.16879332 0.540171606
31       2008      7       7  0.02080640 0.21107076 0.925305290
32       2009      7       7  0.41057962 0.13029820 0.025348221
33       2010      7       7  0.25695903 0.13842599 0.122553479
34       2011      7       7  0.21430592 0.13926755 0.184469151
35       2012      7       7  0.08842720 0.12018895 0.494935344
36       2008      8       8  0.15674154 0.17581221 0.406974652
37       2009      8       8  0.32192124 0.10978212 0.026206376
38       2010      8       8  0.23106663 0.10425397 0.068538417
39       2011      8       8  0.18413664 0.10525515 0.130793435
40       2008      9       9  0.13658245 0.13668001 0.350938915
41       2009      9       9  0.28821487 0.08723517 0.013050821
42       2010      9       9  0.20357906 0.08229939 0.042605180
43       2008     10      10  0.14270248 0.10909016 0.227167231
44       2009     10      10  0.25533445 0.07213242 0.007622064
45       2008     11      11  0.13955420 0.08909029 0.151688688
     intercept intercept_se intercept_p_value    r_square
1   1950.08997    2252.4391       0.545722554 0.428571429
2   -781.94750     676.0681       0.453850413 0.571428571
3  -1172.14609     901.8726       0.417504455 0.627906977
4  -1562.99199     676.7408       0.260128210 0.842105263
5    977.27982     789.9233       0.432757612 0.604838710
6   -860.07784    1851.5969       0.723164992 0.177592955
7   -929.06331    1812.9808       0.698523302 0.208083556
8    666.26345     892.8135       0.591864475 0.357194356
9   -440.14343     254.4085       0.333649488 0.750000000
10  1091.93788    1122.8893       0.433406270 0.321311475
11 -1250.26349     405.7418       0.091146780 0.825806452
12 -1094.05459     405.9436       0.114506274 0.784000000
13  -273.84135     803.7849       0.765796057 0.054748603
14  -398.49776     869.6562       0.691762739 0.095152735
15  -259.83129     897.8980       0.799533069 0.040281462
16  -600.42650     832.9086       0.545858770 0.206444194
17   312.02067     448.7385       0.558775547 0.193969387
18   155.61661     844.4089       0.865539187 0.011267606
19 -1172.19787     238.6131       0.016154083 0.889328063
20  -391.11454     468.8598       0.465386880 0.187969925
21  -773.95839     546.7349       0.251848673 0.400498529
22  -152.22406     521.9798       0.789573489 0.027675680
23  -263.74234     518.5353       0.646057195 0.079601838
24  -414.55947     492.8360       0.462012421 0.191159958
25  -189.98786     587.8735       0.762749822 0.025354584
26  -647.95613     340.7779       0.130028292 0.474248120
27  -714.74375     359.4607       0.117668662 0.497006957
28  -490.92117     393.5813       0.280322867 0.280092078
29  -185.73623     342.3487       0.616263456 0.068792903
30  -227.14004     340.2031       0.540897346 0.100609288
31   -42.24531     424.4635       0.924587585 0.001939655
32  -826.45100     262.1601       0.025308613 0.665087751
33  -517.32512     278.6517       0.122515990 0.407991137
34  -431.45676     280.4850       0.184600794 0.321383131
35  -177.77577     242.1809       0.495868963 0.097685591
36  -315.47495     353.6465       0.406709848 0.116974725
37  -648.15899     220.9367       0.026161379 0.589006284
38  -465.22959     209.9155       0.068548918 0.450164210
39  -370.72600     212.0366       0.130979111 0.337785585
40  -274.94846     275.0004       0.350701907 0.124843902
41  -580.36425     175.6045       0.013031701 0.609280111
42  -409.91545     165.7511       0.042640259 0.466418444
43  -287.25379     219.5442       0.227071883 0.176205930
44  -514.21982     145.2388       0.007614146 0.610330082
45  -280.92260     179.3390       0.151689137 0.214229111
    adj_r_square
1  -0.1428571429
2   0.1428571429
3   0.2558139535
4   0.6842105263
5   0.2096774194
6  -0.6448140900
7  -0.5838328876
8  -0.2856112885
9   0.5000000000
10 -0.0180327869
11  0.7387096774
12  0.6760000000
13 -0.4178770950
14 -0.3572708981
15 -0.4395778064
16 -0.1903337094
17 -0.2090459201
18 -0.3183098592
19  0.8524374177
20 -0.0827067669
21  0.2006647052
22 -0.2964324272
23 -0.2271975494
24 -0.0784533896
25 -0.2183067700
26  0.3428101504
27  0.3712586960
28  0.1001150977
29 -0.1640088714
30 -0.1242383905
31 -0.1976724138
32  0.5981053015
33  0.2895893644
34  0.1856597575
35 -0.0827772904
36 -0.0301961539
37  0.5205073316
38  0.3585249112
39  0.2274165160
40 -0.0001783978
41  0.5534629839
42  0.3901925076
43  0.0732316715
44  0.5616213420
45  0.1269212346
[1] "Stability Time"
[1] 6
[1] "Absolute Range"
[1] -0.9709653  0.7767723
[1] "Relative Range"
[1] -1.1105195  0.6372181
[1] "Proportion Significant"
[1] 0.1333333
[1] "Proportion Significantly Wrong"
[1] 0.1333333
[1] "proportion wrong before stability time"
[1] 0.04166667
[1] "Number of phases"
[1] 1
  Breaks      AICs    AICtot Nfits Nbreaks      AICc
1   2017 100000000 100000000     1       0 100000004
[1] "Onondaga"
[1] "Multiple Breakups"
   start_year N_data N_years        slope   slope_se    p_value
1        2010      3       3 -1.686454310 0.08298365 0.03130026
2        2011      3       3  0.527016972 1.19496459 0.73556680
3        2012      3       3  1.288796049 0.75515123 0.33741720
4        2013      3       3 -0.522225909 0.29044278 0.32312441
5        2014      3       3 -0.114985521 0.52556313 0.86287754
6        2015      3       3  0.661166747 0.07745141 0.07423755
7        2016      3       3  0.263508486 0.15213670 0.33333333
8        2010      4       4 -0.387117921 0.75108961 0.65758285
9        2011      4       4  0.570136542 0.53498396 0.39817728
10       2012      4       4  0.463774935 0.58389836 0.51031105
11       2013      4       4 -0.177269345 0.23777387 0.53365872
12       2014      4       4  0.168645431 0.28645912 0.61568021
13       2015      4       4  0.449401745 0.12707432 0.07148735
14       2010      5       5 -0.053659910 0.47445753 0.91709693
15       2011      5       5  0.259675635 0.35711521 0.51974168
16       2012      5       5  0.365079030 0.34189578 0.36390321
17       2013      5       5  0.032579231 0.18309637 0.87011077
18       2014      5       5  0.191642535 0.16591935 0.33172385
19       2010      6       6 -0.097190143 0.31162047 0.77070767
20       2011      6       6  0.247492646 0.23389257 0.34965697
21       2012      6       6  0.360014191 0.22384243 0.18304286
22       2013      6       6  0.087881791 0.12404437 0.51775695
23       2010      7       7 -0.017110941 0.22514711 0.94236715
24       2011      7       7  0.273090613 0.16604604 0.16095824
25       2012      7       7  0.319632371 0.15998837 0.10222010
26       2010      8       8  0.061599386 0.17385883 0.73522831
27       2011      8       8  0.260998881 0.12396015 0.07986737
28       2010      9       9  0.094224246 0.13598136 0.51068727
29       2008     10      10  0.009602867 0.11028961 0.93275615
     intercept intercept_se intercept_p_value     r_square
1   3390.81666     166.8801        0.03130619 0.9975846189
2  -1061.25983    2404.2690        0.73536697 0.1628357647
3  -2594.90317    1520.1196        0.33735764 0.7444240978
4   1051.72369     584.9518        0.32313454 0.7637567498
5    231.57349    1059.0098        0.86294774 0.0456804483
6  -1332.93548     156.1421        0.07423626 0.9864631535
7   -531.07915     306.8597        0.33355000 0.7500000000
8    778.28429    1510.8170        0.65773951 0.1172495043
9  -1148.00203    1076.6554        0.39797593 0.3621905868
10  -934.41067    1175.6795        0.51007203 0.2397952708
11   357.09616     478.9955        0.53367200 0.2174741859
12  -339.84833     577.3584        0.61573475 0.1477016975
13  -906.08782     256.2454        0.07150585 0.8621357321
14   107.70023     954.6088        0.91729816 0.0042455717
15  -523.35468     718.8731        0.51927807 0.1498392270
16  -735.73582     688.5783        0.36364184 0.2753997405
17   -65.53887     368.9393        0.87032207 0.0104433925
18  -386.18750     334.4935        0.33189652 0.3078154339
19   195.25404     627.1364        0.77109196 0.0237409211
20  -498.83845     470.9429        0.34921741 0.2187003126
21  -725.53861     450.9307        0.18290442 0.3927202159
22  -176.93666     250.0115        0.51817932 0.1114923023
23    34.16138     453.2213        0.94283953 0.0011538348
24  -550.35862     334.4169        0.16073885 0.3510650966
25  -644.22308     322.3767        0.10215389 0.4439127355
26  -124.20380     350.0650        0.73487577 0.0204934623
27  -526.01797     249.7179        0.07976337 0.4249104229
28  -189.85589     273.8667        0.51049731 0.0641884582
29   -19.33441     222.0574        0.93275622 0.0009467413
   adj_r_square
1    0.99516924
2   -0.67432847
3    0.48884820
4    0.52751350
5   -0.90863910
6    0.97292631
7    0.50000000
8   -0.32412574
9    0.04328588
10  -0.14030709
11  -0.17378872
12  -0.27844745
13   0.79320360
14  -0.32767257
15  -0.13354770
16   0.03386632
17  -0.31940881
18   0.07708725
19  -0.22032385
20   0.02337539
21   0.24090027
22  -0.11063462
23  -0.19861540
24   0.22127812
25   0.33269528
26  -0.14275763
27   0.32906216
28  -0.06949890
29  -0.12393492
[1] "Stability Time"
[1] 7
[1] "Absolute Range"
[1] -1.686454  1.288796
[1] "Relative Range"
[1] -1.696057  1.279193
[1] "Proportion Significant"
[1] 0.03448276
[1] "Proportion Significantly Wrong"
[1] 0.03448276
[1] "proportion wrong before stability time"
[1] 0.04545455
[1] "Number of phases"
[1] 1
  Breaks      AICs    AICtot Nfits Nbreaks      AICc
1   2017 100000000 100000000     1       0 100000005
[1] "Orange"
[1] "Multiple Breakups"
   start_year N_data N_years         slope   slope_se    p_value
1        2008      3       3 -2.189979e-01 0.12643847 0.33333333
2        2009      3       3  6.022441e-01 0.34770580 0.33333333
3        2010      3       3  1.368737e+00 0.09482885 0.04403594
4        2011      3       3  3.832463e-01 0.66380198 0.66666667
5        2012      3       3 -8.759914e-01 0.06321924 0.04586456
6        2013      3       3  5.474946e-02 0.60058275 0.94212534
7        2014      3       3  9.143161e-01 0.10431174 0.07231748
8        2015      3       3 -5.474946e-02 0.45517850 0.92379265
9        2016      3       3 -5.858193e-01 0.14856521 0.15811491
10       2008      4       4  2.299478e-01 0.26529491 0.47744377
11       2009      4       4  9.416908e-01 0.25017570 0.06388926
12       2010      4       4  7.445927e-01 0.36283656 0.17658888
13       2011      4       4 -1.423486e-01 0.42451141 0.76928731
14       2012      4       4 -2.956471e-01 0.33625265 0.47200730
15       2013      4       4  3.624415e-01 0.32202181 0.37728136
16       2014      4       4  3.690114e-01 0.31826915 0.36599341
17       2015      4       4 -2.157129e-01 0.22377199 0.43676341
18       2008      5       5  5.803443e-01 0.25374472 0.10623732
19       2009      5       5  6.679435e-01 0.21410704 0.05248497
20       2010      5       5  2.737473e-01 0.34319371 0.48337525
21       2011      5       5 -4.985384e-15 0.25850407 1.00000000
22       2012      5       5  2.627974e-02 0.26876430 0.92827378
23       2013      5       5  1.828632e-01 0.21287429 0.45349148
24       2014      5       5  1.204488e-01 0.23315131 0.64109618
25       2008      6       6  4.880524e-01 0.17445181 0.04892942
26       2009      6       6  3.535251e-01 0.22934573 0.19806291
27       2010      6       6  2.565403e-01 0.22489255 0.31764510
28       2011      6       6  1.454771e-01 0.18892735 0.48424429
29       2012      6       6 -5.944228e-03 0.17692841 0.97480833
30       2013      6       6  5.850371e-02 0.15676737 0.72794362
31       2008      7       7  2.972114e-01 0.16539895 0.13227830
32       2009      7       7  3.206754e-01 0.16327717 0.10674096
33       2010      7       7  3.015131e-01 0.16112887 0.12021961
34       2011      7       7  9.150982e-02 0.13717724 0.53425924
35       2012      7       7 -5.201199e-02 0.12790326 0.70108602
36       2008      8       8  2.841758e-01 0.12351061 0.06103175
37       2009      8       8  3.414020e-01 0.12228652 0.03150180
38       2010      8       8  2.248639e-01 0.12799214 0.12945690
39       2011      8       8  3.402288e-02 0.10749792 0.76234640
40       2008      9       9  3.080570e-01 0.09665933 0.01533970
41       2009      9       9  2.721048e-01 0.10282556 0.03312025
42       2010      9       9  1.522035e-01 0.10765238 0.20030465
43       2008     10      10  2.574220e-01 0.08246330 0.01419312
44       2009     10      10  2.040662e-01 0.09094735 0.05509917
45       2008     11      11  2.031703e-01 0.07426000 0.02300018
       intercept intercept_se intercept_p_value     r_square
1    438.6722891     254.0149        0.33414617 7.500000e-01
2  -1211.5495795     698.8887        0.33309692 7.500000e-01
3  -2752.6557647     190.7008        0.04403393 9.952229e-01
4   -770.5608903    1335.5697        0.66685640 2.500000e-01
5   1763.8283353     127.2603        0.04585271 9.948187e-01
6   -110.0268472    1209.5738        0.94224988 8.241758e-03
7  -1841.8272433     210.1882        0.07233771 9.871514e-01
8    111.2230400     917.6399        0.92321272 1.426127e-02
9   1182.2995949     299.6560        0.15802484 9.395722e-01
10  -463.1097957     533.1102        0.47659804 2.730650e-01
11 -1893.7242610     502.9783        0.06386146 8.763033e-01
12 -1497.7104322     729.8459        0.17659562 6.780059e-01
13   286.7607741     854.3293        0.76907066 5.322835e-02
14   595.7886533     677.0448        0.47168558 2.787763e-01
15  -729.6159555     648.7130        0.37755428 3.877785e-01
16  -743.2201025     641.4716        0.36625988 4.019644e-01
17   435.6716535     451.2363        0.43615691 3.172355e-01
18 -1167.0565144     510.0270        0.10612937 6.355204e-01
19 -1343.4921397     430.5694        0.05246057 7.643796e-01
20  -550.8403381     690.5059        0.48333135 1.749720e-01
21     0.3553738     520.3688        0.99949798 1.207675e-28
22   -52.2501020     541.2914        0.92918785 3.176844e-03
23  -367.9453710     428.9418        0.45407036 1.974135e-01
24  -242.3665235     470.0332        0.64170088 8.169493e-02
25  -981.6112129     350.7355        0.04887517 6.617839e-01
26  -711.4064399     461.3291        0.19791580 3.726543e-01
27  -516.2313764     452.5964        0.31769121 2.454612e-01
28  -292.3931431     380.4053        0.48497765 1.290953e-01
29    12.6274924     356.4224        0.97343561 2.821066e-04
30  -117.4438875     315.9647        0.72896895 3.364588e-02
31  -598.0844334     332.6174        0.13207771 3.923913e-01
32  -645.3566856     328.5138        0.10667555 4.354922e-01
33  -606.7016081     324.3526        0.12033614 4.118750e-01
34  -183.7748977     276.2751        0.53537919 8.172830e-02
35   105.3926131     257.7252        0.69951475 3.201420e-02
36  -571.8829038     248.4418        0.06094328 4.687340e-01
37  -687.0378442     246.1018        0.03150756 5.650365e-01
38  -452.4833156     257.7123        0.12965188 3.396831e-01
39   -68.0536914     216.5547        0.76396638 1.642102e-02
40  -619.8920664     194.4787        0.01533083 5.920083e-01
41  -547.6581167     206.9880        0.03314102 5.000992e-01
42  -306.2664489     216.8121        0.20065818 2.221315e-01
43  -518.0820411     165.9576        0.01419057 5.491621e-01
44  -410.7870263     183.1227        0.05514645 3.862473e-01
45  -408.9817871     149.4856        0.02300031 4.540598e-01
   adj_r_square
1    0.50000000
2    0.50000000
3    0.99044586
4   -0.50000000
5    0.98963731
6   -0.98351648
7    0.97430270
8   -0.97147747
9    0.87914433
10  -0.09040248
11   0.81445498
12   0.51700880
13  -0.42015748
14  -0.08183556
15   0.08166776
16   0.10294654
17  -0.02414681
18   0.51402715
19   0.68583950
20  -0.10003733
21  -0.33333333
22  -0.32909754
23  -0.07011533
24  -0.22440676
25   0.57722988
26   0.21581789
27   0.05682648
28  -0.08863083
29  -0.24964737
30  -0.20794266
31   0.27086957
32   0.32259067
33   0.29424995
34  -0.10192604
35  -0.16158296
36   0.38018963
37   0.49254262
38   0.22963029
39  -0.14750881
40   0.53372381
41   0.42868481
42   0.11100746
43   0.49280731
44   0.30952822
45   0.39339980
[1] "Stability Time"
[1] 8
[1] "Absolute Range"
[1] -0.8759914  1.3687366
[1] "Relative Range"
[1] -1.079162  1.165566
[1] "Proportion Significant"
[1] 0.1777778
[1] "Proportion Significantly Wrong"
[1] 0.8444444
[1] "proportion wrong before stability time"
[1] 0.9428571
[1] "Number of phases"
[1] 1
  Breaks      AICs    AICtot Nfits Nbreaks      AICc
1   2017 100000000 100000000     1       0 100000004
[1] "Oswego"
[1] "Multiple Breakups"
   start_year N_data N_years       slope   slope_se    p_value
1        2008      3       3  0.61500016 0.07200731 0.07420080
2        2009      3       3 -0.49027985 0.71014102 0.61532093
3        2010      3       3 -1.23000033 0.28306320 0.14399979
4        2011      3       3  0.87304219 0.93112896 0.52048942
5        2012      3       3  1.43213325 0.60833759 0.25571867
6        2013      3       3 -0.52468545 0.52143222 0.49802023
7        2014      3       3 -0.57199316 0.49411910 0.45358062
8        2015      3       3  0.53328686 0.14401461 0.16791439
9        2016      3       3  0.86014009 0.04469419 0.03305001
10       2008      4       4 -0.07311191 0.39858469 0.87137369
11       2009      4       4 -0.68811207 0.33749951 0.17831730
12       2010      4       4 -0.06623079 0.68372373 0.93166427
13       2011      4       4  0.88594429 0.41648015 0.16723992
14       2012      4       4  0.46877635 0.61916645 0.52802353
15       2013      4       4 -0.37244066 0.24920769 0.27365248
16       2014      4       4 -0.07999303 0.35988718 0.84473561
17       2015      4       4  0.67951067 0.10618463 0.02355963
18       2008      5       5 -0.34405604 0.27825676 0.30426174
19       2009      5       5 -0.09289513 0.39504815 0.82923027
20       2010      5       5  0.25546161 0.43625838 0.59929853
21       2011      5       5  0.42576934 0.35833722 0.32025416
22       2012      5       5  0.23911895 0.38127401 0.57504136
23       2013      5       5 -0.11095807 0.20854865 0.63157394
24       2014      5       5  0.22191614 0.27121205 0.47316486
25       2008      6       6 -0.01720280 0.26228598 0.95085307
26       2009      6       6  0.14450354 0.29269473 0.64739764
27       2010      6       6  0.10690313 0.29819934 0.73809256
28       2011      6       6  0.27401606 0.25041428 0.33531738
29       2012      6       6  0.25116091 0.24969924 0.37139517
30       2013      6       6  0.11353849 0.18825310 0.57895901
31       2008      7       7  0.14192311 0.20697179 0.52338804
32       2009      7       7  0.06082419 0.21253042 0.78621096
33       2010      7       7  0.07280471 0.21177580 0.74499529
34       2011      7       7  0.27432325 0.17706972 0.18201024
35       2012      7       7  0.32900358 0.18219408 0.13077978
36       2008      8       8  0.07741261 0.15870007 0.64300826
37       2009      8       8  0.04454297 0.15868947 0.78837373
38       2010      8       8  0.11775727 0.15996776 0.48941875
39       2011      8       8  0.32972037 0.13580008 0.05130292
40       2008      9       9  0.06106995 0.12329013 0.63553254
41       2009      9       9  0.08615737 0.12524640 0.51365564
42       2010      9       9  0.19338816 0.13137917 0.18450272
43       2008     10      10  0.09211318 0.09997122 0.38378780
44       2009     10      10  0.15378262 0.10726981 0.18958837
45       2008     11      11  0.14747493 0.08766111 0.12679851
     intercept intercept_se intercept_p_value    r_square
1  -1235.60466    144.66269        0.07419668 0.986476491
2    985.22974   1427.38357        0.61539126 0.322791098
3   2472.72448    569.24015        0.14404517 0.949702768
4  -1757.35847   1873.43162        0.52034524 0.467837519
5  -2882.97363   1224.58367        0.25571158 0.847144836
6   1057.10592   1050.16457        0.49790298 0.503109789
7   1152.70045    995.65007        0.45354397 0.572657228
8  -1075.09249    290.33348        0.16791646 0.932029419
9  -1734.22071     90.14819        0.03306298 0.997307270
10   146.58312    800.95605        0.87166239 0.016544728
11  1382.80656    678.54286        0.17844141 0.675162461
12   132.77185   1375.31049        0.93189473 0.004669772
13 -1783.31320    838.16643        0.16718982 0.693489345
14  -944.05731   1246.69185        0.52795514 0.222761789
15   750.53564    502.02896        0.27353642 0.527580725
16   161.48419    725.35272        0.84449295 0.024107031
17 -1369.83096    214.12135        0.02357299 0.953435791
18   690.90987    559.29622        0.30463277 0.337581230
19   186.42051    794.44203        0.82957969 0.018098087
20  -514.15155    877.75209        0.59918881 0.102574807
21  -857.44121    721.33301        0.32008112 0.320001306
22  -481.75696    767.88605        0.57491320 0.115911859
23   223.90971    420.22563        0.63109329 0.086222798
24  -446.86279    546.76363        0.47363257 0.182453101
25    34.15277    527.32616        0.95146795 0.001074290
26  -290.82994    588.75565        0.64722078 0.057435230
27  -215.35093    600.12639        0.73785204 0.031129573
28  -552.06301    504.20933        0.33506127 0.230382218
29  -506.00144    503.01930        0.37136326 0.201874267
30  -228.30120    379.42425        0.57981129 0.083357026
31  -285.63728    416.22047        0.52306807 0.085956881
32  -122.57868    427.61141        0.78587221 0.016116991
33  -146.75629    426.30490        0.74466270 0.023091400
34  -552.68128    356.61860        0.18188290 0.324337130
35  -662.75065    367.12125        0.13086781 0.394736462
36  -155.97116    319.22541        0.64247349 0.038144145
37   -89.83714    319.36276        0.78792873 0.012961196
38  -237.20084    322.09529        0.48924947 0.082833763
39  -664.19568    273.56944        0.05130966 0.495590808
40  -123.11696    248.05994        0.63487250 0.033864033
41  -173.53756    252.12122        0.51341438 0.063320902
42  -389.39540    264.59787        0.18459049 0.236369717
43  -185.53456    201.19228        0.38340560 0.095940232
44  -309.57703    215.98799        0.18967105 0.204393777
45  -296.86703    176.46204        0.12679892 0.239237399
   adj_r_square
1   0.972952981
2  -0.354417804
3   0.899405536
4  -0.064324963
5   0.694289672
6   0.006219578
7   0.145314456
8   0.864058838
9   0.994614541
10 -0.475182908
11  0.512743691
12 -0.492995341
13  0.540234018
14 -0.165857317
15  0.291371087
16 -0.463839454
17  0.930153686
18  0.116774974
19 -0.309202550
20 -0.196566924
21  0.093335075
22 -0.178784188
23 -0.218369603
24 -0.090062532
25 -0.248657138
26 -0.178205963
27 -0.211088034
28  0.037977772
29  0.002342834
30 -0.145803718
31 -0.096851743
32 -0.180659611
33 -0.172290320
34  0.189204557
35  0.273683754
36 -0.122165164
37 -0.151545271
38 -0.070027277
39  0.411522609
40 -0.104155390
41 -0.070490398
42  0.127279677
43 -0.017067238
44  0.104942999
45  0.154708221
[1] "Stability Time"
[1] 6
[1] "Absolute Range"
[1] -1.230000  1.432133
[1] "Relative Range"
[1] -1.377475  1.284658
[1] "Proportion Significant"
[1] 0.04444444
[1] "Proportion Significantly Wrong"
[1] 0.04444444
[1] "proportion wrong before stability time"
[1] 0.08333333
[1] "Number of phases"
[1] 1
  Breaks      AICs    AICtot Nfits Nbreaks      AICc
1   2017 100000000 100000000     1       0 100000004
[1] "Rockland"
[1] "Multiple Breakups"
   start_year N_data N_years        slope   slope_se    p_value
1        2008      3       3 -0.088274567 0.35675741 0.84557904
2        2009      3       3  0.794471102 0.15289603 0.12103772
3        2010      3       3  0.450200291 0.35166088 0.42215712
4        2011      3       3 -0.176549134 0.01019307 0.03671450
5        2012      3       3 -0.273651157 0.04586881 0.10572598
6        2013      3       3 -0.088274567 0.15289603 0.66666667
7        2014      3       3  1.456530353 0.73899750 0.29890887
8        2015      3       3 -0.255996244 1.72772519 0.90635369
9        2016      3       3 -1.633079487 0.93266581 0.33034512
10       2008      4       4  0.317788441 0.28357990 0.37894100
11       2009      4       4  0.534943875 0.16470246 0.08314326
12       2010      4       4  0.195969538 0.21512206 0.45847215
13       2011      4       4 -0.231279365 0.03192563 0.01852694
14       2012      4       4 -0.146535781 0.07620299 0.19440253
15       2013      4       4  0.785643645 0.50916905 0.26279932
16       2014      4       4  0.173018151 0.81139262 0.85090465
17       2015      4       4 -0.483744626 0.78377079 0.60000639
18       2008      5       5  0.303664510 0.16392788 0.16103586
19       2009      5       5  0.337208845 0.14857775 0.10796706
20       2010      5       5  0.035309827 0.15501510 0.83445650
21       2011      5       5 -0.160659712 0.04474513 0.03700866
22       2012      5       5  0.455496765 0.35035700 0.28443947
23       2013      5       5  0.153597746 0.46859191 0.76461684
24       2014      5       5 -0.121818902 0.49842648 0.82267817
25       2008      6       6  0.228505022 0.11575709 0.11961967
26       2009      6       6  0.182097821 0.13221450 0.24046989
27       2010      6       6  0.009584096 0.10256237 0.93004232
28       2011      6       6  0.273398944 0.25231005 0.33949814
29       2012      6       6  0.098363089 0.30841851 0.76574145
30       2013      6       6 -0.051451462 0.32881618 0.88323866
31       2008      7       7  0.139347709 0.09669295 0.20910881
32       2009      7       7  0.126106524 0.09892090 0.25839885
33       2010      7       7  0.292567136 0.17875305 0.16261752
34       2011      7       7  0.051073142 0.21978725 0.82545844
35       2012      7       7 -0.041615153 0.23257749 0.86501697
36       2008      8       8  0.105298948 0.07470356 0.20833718
37       2009      8       8  0.320310571 0.13419404 0.05425354
38       2010      8       8  0.115387470 0.16797525 0.51778107
39       2011      8       8 -0.047289947 0.17338399 0.79419186
40       2008      9       9  0.264823701 0.10877081 0.04510871
41       2009      9       9  0.173018151 0.13430007 0.23858899
42       2010      9       9  0.023834133 0.14044008 0.87003842
43       2008     10      10  0.154400242 0.10767229 0.18948409
44       2009     10      10  0.087632570 0.11793223 0.47868637
45       2008     11      11  0.086348576 0.09629412 0.39322371
     intercept intercept_se intercept_p_value    r_square
1    176.63687    716.72570        0.84617072 0.057692308
2  -1597.29940    307.32106        0.12100722 0.964285714
3   -905.28859    707.19009        0.42217905 0.621060172
4    355.51646     20.50846        0.03668363 0.996677741
5    550.92398     92.33392        0.10571389 0.972672065
6    177.72559    307.93264        0.66675878 0.250000000
7  -2934.11473   1489.08009        0.29897839 0.795277507
8    516.77055   3483.09428        0.90623170 0.021482579
9   3294.42690   1881.18710        0.33030307 0.754053935
10  -639.00835    569.85390        0.37869472 0.385714286
11 -1075.73618    331.13434        0.08311183 0.840626288
12  -394.11529    432.71809        0.45854741 0.293252410
13   465.61544     64.25034        0.01851413 0.963289363
14   295.08310    153.43475        0.19437066 0.648987282
15 -1582.05438   1025.72121        0.26293227 0.543464837
16  -348.26548   1635.36208        0.85109389 0.022229423
17   975.83537   1580.47403        0.59988096 0.159994885
18  -610.63338    329.49511        0.16090604 0.533544943
19  -678.28877    298.78993        0.10791321 0.631946369
20   -71.02861    311.89046        0.83449017 0.017001020
21   323.52869     90.07198        0.03697361 0.811226489
22  -916.80842    705.61917        0.28467923 0.360374212
23  -309.11394    944.21293        0.76489666 0.034576169
24   245.83119   1004.82803        0.82250642 0.019522857
25  -459.61291    232.72971        0.11950003 0.493458910
26  -366.46391    265.94956        0.24028401 0.321680963
27   -19.28559    206.40684        0.93005105 0.002178307
28  -549.94201    508.02646        0.33992270 0.226926563
29  -197.77928    621.30931        0.76616462 0.024798077
30   103.92352    662.72924        0.88299006 0.006083855
31  -280.43643    194.44963        0.20882251 0.293473297
32  -253.88407    199.02895        0.25814052 0.245302458
33  -588.55313    359.83007        0.16284181 0.348858613
34  -102.47428    442.65173        0.82610137 0.010684276
35    84.09024    468.64388        0.86464245 0.006362468
36  -211.99842    150.26630        0.20798283 0.248765346
37  -644.42841    270.06568        0.05430755 0.487065147
38  -232.06765    338.21839        0.51824165 0.072911594
39    95.53062    349.28227        0.79363576 0.012246640
40  -532.69635    218.84704        0.04514786 0.458528633
41  -348.17426    270.34627        0.23872469 0.191658352
42   -47.83181    282.84655        0.87049415 0.004097654
43  -310.67158    216.69070        0.18955961 0.204479390
44  -176.40693    237.45679        0.47878630 0.064563961
45  -173.81968    193.84030        0.39322427 0.082016843
   adj_r_square
1   -0.88461538
2    0.92857143
3    0.24212034
4    0.99335548
5    0.94534413
6   -0.50000000
7    0.59055501
8   -0.95703484
9    0.50810787
10   0.07857143
11   0.76093943
12  -0.06012139
13   0.94493404
14   0.47348092
15   0.31519726
16  -0.46665587
17  -0.26000767
18   0.37805992
19   0.50926183
20  -0.31066531
21   0.74830199
22   0.14716562
23  -0.28723177
24  -0.30730286
25   0.36682364
26   0.15210120
27  -0.24727712
28   0.03365820
29  -0.21900240
30  -0.24239518
31   0.15216796
32   0.09436295
33   0.21863034
34  -0.18717887
35  -0.19236504
36   0.12355957
37   0.40157601
38  -0.08160314
39  -0.15237892
40   0.38117558
41   0.07618097
42  -0.13817411
43   0.10503931
44  -0.05236554
45  -0.01998129
[1] "Stability Time"
[1] 6
[1] "Absolute Range"
[1] -1.633079  1.456530
[1] "Relative Range"
[1] -1.719428  1.370182
[1] "Proportion Significant"
[1] 0.08888889
[1] "Proportion Significantly Wrong"
[1] 0.08888889
[1] "proportion wrong before stability time"
[1] 0.125
[1] "Number of phases"
[1] 1
  Breaks      AICs    AICtot Nfits Nbreaks      AICc
1   2017 100000000 100000000     1       0 100000004
[1] "Saratoga"
[1] "Multiple Breakups"
   start_year N_data N_years        slope   slope_se    p_value
1        2008      3       3  0.819745215 1.41440036 0.66560744
2        2009      3       3  0.504096196 1.59664041 0.80530991
3        2010      3       3 -1.177794850 0.62560016 0.31083948
4        2011      3       3  0.956369418 0.60656015 0.35982423
5        2012      3       3  0.202580714 1.04176027 0.87772889
6        2013      3       3 -0.131913023 0.84864022 0.90182916
7        2014      3       3  0.706676910 0.36448009 0.30314618
8        2015      3       3 -0.485251478 0.32368008 0.37449672
9        2016      3       3 -0.584186245 0.26656007 0.27252089
10       2008      4       4  0.140393146 0.74427510 0.86778882
11       2009      4       4  0.048054030 0.76103675 0.95539570
12       2010      4       4 -0.114010541 0.67489811 0.88139164
13       2011      4       4  0.293977594 0.46886816 0.59469580
14       2012      4       4  0.362760814 0.47497942 0.52481989
15       2013      4       4  0.077263342 0.39827498 0.86409752
16       2014      4       4  0.117779485 0.37705332 0.78432081
17       2015      4       4 -0.432486269 0.14792503 0.09978366
18       2008      5       5 -0.042400615 0.44247749 0.92970154
19       2009      5       5  0.348627275 0.47241268 0.51401650
20       2010      5       5 -0.198811771 0.39271648 0.64754226
21       2011      5       5  0.370298701 0.27426402 0.26979540
22       2012      5       5  0.337320445 0.27462256 0.30690691
23       2013      5       5 -0.105530419 0.25300627 0.70465120
24       2014      5       5 -0.048054030 0.23781643 0.85279347
25       2008      6       6  0.198138745 0.32123951 0.57074550
26       2009      6       6  0.155872736 0.32868018 0.66005848
27       2010      6       6 -0.003499733 0.28073574 0.99065058
28       2011      6       6  0.349973327 0.17993102 0.12365915
29       2012      6       6  0.132451444 0.21520280 0.57153577
30       2013      6       6 -0.160180100 0.16860996 0.39590555
31       2008      7       7  0.091194973 0.23539272 0.71439063
32       2009      7       7  0.213685637 0.23479659 0.40451245
33       2010      7       7  0.074705845 0.20358041 0.72866744
34       2011      7       7  0.193158355 0.15615558 0.27102731
35       2012      7       7  0.031968717 0.16285489 0.85210307
36       2008      8       8  0.150533399 0.17876484 0.43202325
37       2009      8       8  0.226248782 0.17515729 0.24398737
38       2010      8       8  0.013909196 0.15574681 0.93174481
39       2011      8       8  0.101514699 0.12785343 0.45744363
40       2008      9       9  0.173214363 0.13908845 0.25307012
41       2009      9       9  0.147302876 0.14312768 0.33764182
42       2010      9       9 -0.023555897 0.12256475 0.85304887
43       2008     10      10  0.118264879 0.11540068 0.33543517
44       2009     10      10  0.092396221 0.11849541 0.45798630
45       2008     11      11  0.077349000 0.09714035 0.44637477
      intercept intercept_se intercept_p_value      r_square
1  -1647.026033    2841.5306        0.66558098 0.25144230237
2  -1013.598541    3209.2475        0.80524405 0.09064542009
3   2368.484911    1258.0820        0.31084624 0.77995008319
4  -1924.392009    1220.3991        0.35979781 0.71313943561
5   -407.868072    2097.0636        0.87770751 0.03643684805
6    266.180779    1709.1615        0.90164444 0.02359171883
7  -1423.508838     734.4274        0.30322729 0.78988017225
8    978.834605     652.5391        0.37432629 0.69207184483
9   1178.506951     537.6517        0.27247943 0.82767530324
10  -282.434177    1495.6210        0.86764420 0.01747979482
11   -97.105802    1530.0646        0.95516847 0.00198954361
12   229.569262    1357.5578        0.88127078 0.01406794237
13  -591.880458     943.5973        0.59455243 0.16427149077
14  -730.257219     956.3712        0.52490139 0.22579613226
15  -155.030695     802.3251        0.86462579 0.01846948305
16  -237.076826     759.9511        0.78458745 0.04651751291
17   872.477532     298.2909        0.09971151 0.81038946053
18    84.798488     889.3800        0.93005214 0.00305150028
19  -701.258026     950.0221        0.51392317 0.15364275870
20   400.104534     790.1458        0.64746712 0.07870517689
21  -745.438524     552.0936        0.26978146 0.37796969371
22  -679.045757     553.0900        0.30709396 0.33462486423
23   213.115939     509.8078        0.70404320 0.05481367545
24    97.077706     479.4380        0.85249388 0.01342714958
25  -398.525265     645.8523        0.57059083 0.08684876307
26  -313.757149     661.1404        0.65984180 0.05323247430
27     7.266923     564.9809        0.99035365 0.00003885059
28  -704.537096     362.2912        0.12371186 0.48607169701
29  -266.576168     433.5262        0.57187714 0.08650910131
30   323.198613     339.8335        0.39543400 0.18409095045
31  -183.603931     473.3750        0.71408136 0.02914343901
32  -429.999623     472.4110        0.40444761 0.14211113586
33  -150.056632     409.8076        0.72922573 0.02622560706
34  -388.920830     314.4975        0.27113601 0.23431170634
35   -64.237451     328.1528        0.85250904 0.00764794213
36  -302.874167     359.5857        0.43191377 0.10569097103
37  -455.264107     352.5043        0.24404430 0.21757442183
38   -27.733775     313.5964        0.93240668 0.00132750942
39  -204.442150     257.5609        0.45756796 0.09508056119
40  -348.470465     279.8462        0.25311599 0.18137336458
41  -296.477575     288.1163        0.33770777 0.13142671064
42    47.658481     246.8456        0.85238656 0.00524909482
43  -237.985370     232.2441        0.33547902 0.11604703580
44  -186.023688     238.5907        0.45802428 0.07063224548
45  -155.703537     195.5438        0.44637531 0.06581154571
   adj_r_square
1  -0.497115395
2  -0.818709160
3   0.559900166
4   0.426278871
5  -0.927126304
6  -0.952816562
7   0.579760345
8   0.384143690
9   0.655350606
10 -0.473780308
11 -0.497015685
12 -0.478898086
13 -0.253592764
14 -0.161305802
15 -0.472295775
16 -0.430223731
17  0.715584191
18 -0.329264666
19 -0.128476322
20 -0.228393097
21  0.170626258
22  0.112833152
23 -0.260248433
24 -0.315430467
25 -0.141439046
26 -0.183459407
27 -0.249951437
28  0.357589621
29 -0.141863623
30 -0.019886312
31 -0.165027873
32 -0.029466637
33 -0.168529272
34  0.081174048
35 -0.190822469
36 -0.043360534
37  0.087170159
38 -0.165117906
39 -0.055739345
40  0.064426702
41  0.007344812
42 -0.136858177
43  0.005552915
44 -0.045538724
45 -0.037987171
[1] "Stability Time"
[1] 5
[1] "Absolute Range"
[1] -1.1777948  0.9563694
[1] "Relative Range"
[1] -1.2551438  0.8790204
[1] "Proportion Significant"
[1] 0
[1] "Proportion Significantly Wrong"
[1] 0
[1] "proportion wrong before stability time"
[1] 0
[1] "Number of phases"
[1] 1
  Breaks      AICs    AICtot Nfits Nbreaks      AICc
1   2017 100000000 100000000     1       0 100000004
[1] "Schuyler"
[1] "Multiple Breakups"
   start_year N_data N_years       slope   slope_se     p_value
1        2009      3       3 -0.48872600 0.55022388 0.537639094
2        2010      3       3  0.48872600 0.01410830 0.018372528
3        2011      3       3  0.98967016 0.27511194 0.172611679
4        2012      3       3  0.34821728 0.64545493 0.685039194
5        2013      3       3  0.10996335 0.50789896 0.864262791
6        2014      3       3  0.62923473 0.20809749 0.203331510
7        2015      3       3 -0.06109075 0.19046211 0.802403876
8        2016      3       3 -0.34210820 0.02821661 0.052388933
9        2009      4       4 -0.09285794 0.33583692 0.808119959
10       2010      4       4  0.78440524 0.17082704 0.044299950
11       2011      4       4  0.50949686 0.30330312 0.235004026
12       2012      4       4  0.42885707 0.29238674 0.280119260
13       2013      4       4  0.24558482 0.24025680 0.414208233
14       2014      4       4  0.28712653 0.21834282 0.319040790
15       2015      4       4 -0.16372321 0.10376080 0.255325682
16       2009      5       5  0.29812286 0.29757488 0.390241467
17       2010      5       5  0.53271134 0.17562431 0.056166593
18       2011      5       5  0.50949686 0.17511214 0.062019463
19       2012      5       5  0.41297347 0.16905847 0.092270755
20       2013      5       5  0.14539599 0.15028987 0.404687277
21       2014      5       5  0.10263246 0.16503701 0.578082323
22       2009      6       6  0.25727933 0.19623051 0.260021548
23       2010      6       6  0.52607863 0.11503685 0.010236498
24       2011      6       6  0.47511149 0.11634407 0.015052961
25       2012      6       6  0.29358469 0.13038453 0.087481932
26       2013      6       6  0.05410895 0.11161513 0.653182272
27       2009      7       7  0.32116280 0.14357427 0.075506902
28       2010      7       7  0.49614417 0.08315906 0.001893368
29       2011      7       7  0.37003540 0.10221693 0.015217947
30       2012      7       7  0.18807224 0.11050349 0.149499067
31       2009      8       8  0.34341729 0.10778252 0.018926827
32       2010      8       8  0.40974439 0.07956263 0.002115339
33       2011      8       8  0.27098111 0.09526382 0.029391591
34       2009      9       9  0.30484285 0.08640740 0.009624006
35       2010      9       9  0.32255916 0.07957312 0.004848553
36       2009     10      10  0.25258248 0.07524377 0.009978229
    intercept intercept_se intercept_p_value   r_square
1    981.2360   1105.95008       0.537994304 0.44101433
2   -984.0861     28.37180       0.018349054 0.99916736
3  -1991.6599    553.52526       0.172575110 0.92826825
4   -701.0017   1299.30088       0.685023914 0.22543714
5   -220.9445   1022.90859       0.864572991 0.04477612
6  -1267.2234    419.31648       0.203434051 0.90141045
7    124.1327    383.97165       0.800941056 0.09328358
8    690.8676     56.91291       0.052325880 0.99324324
9    185.6731    675.20023       0.809127838 0.03681795
10 -1578.5984    343.61865       0.044259725 0.91336258
11 -1025.7113    610.39762       0.234896160 0.58521884
12  -863.3027    588.72079       0.280200054 0.51822828
13  -494.0409    483.99741       0.414745102 0.34315199
14  -577.9894    440.07002       0.319491903 0.46370545
15   331.0056    209.23369       0.254465787 0.55453984
16  -600.1983    598.42323       0.389777507 0.25069056
17 -1072.4420    353.35620       0.056087857 0.75410981
18 -1025.7113    352.50082       0.062006069 0.73834454
19  -831.3290    340.48383       0.092367412 0.66544734
20  -292.2606    302.83416       0.405693077 0.23779218
21  -206.2338    332.71470       0.579250401 0.11418954
22  -518.0892    394.71780       0.259577559 0.30057745
23 -1059.1014    231.51175       0.010224200 0.83944467
24  -956.5164    234.25888       0.015059334 0.80654281
25  -590.9596    262.65973       0.087654332 0.55898948
26  -108.3781    224.96037       0.655145301 0.05549289
27  -646.5376    288.87158       0.075389628 0.50018837
28  -998.8833    167.39927       0.001892144 0.87683402
29  -745.0333    205.86499       0.015234921 0.72383499
30  -378.4927    222.66465       0.149909060 0.36682082
31  -691.2913    216.91246       0.018908802 0.62852685
32  -825.0469    160.19946       0.002115003 0.81551001
33  -545.6370    191.90909       0.029442832 0.57420748
34  -613.7053    173.93824       0.009619837 0.64003958
35  -649.6012    160.26040       0.004849836 0.70126107
36  -508.5748    151.50348       0.009978280 0.58481419
    adj_r_square
1  -0.1179713341
2   0.9983347211
3   0.8565365025
4  -0.5491257286
5  -0.9104477612
6   0.8028208904
7  -0.8134328358
8   0.9864864865
9  -0.4447730750
10  0.8700438771
11  0.3778282599
12  0.2773424191
13  0.0147279908
14  0.1955581678
15  0.3318097591
16  0.0009207483
17  0.6721464085
18  0.6511260573
19  0.5539297919
20 -0.0162770912
21 -0.1810806145
22  0.1257218116
23  0.7993058375
24  0.7581785103
25  0.4487368458
26 -0.1806338855
27  0.4002260421
28  0.8522008193
29  0.6686019826
30  0.2401849892
31  0.5666146533
32  0.7847616828
33  0.5032420645
34  0.5886166681
35  0.6585840776
36  0.5329159637
[1] "Stability Time"
[1] 8
[1] "Absolute Range"
[1] -0.4887260  0.9896702
[1] "Relative Range"
[1] -0.7413085  0.7370877
[1] "Proportion Significant"
[1] 0.3333333
[1] "Proportion Significantly Wrong"
[1] 0.6666667
[1] "proportion wrong before stability time"
[1] 0.8
[1] "Number of phases"
[1] 1
  Breaks      AICs    AICtot Nfits Nbreaks      AICc
1   2017 100000000 100000000     1       0 100000005
[1] "Sullivan"
[1] "Multiple Breakups"
   start_year N_data N_years       slope   slope_se     p_value
1        2008      3       3  0.31004312 0.34858572 0.537212204
2        2009      3       3  0.06527224 0.48990425 0.915676784
3        2010      3       3  0.52217788 0.75369885 0.614277734
4        2011      3       3  0.52217788 0.75369885 0.614277734
5        2012      3       3 -0.57765928 0.11870757 0.129027573
6        2013      3       3  0.26108894 0.36554394 0.605152915
7        2014      3       3  1.29565387 0.23176240 0.112684730
8        2015      3       3  0.16970781 0.88182765 0.878962282
9        2016      3       3 -0.97908353 0.21857267 0.139827564
10       2008      4       4  0.04242695 0.21948851 0.864575986
11       2009      4       4  0.50912343 0.33714863 0.270103047
12       2010      4       4  0.26108894 0.36923552 0.552786405
13       2011      4       4  0.12336452 0.40820308 0.791021115
14       2012      4       4 -0.11553186 0.27203961 0.712388965
15       2013      4       4  0.75519976 0.32879524 0.148466710
16       2014      4       4  0.53980138 0.44853140 0.351912522
17       2015      4       4 -0.21409293 0.45235496 0.682637442
18       2008      5       5  0.34594285 0.21625379 0.207967333
19       2009      5       5  0.33941562 0.21792196 0.217224100
20       2010      5       5  0.08224302 0.23686898 0.751364441
21       2011      5       5  0.19777487 0.23955977 0.469571362
22       2012      5       5  0.33941562 0.30604071 0.348319598
23       2013      5       5  0.43144947 0.26640856 0.203777349
24       2014      5       5  0.16056970 0.33911507 0.668182989
25       2008      6       6  0.27134601 0.14797750 0.140622782
26       2009      6       6  0.18928948 0.16692953 0.320167409
27       2010      6       6  0.14714227 0.15952990 0.408545027
28       2011      6       6  0.43322115 0.20754169 0.105140052
29       2012      6       6  0.22696089 0.21060805 0.341845401
30       2013      6       6  0.19152739 0.22272126 0.438308218
31       2008      7       7  0.17576880 0.11829484 0.197457735
32       2009      7       7  0.21120230 0.11871306 0.135351882
33       2010      7       7  0.33638513 0.15704304 0.085102453
34       2011      7       7  0.32542871 0.15940466 0.096680671
35       2012      7       7  0.09814147 0.16646127 0.581107228
36       2008      8       8  0.19581671 0.08892825 0.069912895
37       2009      8       8  0.34415563 0.11713891 0.026014717
38       2010      8       8  0.27406568 0.12245803 0.066526341
39       2011      8       8  0.20335409 0.13814480 0.191428944
40       2008      9       9  0.30525649 0.09347350 0.013755698
41       2009      9       9  0.29274597 0.09546674 0.018157393
42       2010      9       9  0.18667859 0.10743874 0.125860286
43       2008     10      10  0.27026661 0.07725409 0.008097912
44       2009     10      10  0.21785103 0.08757571 0.037664390
45       2008     11      11  0.21160072 0.07159627 0.016077360
     intercept intercept_se intercept_p_value   r_square
1   -623.73208     700.3088       0.536778309 0.44168026
2   -132.10705     984.7076       0.915098893 0.01744186
3  -1050.35685    1515.6885       0.614204791 0.32432432
4  -1050.79200    1516.4422       0.614229510 0.32432432
5   1162.88213     238.9584       0.129021754 0.95948181
6   -525.86616     736.2056       0.605134026 0.33781406
7  -2610.03582     467.0013       0.112714617 0.96899516
8   -341.01301    1777.7647       0.879348373 0.03571429
9   1975.84238     440.8611       0.139756941 0.95252879
10   -86.18042     441.0622       0.863136504 0.01833966
11 -1024.10001     677.8374       0.269934128 0.53274956
12  -525.39402     742.7174       0.552640953 0.20000000
13  -248.51246     821.5088       0.790826870 0.04367217
14   232.77367     547.7518       0.712218592 0.08272011
15 -1520.84064     662.3581       0.148545133 0.72510894
16 -1087.24502     904.0152       0.352163049 0.42001738
17   432.60135     912.1739       0.682053967 0.10071899
18  -695.94384     434.6702       0.207672764 0.46034087
19  -682.98731     438.2412       0.217007656 0.44708995
20  -165.73487     476.5805       0.750991157 0.03863225
21  -398.22608     482.2339       0.469464922 0.18513164
22  -683.03561     616.3662       0.348648266 0.29078020
23  -868.80757     536.8134       0.203997081 0.46645706
24  -323.09317     683.6561       0.668756044 0.06953624
25  -546.05393     297.5089       0.140341944 0.45670241
26  -381.18372     335.7789       0.319691736 0.24326111
27  -296.26889     321.0540       0.408335944 0.17538149
28  -872.02247     417.8853       0.105216491 0.52137143
29  -456.62674     424.2701       0.342393645 0.22500454
30  -385.52451     448.8949       0.438854128 0.15602919
31  -353.97561     237.8910       0.196921104 0.30630326
32  -425.24310     238.8508       0.135130289 0.38764465
33  -676.96245     316.1278       0.085164170 0.47852216
34  -655.07224     321.0411       0.096811781 0.45461450
35  -197.22737     335.4196       0.582084222 0.06500097
36  -394.27189     178.8793       0.069705223 0.44693530
37  -692.61224     235.7422       0.026014919 0.58993761
38  -551.57573     246.5694       0.066621355 0.45498211
39  -409.33602     278.2929       0.191729317 0.26532617
40  -614.28233     188.0688       0.013745024 0.60373175
41  -589.21029     192.1747       0.018169069 0.57325512
42  -375.72377     216.3818       0.126070074 0.30132948
43  -543.92936     155.4740       0.008096596 0.60472130
44  -438.54662     176.3339       0.037696653 0.43614413
45  -425.95225     144.1235       0.016077455 0.49252350
   adj_r_square
1   -0.11663948
2   -0.96511628
3   -0.35135135
4   -0.35135135
5    0.91896362
6   -0.32437188
7    0.93799031
8   -0.92857143
9    0.90505758
10  -0.47249050
11   0.29912434
12  -0.20000000
13  -0.43449174
14  -0.37591984
15   0.58766342
16   0.13002607
17  -0.34892151
18   0.28045450
19   0.26278660
20  -0.28182367
21  -0.08649115
22   0.05437360
23   0.28860941
24  -0.24061835
25   0.32087801
26   0.05407639
27  -0.03077313
28   0.40171429
29   0.03125567
30  -0.05496351
31   0.16756391
32   0.26517358
33   0.37422660
34   0.34553741
35  -0.12199884
36   0.35475785
37   0.52159388
38   0.36414579
39   0.14288053
40   0.54712200
41   0.51229157
42   0.20151941
43   0.55531146
44   0.36566215
45   0.43613723
[1] "Stability Time"
[1] 5
[1] "Absolute Range"
[1] -0.9790835  1.2956539
[1] "Relative Range"
[1] -1.190684  1.084053
[1] "Proportion Significant"
[1] 0.1333333
[1] "Proportion Significantly Wrong"
[1] 0.8666667
[1] "proportion wrong before stability time"
[1] 1
[1] "Number of phases"
[1] 1
  Breaks      AICs    AICtot Nfits Nbreaks      AICc
1   2017 100000000 100000000     1       0 100000004
[1] "Ulster"
[1] "Multiple Breakups"
   start_year N_data N_years       slope   slope_se     p_value
1        2008      3       3 -0.62479502 0.79359626 0.575408770
2        2009      3       3 -1.24959005 0.43287069 0.212295615
3        2010      3       3 -0.12495900 0.21643534 0.666666667
4        2011      3       3  1.01841589 0.44369246 0.261569720
5        2012      3       3  0.81223353 0.56273190 0.385722266
6        2013      3       3 -0.39362086 0.13346846 0.208118941
7        2014      3       3  0.23742211 0.49780129 0.716684303
8        2015      3       3  0.74975403 0.20200632 0.167545977
9        2016      3       3  0.19993441 0.11543218 0.333333333
10       2008      4       4 -0.72476223 0.35956940 0.181391716
11       2009      4       4 -0.72476223 0.35956940 0.181391716
12       2010      4       4  0.48609053 0.36582696 0.315258629
13       2011      4       4  0.74100690 0.25499905 0.100828538
14       2012      4       4  0.28365694 0.39555595 0.547746846
15       2013      4       4  0.03123975 0.25245121 0.912831644
16       2014      4       4  0.37237783 0.23586488 0.255139648
17       2015      4       4  0.48983930 0.17515669 0.107614671
18       2008      5       5 -0.54981962 0.23086437 0.097479608
19       2009      5       5 -0.11746146 0.40747367 0.791911062
20       2010      5       5  0.47859299 0.21125464 0.108376192
21       2011      5       5  0.41236472 0.24015981 0.184472230
22       2012      5       5  0.34113808 0.23077304 0.235872302
23       2013      5       5  0.18993769 0.17215947 0.350466165
24       2014      5       5  0.32489341 0.13890886 0.101323427
25       2008      6       6 -0.16601696 0.26822313 0.569457726
26       2009      6       6  0.04962658 0.28366160 0.869617572
27       2010      6       6  0.31882397 0.16623845 0.127583808
28       2011      6       6  0.41664902 0.15724096 0.056996743
29       2012      6       6  0.36595137 0.15175413 0.073437365
30       2013      6       6  0.20814600 0.11319405 0.139786012
31       2008      7       7 -0.02856206 0.20559614 0.894932944
32       2009      7       7  0.03704142 0.20071061 0.860832819
33       2010      7       7  0.34542239 0.11854719 0.033252589
34       2011      7       7  0.41638125 0.11118625 0.013363825
35       2012      7       7  0.33560418 0.10872738 0.027262683
36       2008      8       8 -0.02097526 0.15330490 0.895648203
37       2009      8       8  0.12034742 0.15714233 0.472807941
38       2010      8       8  0.36104227 0.08881887 0.006613588
39       2011      8       8  0.38157125 0.08527545 0.004216769
40       2008      9       9  0.05727288 0.12705259 0.665779184
41       2009      9       9  0.17785832 0.12616944 0.201481668
42       2010      9       9  0.34426206 0.06947758 0.001646877
43       2008     10      10  0.11579534 0.10683650 0.310009958
44       2009     10      10  0.19743523 0.10128105 0.087075596
45       2008     11      11  0.14245327 0.08857900 0.142251550
     intercept intercept_se intercept_p_value    r_square
1   1255.15905    1594.3350       0.575422144 0.382653061
2   2511.03870     870.0702       0.212345603 0.892857143
3    249.90551     435.2515       0.668190358 0.250000000
4  -2049.92748     892.7093       0.261470264 0.840471973
5  -1635.27601    1132.7794       0.385676743 0.675675676
6    792.83573     268.8055       0.208098614 0.896881591
7   -478.21811    1003.0697       0.716781247 0.185318275
8  -1511.02511     407.2448       0.167596684 0.932320442
9   -402.28885     232.8267       0.334003692 0.750000000
10  1455.95984     722.5548       0.181475194 0.670119522
11  1456.30973     722.9144       0.181544688 0.670119522
12  -978.71141     735.8610       0.314909167 0.468870745
13 -1491.87306     513.1857       0.100759706 0.808509317
14  -571.42753     796.4520       0.547567865 0.204532915
15   -62.69193     508.5630       0.913162323 0.007598322
16  -750.10891     475.3857       0.255324737 0.554816944
17  -987.12365     353.2035       0.107732041 0.796351575
18  1104.50015     464.0375       0.097600575 0.654054054
19   235.63519     819.4297       0.792403659 0.026952829
20  -963.63386     425.0445       0.108210532 0.631105011
21  -830.64499     483.4418       0.184257855 0.495648849
22  -687.13707     464.7770       0.235827408 0.421429702
23  -382.30958     346.9014       0.350911426 0.288626824
24  -654.42780     280.0403       0.101507193 0.645826964
25   333.31267     539.2628       0.569971916 0.087403954
26  -100.26746     570.5855       0.869045583 0.007593763
27  -642.28512     334.5550       0.127298003 0.479046651
28  -839.26645     316.6048       0.056932243 0.637062072
29  -737.09449     305.7088       0.073467235 0.592469400
30  -418.98719     228.1427       0.140164085 0.458093037
31    57.07413     413.4540       0.895594067 0.003845085
32   -74.96291     403.8299       0.860030603 0.006765755
33  -695.79227     238.6356       0.033178709 0.629360844
34  -838.72752     223.9292       0.013355502 0.737177772
35  -675.98537     219.0858       0.027299076 0.655824094
36    41.82467     308.3730       0.896549635 0.003110273
37  -242.49128     316.2491       0.472298316 0.089049359
38  -727.21946     178.8369       0.006602724 0.733613162
39  -768.65497     171.7875       0.004217315 0.769424137
40  -115.48017     255.6300       0.665115698 0.028210143
41  -358.16486     253.9793       0.201330227 0.221113842
42  -693.45208     139.9280       0.001645441 0.778144864
43  -233.14934     215.0087       0.309794536 0.128040982
44  -397.54708     203.9296       0.087068444 0.322038563
45  -286.75842     178.3098       0.142251986 0.223222260
   adj_r_square
1   -0.23469388
2    0.78571429
3   -0.50000000
4    0.68094395
5    0.35135135
6    0.79376318
7   -0.62936345
8    0.86464088
9    0.50000000
10   0.50517928
11   0.50517928
12   0.20330612
13   0.71276398
14  -0.19320063
15  -0.48860252
16   0.33222542
17   0.69452736
18   0.53873874
19  -0.29739623
20   0.50814002
21   0.32753180
22   0.22857294
23   0.05150243
24   0.52776929
25  -0.14074506
26  -0.24050780
27   0.34880831
28   0.54632759
29   0.49058675
30   0.32261630
31  -0.19538590
32  -0.19188109
33   0.55523301
34   0.68461333
35   0.58698891
36  -0.16303801
37  -0.06277575
38   0.68921536
39   0.73099483
40  -0.11061698
41   0.10984439
42   0.74645127
43   0.01904610
44   0.23729338
45   0.13691362
[1] "Stability Time"
[1] 7
[1] "Absolute Range"
[1] -1.249590  1.018416
[1] "Relative Range"
[1] -1.3920433  0.8759626
[1] "Proportion Significant"
[1] 0.1333333
[1] "Proportion Significantly Wrong"
[1] 0.1333333
[1] "proportion wrong before stability time"
[1] 0
[1] "Number of phases"
[1] 1
  Breaks      AICs    AICtot Nfits Nbreaks      AICc
1   2017 100000000 100000000     1       0 100000004
[1] "Westchester"
[1] "Multiple Breakups"
   start_year N_data N_years                   slope   slope_se
1        2008      3       3  0.00000000000002260933 0.34053791
2        2009      3       3  0.09830482678287805198 0.28378159
3        2010      3       3  0.85033675167271527418 0.71796743
4        2011      3       3  0.58982896069741808098 0.86837167
5        2012      3       3 -1.04203116389927563645 0.07378321
6        2013      3       3 -0.58982896069743595557 0.33486228
7        2014      3       3  0.36372785909687632699 0.21567401
8        2015      3       3  1.47457240174435200153 0.42567239
9        2016      3       3  0.31949068704426170084 1.09255913
10       2008      4       4 -0.05898289606973903393 0.15605407
11       2009      4       4  0.64782880849930091216 0.34170933
12       2010      4       4  0.44532086532653003541 0.39720868
13       2011      4       4 -0.08847434410460855436 0.55152425
14       2012      4       4 -0.74515058701437042465 0.17455129
15       2013      4       4 -0.13369456442474189628 0.30295117
16       2014      4       4  0.95552291632977282010 0.35502608
17       2015      4       4  0.63406613274969503280 0.52127056
18       2008      5       5  0.35979566602541918074 0.25802349
19       2009      5       5  0.44532086532653764044 0.22932854
20       2010      5       5  0.04128802724882491004 0.32711734
21       2011      5       5 -0.20840623277975714456 0.32586431
22       2012      5       5 -0.38928711406029359310 0.22884271
23       2013      5       5  0.42664294823779536081 0.36776693
24       2014      5       5  0.56820189880522786741 0.30334858
25       2008      6       6  0.29744231875173532398 0.17270959
26       2009      6       6  0.15672598098530704513 0.22428015
27       2010      6       6 -0.08145257076297890420 0.22556897
28       2011      6       6 -0.10757356759386881018 0.22112898
29       2012      6       6  0.08398040916606053230 0.31161606
30       2013      6       6  0.30109364088940249182 0.25143503
31       2008      7       7  0.11796579213944563547 0.16016109
32       2009      7       7  0.03581104404237011457 0.17327512
33       2010      7       7 -0.03756648737774281877 0.16150132
34       2011      7       7  0.17694868820921472174 0.22678915
35       2012      7       7  0.07548406342258938417 0.22040042
36       2008      8       8  0.03253421648291146551 0.12916550
37       2009      8       8  0.04388608338521646224 0.12923577
38       2010      8       8  0.16817147153219211275 0.16911459
39       2011      8       8  0.14968080173253237031 0.16977017
40       2008      9       9  0.03964961346910233358 0.10013547
41       2009      9       9  0.19218593636056643947 0.13172729
42       2010      9       9  0.14811260568623366152 0.13150653
43       2008     10      10  0.16175612407004036353 0.10654055
44       2009     10      10  0.17140787069963489553 0.10576456
45       2008     11      11  0.14951270473434491448 0.08727673
      p_value     intercept intercept_se intercept_p_value
1  1.00000000    -0.6157457     684.1407        0.99942702
2  0.78770438  -198.3395206     570.4010        0.78696049
3  0.44639453 -1710.0105256    1443.8326        0.44639762
4  0.62015841 -1186.4570407    1747.1639        0.62022796
5  0.04500210  2097.8908380     148.5256        0.04499607
6  0.32871978  1187.4996676     674.4127        0.32881552
7  0.34073339  -733.4749525     434.5832        0.34051887
8  0.17891238 -2972.3215069     858.1556        0.17893616
9  0.81888672  -643.5375049    2203.6919        0.81911968
10 0.74180111   117.8612316     313.5907        0.74315377
11 0.19844570 -1302.6995492     687.0067        0.19839301
12 0.37877263  -895.6585834     798.9854        0.37881713
13 0.88729024   178.0631075    1109.9427        0.88728495
14 0.05073331  1500.3691969     351.4591        0.05073280
15 0.70211518   268.9970383     610.2952        0.70244854
16 0.11476732 -1925.7447278     715.5552        0.11477846
17 0.34791075 -1278.1410374    1051.1422        0.34804372
18 0.25750998  -723.4648997     518.6273        0.25736630
19 0.14744495  -895.6585834     461.1798        0.14740800
20 0.90754356   -83.1485461     658.1603        0.90745845
21 0.56795435   419.3660675     655.9650        0.56808956
22 0.18747869   784.0160259     460.8893        0.18748217
23 0.32994779  -859.5227122     741.0505        0.33002487
24 0.15776864 -1145.2928775     611.5509        0.15782035
25 0.16013519  -598.1762406     347.2328        0.16004442
26 0.52317713  -315.4866676     451.1397        0.52288770
27 0.73628989   163.7237101     453.9577        0.73659435
28 0.65208209   216.4571342     445.2434        0.65228975
29 0.80087649  -168.8292542     627.7508        0.80127554
30 0.29722159  -606.6245574     506.7675        0.29737980
31 0.49448382  -237.4882476     322.0841        0.49403589
32 0.84441897   -72.3670344     348.6297        0.84374997
33 0.82528748    75.4395390     325.1023        0.82569866
34 0.47055749  -356.1913259     456.7536        0.47077362
35 0.74591288  -151.7204460     444.1071        0.74651897
36 0.80953949   -65.7707805     259.8166        0.80860778
37 0.74574296   -88.6059385     260.0871        0.74495802
38 0.35841347  -338.5052343     340.5125        0.35855615
39 0.41188047  -301.3010705     342.0022        0.41221827
40 0.70392628   -80.0751003     201.4727        0.70287726
41 0.18793944  -386.8863761     265.1673        0.18792361
42 0.29717434  -298.1401100     264.8544        0.29741174
43 0.16742928  -325.5905909     214.4131        0.16736458
44 0.14375032  -345.0878341     212.9571        0.14379310
45 0.12084725  -300.9690746     175.6883        0.12084765
       r_square adj_r_square
1  4.358552e-27 -1.000000000
2  1.071429e-01 -0.785714286
3  5.838058e-01  0.167611641
4  3.157064e-01 -0.368587214
5  9.950114e-01  0.990022729
6  7.562496e-01  0.512499125
7  7.398667e-01  0.479733381
8  9.230769e-01  0.846153846
9  7.877564e-02 -0.842448726
10 6.666667e-02 -0.400000000
11 6.424893e-01  0.463733939
12 3.859234e-01  0.078885159
13 1.270349e-02 -0.480944763
14 9.011072e-01  0.851660864
15 8.873537e-02 -0.366896949
16 7.836369e-01  0.675455360
17 4.252204e-01  0.137830586
18 3.932572e-01  0.191009653
19 5.569188e-01  0.409225124
20 5.282260e-03 -0.326290321
21 1.199825e-01 -0.173356683
22 4.909890e-01  0.321318689
23 3.096799e-01  0.079573230
24 5.390643e-01  0.385419020
25 4.257832e-01  0.282228993
26 1.087970e-01 -0.114003732
27 3.156891e-02 -0.210538861
28 5.585943e-02 -0.180175715
29 1.783370e-02 -0.227707880
30 2.638951e-01  0.079868877
31 9.787969e-02 -0.082544373
32 8.470271e-03 -0.189835675
33 1.070544e-02 -0.187153469
34 1.085383e-01 -0.069754087
35 2.292161e-02 -0.172494069
36 1.046329e-02 -0.154459494
37 1.885686e-02 -0.144666999
38 1.414930e-01 -0.001591461
39 1.146965e-01 -0.032854031
40 2.190706e-02 -0.117820502
41 2.331783e-01  0.123632307
42 1.534132e-01  0.032472282
43 2.236861e-01  0.126646835
44 2.471667e-01  0.153062585
45 2.458945e-01  0.162105042
[1] "Stability Time"
[1] 6
[1] "Absolute Range"
[1] -1.042031  1.474572
[1] "Relative Range"
[1] -1.191544  1.325060
[1] "Proportion Significant"
[1] 0.02222222
[1] "Proportion Significantly Wrong"
[1] 0.02222222
[1] "proportion wrong before stability time"
[1] 0.04166667
[1] "Number of phases"
[1] 1
  Breaks      AICs    AICtot Nfits Nbreaks      AICc
1   2017 100000000 100000000     1       0 100000004
