[1] "GC"
[1] "Multiple Breakups"
   start_year N_data N_years          slope   slope_se    p_value
1        1995      3       3 -2.31792419019 1.11787438 0.28607556
2        1996      3       3 -0.04531907168 0.19421480 0.85405932
3        1997      3       3  0.36397156705 0.04208926 0.07329245
4        1998      3       3  0.26029643021 0.10194613 0.23764435
5        1999      3       3 -0.05817869128 0.08192557 0.60688760
6        2000      3       3 -0.46472003215 0.15279118 0.20222100
7        2001      3       3 -0.06527365321 0.38341166 0.89264834
8        2002      3       3  0.44130665628 0.09093738 0.12937349
9        2003      3       3 -0.27954151558 0.32524451 0.54801737
10       2004      3       3 -0.08301105915 0.43871142 0.88094905
11       2005      3       3  0.55198806859 0.07209450 0.08268013
12       2006      3       3  0.09365350285 0.19252508 0.71177192
13       2007      3       3 -0.14615622356 0.05407087 0.22557872
14       2008      3       3 -0.21213937357 0.09216626 0.26092291
15       2009      3       3  0.21852483934 0.34081036 0.63702596
16       2010      3       3  0.33984869534 0.27076400 0.42827786
17       2011      3       3  0.16956959943 0.17245332 0.50536745
18       2012      3       3 -0.55722060334 0.59206584 0.51929578
19       2013      3       3 -0.79534527612 0.45458450 0.33055991
20       1995      4       4 -1.34160416265 0.75343362 0.21692455
21       1996      4       4  0.13297733142 0.13468635 0.42756476
22       1997      4       4  0.28718633734 0.04816249 0.02699135
23       1998      4       4  0.10452653230 0.10083000 0.40879543
24       1999      4       4 -0.27372364648 0.12972626 0.16932236
25       2000      4       4 -0.17212378593 0.18222665 0.44458770
26       2001      4       4  0.10585683784 0.19789589 0.64622134
27       2002      4       4  0.04029938591 0.23506637 0.87965583
28       2003      4       4 -0.04895524010 0.19718048 0.82708657
29       2004      4       4  0.14601432458 0.23659618 0.60003683
30       2005      4       4  0.30196159651 0.14790966 0.17796776
31       2006      4       4  0.01646031279 0.09695073 0.88080318
32       2007      4       4 -0.20447681407 0.04145474 0.03872968
33       2008      4       4  0.07818648468 0.17261313 0.69497408
34       2009      4       4  0.17325897985 0.15463939 0.37901744
35       2010      4       4  0.33147663968 0.12118578 0.11170488
36       2011      4       4 -0.32624410494 0.29646547 0.38588496
37       2012      4       4 -0.49499778375 0.26720582 0.20514528
38       1995      5       5 -0.79064486359 0.53889343 0.23861530
39       1996      5       5  0.15878525682 0.07917589 0.13858905
40       1997      5       5  0.17437643635 0.07081831 0.09068147
41       1998      5       5 -0.09340517903 0.12824930 0.51912493
42       1999      5       5 -0.14232494423 0.10660601 0.27412632
43       2000      5       5 -0.02242008099 0.13615891 0.87968017
44       2001      5       5 -0.04966473626 0.14531545 0.75506282
45       2002      5       5  0.08740993573 0.13841436 0.57254519
46       2003      5       5  0.09237640937 0.14006519 0.55666814
47       2004      5       5  0.11465459120 0.13779355 0.46640838
48       2005      5       5  0.18106343858 0.11029299 0.19919975
49       2006      5       5 -0.07662559300 0.07759818 0.39621735
50       2007      5       5 -0.01348042840 0.11283929 0.91245746
51       2008      5       5  0.09478869658 0.10011814 0.41360411
52       2009      5       5  0.22320751458 0.09382288 0.09770330
53       2010      5       5 -0.05303484331 0.23276245 0.83440926
54       2011      5       5 -0.36175439134 0.17238789 0.12674721
55       1995      6       6 -0.50831857544 0.38862468 0.26097881
56       1996      6       6  0.11489277912 0.05769593 0.11726962
57       1997      6       6  0.01303952710 0.10404767 0.90631432
58       1998      6       6 -0.05106852526 0.08744460 0.59056224
59       1999      6       6 -0.04390768118 0.08999610 0.65116654
60       2000      6       6 -0.09685637140 0.09895612 0.38310772
61       2001      6       6  0.00968969138 0.10111518 0.92826597
62       2002      6       6  0.14939963512 0.09742540 0.19993601
63       2003      6       6  0.08530171844 0.09178512 0.40530748
64       2004      6       6  0.08181505134 0.09217804 0.42491588
65       2005      6       6  0.06754404136 0.09751373 0.52663464
66       2006      6       6  0.02327147646 0.07685771 0.77714565
67       2007      6       6  0.02456884098 0.07706787 0.76583474
68       2008      6       6  0.15288630232 0.07362715 0.10644453
69       2009      6       6 -0.02050950896 0.15353152 0.90018198
70       2010      6       6 -0.15645912264 0.16366070 0.39321055
71       1995      7       7 -0.37446197565 0.28545946 0.24659033
72       1996      7       7  0.00876101149 0.07361427 0.90989928
73       1997      7       7  0.01818084090 0.07363267 0.81479334
74       1998      7       7 -0.00006968272 0.06848532 0.99922751
75       1999      7       7 -0.09436299894 0.06998735 0.23542137
76       2000      7       7 -0.04054264188 0.07715721 0.62172721
77       2001      7       7  0.07561202701 0.08099830 0.39341221
78       2002      7       7  0.12983781048 0.06980981 0.12198971
79       2003      7       7  0.06801028174 0.06566520 0.34780579
80       2004      7       7  0.02148760023 0.07390216 0.78291123
81       2005      7       7  0.10642443486 0.07251454 0.20212892
82       2006      7       7  0.04262045227 0.05548286 0.47707735
83       2007      7       7  0.08569700918 0.06492518 0.24405525
84       2008      7       7 -0.01232116227 0.10866607 0.91413683
85       2009      7       7 -0.10620905204 0.11930675 0.41412599
86       1995      8       8 -0.34826340497 0.21330589 0.15365294
87       1996      8       8  0.01371059236 0.05494320 0.81126570
88       1997      8       8  0.04245785928 0.05664409 0.48186677
89       1998      8       8 -0.04905448508 0.05835688 0.43279018
90       1999      8       8 -0.05111751431 0.05783277 0.41077329
        intercept intercept_se intercept_p_value        r_square
1   4627.50708657   2231.27744        0.28602550 0.8113010139149
2     89.98432992    387.84699        0.85486569 0.0516382366253
3   -727.61763582     84.09435        0.07325228 0.9868041117484
4   -520.46445428    203.79033        0.23758959 0.8670072984913
5    116.33233058    163.85115        0.60695233 0.3352389829315
6    929.59782586    305.73519        0.20228339 0.9024480371295
7    130.26068683    767.59020        0.89298462 0.0281667641640
8   -884.30331569    182.14759        0.12932140 0.9592672669107
9    559.84835799    651.79004        0.54821565 0.4248602377123
10   166.12359316    879.61646        0.88116818 0.0345650395418
11 -1107.51461450    144.62158        0.08266341 0.9832274581180
12  -187.90107365    386.39788        0.71185390 0.1913519695579
13   293.58813823    108.57433        0.22550363 0.8796119723539
14   426.07308000    185.16204        0.26098568 0.8412153258211
15  -439.22166625    685.02889        0.63703472 0.2913465785735
16  -683.31982505    544.50645        0.42833051 0.6117099937776
17  -340.67547781    346.97611        0.50583289 0.4915692306086
18  1121.76910759   1191.82863        0.51927200 0.4697088266899
19  1601.53527817    915.53325        0.33060961 0.7537632856774
20  2679.09775161   1504.23046        0.21685845 0.6132071674627
21  -266.01415495    269.03603        0.42699736 0.3276821026993
22  -574.22634192     96.25274        0.02696570 0.9467458289720
23  -209.13235165    201.60962        0.40855351 0.3495228472942
24   547.35039267    259.51742        0.16943237 0.6900253405822
25   344.21026925    364.72669        0.44491732 0.3084828275107
26  -212.28551275    396.28657        0.64577299 0.1251593403093
27   -81.21942223    470.95555        0.87895144 0.0144827189419
28    97.83032402    395.24833        0.82760026 0.0298990554655
29  -292.99595944    474.49370        0.59984847 0.1599705392765
30  -606.04485365    296.78079        0.17789790 0.6757370105444
31   -33.00007227    194.62863        0.88095969 0.0142078814250
32   410.67644378     83.26186        0.03873240 0.9240406284622
33  -157.09479394    346.86613        0.69501101 0.0930408091506
34  -348.25237730    310.90254        0.37911039 0.3856193391122
35  -666.48641181    243.76523        0.11178331 0.7890682252882
36   656.73642414    596.63684        0.38578590 0.3771372798307
37   996.53531270    538.01901        0.20518724 0.6317940229513
38  1579.38299069   1076.17044        0.23850770 0.4177661978547
39  -317.55258197    158.19346        0.13833524 0.5727670238107
40  -348.83215975    141.56584        0.09053733 0.6689822096640
41   186.53313930    256.49867        0.51969896 0.1502462716446
42   284.55298816    213.31867        0.27445102 0.3726964160898
43    44.65315567    272.59021        0.88029434 0.0089568133075
44    99.06867860    291.06692        0.75602200 0.0374768102915
45  -175.58185353    277.38244        0.57169438 0.1173365260190
46  -185.39830153    280.83079        0.55630174 0.1266305359929
47  -230.11969399    276.41392        0.46619332 0.1875091191682
48  -363.52314886    221.35809        0.19908116 0.4732260886811
49   153.82334065    155.81717        0.39632724 0.2453000967268
50    27.15570136    226.69419        0.91222133 0.0047348286067
51  -190.44863763    201.23751        0.41377021 0.2300526893910
52  -448.64893209    188.67785        0.09780693 0.6535711830299
53   106.76618049    468.31816        0.83431819 0.0170107806104
54   728.18312039    347.01691        0.12675717 0.5947951946489
55  1015.76561078    776.27809        0.26082063 0.2995785153930
56  -229.88467318    115.30536        0.11695466 0.4978327484606
57   -26.42723610    208.04340        0.90504828 0.0039110831928
58   101.88805620    174.93298        0.59152214 0.0785677151482
59    87.68565632    180.12726        0.65187160 0.0561654791220
60   193.62498486    198.15970        0.38383845 0.1932250778012
61   -19.77867034    202.58433        0.92692121 0.0022905053266
62  -299.76788463    195.28928        0.19957830 0.3702327258461
63  -171.21826267    184.07513        0.40494373 0.1775835598112
64  -164.26547007    184.95530        0.42464816 0.1645418008886
65  -135.76539824    195.75888        0.52614215 0.1070991001683
66   -46.70337677    154.36877        0.77731736 0.0224063625429
67   -49.25991464    154.86793        0.76634054 0.0247779960290
68  -307.18609343    148.02744        0.10660088 0.5187579473710
69    41.30352422    308.82877        0.90006519 0.0044414239882
70   314.78688098    329.36727        0.39332930 0.1859876115767
71   748.49859987    570.34828        0.24641324 0.2560392704791
72   -17.86877871    147.15500        0.90808093 0.0028247884329
73   -36.70300860    147.26541        0.81309716 0.0120462928891
74    -0.09262927    137.03920        0.99948682 0.0000002070547
75   188.62992871    140.11474        0.23603097 0.2666338335537
76    80.90366962    154.54597        0.62299597 0.0523308488282
77  -151.79913449    162.32067        0.39262556 0.1484179606585
78  -260.57250867    139.96873        0.12171273 0.4089241277403
79  -136.55469589    131.72447        0.34740063 0.1766430983560
80   -43.26871230    148.32170        0.78221491 0.0166268482480
81  -213.78538786    145.60927        0.20197763 0.3010839022059
82   -85.54967055    111.46513        0.47744232 0.1055600431223
83  -172.04602850    130.49968        0.24454222 0.2584053927565
84    24.82584124    218.52757        0.91397145 0.0025646624180
85   213.61673885    240.04531        0.41428057 0.1368131429903
86   696.18005421    426.29209        0.15356608 0.3076144594810
87   -27.75804128    109.85901        0.80895698 0.0102718614396
88   -85.23276836    113.31657        0.48040773 0.0856213144834
89    97.87697545    116.80137        0.43414836 0.1053588310712
90   102.09571397    115.81019        0.41192509 0.1152077209407
   adj_r_square
1   0.622602028
2  -0.896723527
3   0.973608223
4   0.734014597
5  -0.329522034
6   0.804896074
7  -0.943666472
8   0.918534534
9  -0.150279525
10 -0.930869921
11  0.966454916
12 -0.617296061
13  0.759223945
14  0.682430652
15 -0.417306843
16  0.223419988
17 -0.016861539
18 -0.060582347
19  0.507526571
20  0.419810751
21 -0.008476846
22  0.920118743
23  0.024284271
24  0.535038011
25 -0.037275759
26 -0.312260990
27 -0.478275922
28 -0.455151417
29 -0.260044191
30  0.513605516
31 -0.478688178
32  0.886060943
33 -0.360438786
34  0.078429009
35  0.683602338
36  0.065705920
37  0.447691034
38  0.223688264
39  0.430356032
40  0.558642946
41 -0.133004971
42  0.163595221
43 -0.321390916
44 -0.283364253
45 -0.176884632
46 -0.164492619
47 -0.083321174
48  0.297634785
49 -0.006266538
50 -0.327020229
51 -0.026596414
52  0.538094911
53 -0.310652293
54  0.459726926
55  0.124473144
56  0.372290936
57 -0.245111146
58 -0.151790356
59 -0.179793151
60 -0.008468653
61 -0.247136868
62  0.212790907
63 -0.028020550
64 -0.044322749
65 -0.116126125
66 -0.221992047
67 -0.219027505
68  0.398447434
69 -0.244448220
70 -0.017515486
71  0.107247125
72 -0.196610254
73 -0.185544449
74 -0.199999752
75  0.119960600
76 -0.137202981
77 -0.021898447
78  0.290708953
79  0.011971718
80 -0.180047782
81  0.161300683
82 -0.073327948
83  0.110086471
84 -0.196922405
85 -0.035824228
86  0.192216869
87 -0.154682828
88 -0.066775133
89 -0.043748030
90 -0.032257659
 [ reached 'max' / getOption("max.print") -- omitted 100 rows ]
[1] "Stability Time"
[1] 11
[1] "Absolute Range"
[1] -2.3179242  0.5519881
[1] "Relative Range"
[1] -2.279747  0.590165
[1] "Proportion Significant"
[1] 0.07368421
[1] "Proportion Significantly Wrong"
[1] 0.07368421
[1] "proportion wrong before stability time"
[1] 0.03225806
[1] "Number of phases"
[1] 3
             Breaks                         AICs   AICtot Nfits
32 2000, 2005, 2014 12.25545, 10.39615, 23.43848 46.09008     3
   Nbreaks     AICc
32       2 64.09008
[1] "GX"
[1] "Multiple Breakups"
   start_year N_data N_years        slope   slope_se    p_value
1        1995      3       3 -1.439542067 0.20089793 0.08827450
2        1996      3       3 -1.042120923 0.43034913 0.24931585
3        1997      3       3 -0.072027827 0.12973438 0.67734668
4        1998      3       3  0.295466263 0.08243844 0.17321894
5        1999      3       3  0.247532251 0.11011315 0.26646207
6        2000      3       3 -0.443326204 0.28875416 0.36752925
7        2001      3       3 -0.574193664 0.21319780 0.22633261
8        2002      3       3  0.702017696 0.52362317 0.40798486
9        2003      3       3  0.012173717 0.92190478 0.99159395
10       2004      3       3 -0.034492199 0.89496220 0.97547656
11       2005      3       3  1.237661256 0.16048406 0.08209066
12       2006      3       3 -0.514339554 0.85103408 0.65391655
13       2007      3       3 -0.588396334 0.80827738 0.59940837
14       2008      3       3 -0.178547853 0.57165125 0.80727203
15       2009      3       3 -0.718249319 0.26005446 0.22115173
16       2010      3       3  0.688829502 0.55232288 0.43026244
17       2011      3       3  0.461586780 0.68352152 0.62187303
18       2012      3       3 -0.745006135 0.01310522 0.01119747
19       2013      3       3 -0.367874519 0.23084226 0.35675981
20       1995      4       4 -1.131496297 0.19925543 0.02963909
21       1996      4       4 -0.609142378 0.31548410 0.19325249
22       1997      4       4  0.103527321 0.11678786 0.46889310
23       1998      4       4  0.238148344 0.04954123 0.04065440
24       1999      4       4 -0.128838508 0.22280776 0.62153103
25       2000      4       4 -0.421819303 0.12973040 0.08298304
26       2001      4       4  0.117679267 0.41067430 0.80141318
27       2002      4       4  0.106722921 0.41588644 0.82146088
28       2003      4       4  0.303531350 0.44528430 0.56580188
29       2004      4       4  0.418775874 0.47820022 0.47352900
30       2005      4       4  0.242054079 0.57927735 0.71664175
31       2006      4       4 -0.263966769 0.40712076 0.58324256
32       2007      4       4 -0.622482743 0.36200795 0.22765816
33       2008      4       4 -0.304342932 0.26576650 0.37069818
34       2009      4       4  0.035912466 0.45067985 0.94374336
35       2010      4       4  0.361153612 0.31113117 0.36555415
36       2011      4       4 -0.025590168 0.41539635 0.95648051
37       2012      4       4 -0.514187383 0.13339208 0.06118833
38       1995      5       5 -0.813052142 0.21687893 0.03314187
39       1996      5       5 -0.313067429 0.24979364 0.29888120
40       1997      5       5  0.129295022 0.06904921 0.15786135
41       1998      5       5 -0.009637526 0.14589057 0.95148600
42       1999      5       5 -0.219329806 0.13884280 0.21230066
43       2000      5       5 -0.011362136 0.24853240 0.96640885
44       2001      5       5 -0.084404440 0.26425442 0.77036832
45       2002      5       5  0.269444942 0.25783715 0.37280245
46       2003      5       5  0.493035549 0.27939813 0.17581327
47       2004      5       5  0.027999550 0.35654901 0.94235166
48       2005      5       5  0.156838058 0.33804537 0.67427180
49       2006      5       5 -0.394834230 0.24689647 0.20807832
50       2007      5       5 -0.558367832 0.21225808 0.07828423
51       2008      5       5  0.060462796 0.26058591 0.83144438
52       2009      5       5  0.035100885 0.26020056 0.90123363
53       2010      5       5  0.069846703 0.24607744 0.79499505
54       2011      5       5 -0.111516323 0.24490640 0.67979755
55       1995      6       6 -0.543310103 0.21074173 0.06145155
56       1996      6       6 -0.175634857 0.18176198 0.38861832
57       1997      6       6 -0.016593936 0.09559220 0.87061775
58       1998      6       6 -0.108331591 0.11121411 0.38517318
59       1999      6       6  0.015999743 0.16346776 0.92673835
60       2000      6       6 -0.118838669 0.17413372 0.53242374
61       2001      6       6  0.086433393 0.19913773 0.68664612
62       2002      6       6  0.414544058 0.18843923 0.09266487
63       2003      6       6  0.192692553 0.25204036 0.48716325
64       2004      6       6  0.028289400 0.23341618 0.90937915
65       2005      6       6 -0.056868651 0.25337399 0.83340949
66       2006      6       6 -0.414080297 0.16201318 0.06291449
67       2007      6       6 -0.225213770 0.23728854 0.39630720
68       2008      6       6  0.052868715 0.17064986 0.77217597
69       2009      6       6 -0.079817557 0.18280652 0.68491931
70       2010      6       6 -0.018796799 0.16902954 0.91681101
71       1995      7       7 -0.382675006 0.17551994 0.08108879
72       1996      7       7 -0.208819106 0.12994527 0.16896951
73       1997      7       7 -0.088875382 0.07943847 0.31407684
74       1998      7       7  0.040416017 0.11644558 0.74266194
75       1999      7       7 -0.071448126 0.12613444 0.59557106
76       2000      7       7  0.017898263 0.14626553 0.90737359
77       2001      7       7  0.241010617 0.16671120 0.20789620
78       2002      7       7  0.208909684 0.17846523 0.29451368
79       2003      7       7  0.151736690 0.17978126 0.43717172
80       2004      7       7 -0.099853467 0.18087312 0.60467203
81       2005      7       7 -0.155794596 0.18804601 0.44512542
82       2006      7       7 -0.200286634 0.16840441 0.28770877
83       2007      7       7 -0.159490189 0.17202554 0.39640820
84       2008      7       7 -0.037762074 0.13152440 0.78554562
85       2009      7       7 -0.108884119 0.13034851 0.44160620
86       1995      8       8 -0.362476055 0.13134359 0.03286469
87       1996      8       8 -0.222321304 0.09716869 0.06211479
88       1997      8       8  0.022493600 0.08740805 0.80551428
89       1998      8       8 -0.033024831 0.09659684 0.74409547
90       1999      8       8  0.024371589 0.10908393 0.83062078
     intercept intercept_se intercept_p_value     r_square
1   2874.69495    400.99230        0.08823301 0.9808959633
2   2081.42586    859.40729        0.24928238 0.8543124699
3    143.57813    259.20931        0.67797308 0.2356148810
4   -590.87247    164.79445        0.17315330 0.9277751851
5   -495.08399    220.22632        0.26645278 0.8348040679
6    886.92678    577.79713        0.36758473 0.7021297719
7   1149.00290    426.82203        0.22642895 0.8788401957
8  -1406.52074   1048.81730        0.40790260 0.6425324312
9    -24.83561   1847.49733        0.99144254 0.0001743406
10    69.23070   1794.39936        0.97545040 0.0014831592
11 -2482.37774    321.93105        0.08210280 0.9834644414
12  1032.81254   1708.02554        0.65377106 0.2675405119
13  1181.96053   1623.02111        0.59929030 0.3463756176
14   358.38151   1148.44745        0.80743425 0.0888834475
15  1443.15170    522.70951        0.22122651 0.8841009145
16 -1385.69590   1110.72139        0.43015936 0.6086692668
17  -928.95393   1375.24542        0.62179634 0.3132053835
18  1499.50785     26.38081        0.01119888 0.9996906610
19   740.22376    464.91635        0.35702134 0.7174838127
20  2259.93828    397.81354        0.02961639 0.9416002949
21  1216.91204    630.17958        0.19321779 0.6508415375
22  -207.12254    233.40058        0.46848203 0.2820745371
23  -476.31305     99.05771        0.04063269 0.9203439709
24   257.53207    445.72699        0.62179452 0.1432387645
25   843.89864    259.65543        0.08304750 0.8409200966
26  -235.89609    822.37541        0.80121623 0.0394367255
27  -214.34374    833.22862        0.82103707 0.0318762169
28  -608.61919    892.57252        0.56569157 0.1885280092
29  -839.42070    959.03069        0.47372589 0.2771717149
30  -485.52161   1162.32018        0.71672759 0.0802919001
31   530.39782    817.29505        0.58292780 0.1736867676
32  1250.39468    727.09309        0.22762379 0.5965119167
33   611.06189    534.05786        0.37101861 0.3960207833
34   -72.46210    906.09199        0.94354136 0.0031648091
35  -726.84891    625.84046        0.36535159 0.4025215398
36    51.08370    835.98528        0.95683182 0.0018939461
37  1034.94664    268.58500        0.06122813 0.8813673485
38  1624.32375    433.10733        0.03310732 0.8240889032
39   625.65036    499.08782        0.29879145 0.3436556616
40  -258.60641    138.02940        0.15769660 0.5389068021
41    19.01090    291.78120        0.95214960 0.0014525269
42   438.51466    277.82452        0.21258820 0.4540936631
43    22.57384    497.56199        0.96666433 0.0006961939
44   168.67550    529.30174        0.77087063 0.0328883003
45  -540.27594    516.70578        0.37256690 0.2668740824
46  -988.38561    560.19339        0.17586096 0.5093176078
47   -55.91417    715.23749        0.94261056 0.0020514009
48  -314.57827    678.45722        0.67445650 0.0669479879
49   793.04882    495.76824        0.20798264 0.4601798859
50  1121.65194    426.42659        0.07830147 0.6975836640
51  -121.83282    523.77781        0.83103462 0.0176290474
52   -70.83083    523.26345        0.90089647 0.0060293706
53  -141.03072    495.10794        0.79429238 0.0261527754
54   223.96712    492.99670        0.68046996 0.0646445677
55  1085.82872    420.95676        0.06136431 0.6242904718
56   351.15171    363.25145        0.38844078 0.1892522666
57    32.92836    191.13668        0.87158536 0.0074771212
58   216.33324    222.48391        0.38593451 0.1917288795
59   -32.22288    327.18084        0.92628405 0.0023892572
60   237.67021    348.70291        0.53292088 0.1042931295
61  -173.39879    398.97259        0.68626177 0.0449789150
62  -830.95784    377.72658        0.09266379 0.5474847093
63  -386.39813    505.46713        0.48721276 0.1274961384
64   -56.49542    468.34973        0.90980329 0.0036587581
65   114.18862    508.64847        0.83337410 0.0124373103
66   831.68209    325.40359        0.06291418 0.6202171608
67   452.56753    476.83149        0.39630692 0.1838094835
68  -106.57378    343.09166        0.77159676 0.0234329904
69   160.19355    367.71545        0.68557220 0.0454918048
70    37.26091    340.17206        0.91805309 0.0030820666
71   765.09398    350.68902        0.08094050 0.4873599264
72   417.44277    259.76073        0.16895847 0.3405761109
73   177.39488    158.87702        0.31494813 0.2002178996
74   -81.11240    233.00772        0.74193428 0.0235261904
75   142.73116    252.52128        0.59633990 0.0603021147
76   -36.03155    292.97001        0.90690796 0.0029858575
77  -482.96545    334.08941        0.20791220 0.2947797100
78  -418.93510    357.82296        0.29444087 0.2151053776
79  -304.29528    360.64138        0.43729692 0.1247032323
80   200.51646    363.01254        0.60447862 0.0574528143
81   312.70002    377.59658        0.44531092 0.1207088745
82   402.45568    338.32463        0.28762415 0.2205136673
83   320.55076    345.77152        0.39644186 0.1466952989
84    75.56390    264.49569        0.78657258 0.0162191250
85   218.63671    262.26133        0.44246414 0.1224648523
86   724.75667    262.49033        0.03280714 0.5593498761
87   444.42017    194.28893        0.06216374 0.4659504534
88   -45.23172    174.85992        0.80453192 0.0109168321
89    65.76930    193.33869        0.74531689 0.0191084368
90   -49.00409    218.44072        0.82994021 0.0082508121
   adj_r_square
1    0.96179193
2    0.70862494
3   -0.52877024
4    0.85555037
5    0.66960814
6    0.40425954
7    0.75768039
8    0.28506486
9   -0.99965132
10  -0.99703368
11   0.96692888
12  -0.46491898
13  -0.30724876
14  -0.82223310
15   0.76820183
16   0.21733853
17  -0.37358923
18   0.99938132
19   0.43496763
20   0.91240044
21   0.47626231
22  -0.07688819
23   0.88051596
24  -0.28514185
25   0.76138014
26  -0.44084491
27  -0.45218567
28  -0.21720799
29  -0.08424243
30  -0.37956215
31  -0.23946985
32   0.39476788
33   0.09403117
34  -0.49525279
35   0.10378231
36  -0.49715908
37   0.82205102
38   0.76545187
39   0.12487422
40   0.38520907
41  -0.33139663
42   0.27212488
43  -0.33240507
44  -0.28948227
45   0.02249878
46   0.34575681
47  -0.33059813
48  -0.24406935
49   0.28023985
50   0.59677822
51  -0.30982794
52  -0.32529417
53  -0.29846297
54  -0.24714058
55   0.53036309
56  -0.01343467
57  -0.24065360
58  -0.01033890
59  -0.24701343
60  -0.11963359
61  -0.19377636
62   0.43435589
63  -0.09062983
64  -0.24542655
65  -0.23445336
66   0.52527145
67  -0.02023815
68  -0.22070876
69  -0.19313524
70  -0.24614742
71   0.38483191
72   0.20869133
73   0.04026148
74  -0.17176857
75  -0.12763746
76  -0.19641697
77   0.15373565
78   0.05812645
79  -0.05035612
80  -0.13105662
81  -0.05514935
82   0.06461640
83  -0.02396564
84  -0.18053705
85  -0.05304218
86   0.48590819
87   0.37694220
88  -0.15393036
89  -0.14437349
90  -0.15704072
 [ reached 'max' / getOption("max.print") -- omitted 100 rows ]
[1] "Stability Time"
[1] 12
[1] "Absolute Range"
[1] -1.439542  1.237661
[1] "Relative Range"
[1] -1.368972  1.308232
[1] "Proportion Significant"
[1] 0.04210526
[1] "Proportion Significantly Wrong"
[1] 0.9631579
[1] "proportion wrong before stability time"
[1] 0.9555556
[1] "Number of phases"
[1] 3
             Breaks                           AICs   AICtot Nfits
23 2001, 2005, 2014 17.958741, 2.923965, 30.806371 51.68908     3
   Nbreaks     AICc
23       2 69.68908
[1] "HC"
[1] "Multiple Breakups"
   start_year N_data N_years        slope    slope_se    p_value
1        1991      3       3 -0.074334234 0.134324293 0.67822365
2        1992      3       3 -0.032822909 0.158290868 0.86983632
3        1993      3       3  0.310101401 0.039696575 0.08105389
4        1994      3       3 -0.008795681 0.223811892 0.97499407
5        1995      3       3  0.039044244 0.251432286 0.90192436
6        1996      3       3  0.170496775 0.175538131 0.50927421
7        1997      3       3 -0.074656027 0.033999095 0.27205544
8        1998      3       3  0.369257722 0.222294628 0.34497899
9        1999      3       3 -0.062213356 0.471404571 0.91646521
10       2000      3       3 -0.535034863 0.198420947 0.22608452
11       2001      3       3  2.189910139 1.374826784 0.35689583
12       2002      3       3  0.032179322 2.620593252 0.99218308
13       2003      3       3 -2.379982669 1.227930877 0.30323410
14       2004      3       3  0.642728328 0.517232131 0.43139093
15       2005      3       3  1.100961876 0.252670868 0.14361732
16       2006      3       3 -0.536322036 0.692615439 0.58053150
17       2007      3       3 -0.699792993 0.598235438 0.45029223
18       2008      3       3  0.482260775 0.084223623 0.11007128
19       2009      3       3 -0.338526469 0.558105359 0.65289465
20       2010      3       3 -0.441500300 0.498653390 0.53865332
21       2011      3       3  0.249711540 0.099582048 0.24157263
22       2012      3       3 -0.096591599 0.100356162 0.51216720
23       2013      3       3 -0.282427184 0.006936063 0.01563145
24       1991      4       4 -0.002896139 0.072867942 0.97190711
25       1992      4       4  0.118098112 0.112265688 0.40316671
26       1993      4       4  0.105011855 0.119731941 0.47295374
27       1994      4       4  0.097438988 0.117389469 0.49381444
28       1995      4       4  0.030817064 0.112544218 0.80990912
29       1996      4       4  0.084213286 0.092974946 0.46066477
30       1997      4       4  0.179914590 0.147760800 0.34753471
31       1998      4       4  0.033369957 0.217921646 0.89235119
32       1999      4       4 -0.182606927 0.221981961 0.49719529
33       2000      4       4  1.031197106 0.908607929 0.37411229
34       2001      4       4  0.419017681 1.193056203 0.75897586
35       2002      4       4 -0.507317741 1.212650331 0.71633041
36       2003      4       4 -0.991723804 0.971588256 0.41475519
37       2004      4       4  0.738493991 0.237829426 0.08994133
38       2005      4       4  0.206119285 0.528850579 0.73431066
39       2006      4       4 -0.394475584 0.320390441 0.34337104
40       2007      4       4 -0.197795567 0.394433264 0.66579731
41       2008      4       4 -0.039387490 0.303519952 0.90862333
42       2009      4       4 -0.206977400 0.260892131 0.51074648
43       2010      4       4 -0.199511797 0.263154934 0.52751763
44       2011      4       4  0.076425890 0.109510832 0.55747091
45       2012      4       4 -0.173328556 0.063064454 0.11080863
46       1991      5       5  0.087742285 0.067144275 0.28243815
47       1992      5       5  0.045372844 0.077228124 0.59814898
48       1993      5       5  0.137899122 0.071687540 0.15010402
49       1994      5       5  0.072489286 0.069288708 0.37233964
50       1995      5       5  0.019854642 0.065284954 0.78090888
51       1996      5       5  0.200970594 0.086171553 0.10194179
52       1997      5       5  0.019103791 0.126086435 0.88918598
53       1998      5       5 -0.078753528 0.141493839 0.61663341
54       1999      5       5  0.744071741 0.550154325 0.26913522
55       2000      5       5  0.236839811 0.696795494 0.75633913
56       2001      5       5 -0.069593147 0.744339449 0.93140339
57       2002      5       5 -0.206033474 0.721409046 0.79376960
58       2003      5       5 -0.383062652 0.661929538 0.60337438
59       2004      5       5  0.262754892 0.307077909 0.45508386
60       2005      5       5  0.053203146 0.317839729 0.87771063
61       2006      5       5 -0.161583103 0.228683874 0.53076316
62       2007      5       5 -0.318875630 0.238214176 0.27310047
63       2008      5       5 -0.051401104 0.175374540 0.78855537
64       2009      5       5 -0.123826032 0.158091592 0.49062182
65       2010      5       5 -0.165294452 0.153211560 0.35966022
66       2011      5       5 -0.032404577 0.089137895 0.74031446
67       1991      6       6  0.044468759 0.050560369 0.42878612
68       1992      6       6  0.085903467 0.055710462 0.19794318
69       1993      6       6  0.108517868 0.049902160 0.09531694
70       1994      6       6  0.052752636 0.046769482 0.32242380
71       1995      6       6  0.121640903 0.072664338 0.16944154
72       1996      6       6  0.080089736 0.089739066 0.42257800
73       1997      6       6 -0.056908365 0.093484156 0.57556728
74       1998      6       6  0.553487406 0.376594056 0.21557848
75       1999      6       6  0.258709492 0.456334444 0.60106243
76       2000      6       6 -0.060117103 0.487315264 0.90776927
77       2001      6       6  0.020545731 0.490055685 0.96856754
78       2002      6       6  0.004241541 0.487627306 0.99347636
79       2003      6       6 -0.402431539 0.433478867 0.40576168
80       2004      6       6  0.137347476 0.213670944 0.55534791
81       2005      6       6  0.091646710 0.209255391 0.68402326
82       2006      6       6 -0.258415281 0.159806747 0.18117522
83       2007      6       6 -0.247603028 0.161285377 0.19953312
84       2008      6       6 -0.036457640 0.115133300 0.76734206
85       2009      6       6 -0.121009575 0.103508014 0.30728568
86       2010      6       6 -0.173967545 0.100425427 0.15825523
87       1991      7       7  0.075092747 0.039884646 0.11845787
88       1992      7       7  0.076866440 0.039737267 0.11086816
89       1993      7       7  0.084708235 0.037869235 0.07551155
90       1994      7       7  0.120867833 0.051383385 0.06537515
      intercept intercept_se intercept_p_value      r_square
1    147.463469    267.57401        0.67933642 0.23444667053
2     64.836623    315.47373        0.87095782 0.04122485854
3   -618.817224     79.15498        0.08099234 0.98387723468
4     17.146939    446.50476        0.97556416 0.00154206416
5    -78.180441    501.85888        0.90161704 0.02354634956
6   -340.748676    350.54968        0.50902518 0.48543416833
7    149.004536     67.93020        0.27231037 0.82822718341
8   -738.102736    444.36700        0.34499557 0.73399407209
9    124.423432    942.80922        0.91646739 0.01711908650
10  1070.496219    397.04035        0.22610558 0.87909440785
11 -4383.141605   2752.40345        0.35696508 0.71729140750
12   -63.439022   5249.04872        0.99230631 0.00015076102
13  4770.438500   2460.77368        0.30318228 0.78976763210
14 -1288.790855   1037.05051        0.43136186 0.60693834219
15 -2208.000487    506.85780        0.14365059 0.94996505636
16  1077.082682   1390.07930        0.58033564 0.37484658268
17  1405.623264   1201.25686        0.45019405 0.57776382444
18  -968.680111    169.20527        0.11009154 0.97040244484
19   680.506432   1121.79186        0.65286637 0.26896286254
20   887.840379   1002.79205        0.53865930 0.43943261083
21  -502.704934    200.35910        0.24144832 0.86278884944
22   194.229910    202.01697        0.51250927 0.48089245295
23   568.436830     13.96923        0.01564167 0.99939723058
24     5.182596    145.18940        0.97476757 0.00078921061
25  -235.898665    223.80168        0.40240039 0.35620997597
26  -209.937031    238.80539        0.47206254 0.27777776140
27  -194.755814    234.25072        0.49320241 0.25622382592
28   -61.761732    224.69457        0.80920809 0.03613454337
29  -168.469309    185.71748        0.46008938 0.29088248682
30  -359.542701    295.30001        0.34755207 0.42571095973
31   -66.775056    435.73440        0.89226856 0.01158826586
32   365.170442    444.07498        0.49733391 0.25281258072
33 -2063.011875   1818.57905        0.37428378 0.39173542933
34  -838.405201   2389.09542        0.75915927 0.05809263655
35  1016.993762   2429.54532        0.71618093 0.08046843692
36  1988.830488   1947.54896        0.41457719 0.34251148417
37 -1480.769087    476.96699        0.08997099 0.82820677914
38  -413.244530   1061.13885        0.73451003 0.07059082339
39   792.444135    643.18391        0.34311915 0.43116159496
40   397.779766    792.21933        0.66541828 0.11169144051
41    79.137372    609.92344        0.90863684 0.00834969642
42   416.136653    524.52371        0.51073886 0.23936900575
43   401.282163    529.33623        0.52755044 0.22323958954
44  -154.111968    220.39058        0.55676600 0.19583199505
45   348.675825    126.98030        0.11098017 0.79066129947
46  -175.369145    133.81857        0.28132787 0.36273992776
47   -90.957205    153.99292        0.59629383 0.10318629605
48  -275.514242    143.01668        0.14968693 0.55225812250
49  -144.981160    138.30030        0.37150590 0.26731294369
50   -39.880737    130.37409        0.77968354 0.02990814719
51  -401.633651    172.17081        0.10189092 0.64451721075
52   -38.242724    252.04685        0.88903019 0.00759399852
53   157.359790    282.98775        0.61694784 0.09359761017
54 -1488.186893   1100.85908        0.26931594 0.37877875003
55  -473.502928   1394.98493        0.75665700 0.03708229988
56   139.793677   1490.91229        0.93120801 0.00290540040
57   413.521375   1445.70409        0.79346593 0.02646920163
58   769.073538   1327.16905        0.60291161 0.10042299907
59  -526.912193    615.99844        0.45521824 0.19617538674
60  -106.494755    637.90449        0.87803188 0.00925336337
61   325.028926    459.19733        0.53009284 0.14267420013
62   640.908532    478.57240        0.27292760 0.37394012469
63   103.272721    352.50291        0.78864115 0.02783744903
64   249.002402    317.92227        0.49064064 0.16977732960
65   332.471080    308.26173        0.35978580 0.27952986420
66    64.854933    179.43463        0.74172640 0.04219340212
67   -89.153856    100.79213        0.42637471 0.16204956787
68  -171.748246    111.11456        0.19707518 0.37280969904
69  -216.918229     99.57980        0.09492093 0.54175422303
70  -105.599963     93.37530        0.32130088 0.24130673518
71  -243.080042    145.14707        0.16930150 0.41196471318
72  -160.194285    179.34359        0.42221988 0.16606013074
73   113.654901    186.92164        0.57599634 0.08478862816
74 -1106.700584    753.37668        0.21576506 0.35065711697
75  -517.300608    913.35372        0.60140542 0.07437600344
76   120.806843    975.84917        0.90744778 0.00379024131
77   -40.694403    981.82692        0.96892539 0.00043923965
78    -7.729571    977.44929        0.99406915 0.00001891486
79   807.895244    869.34218        0.40532833 0.17727344444
80  -275.428523    428.73090        0.55556588 0.09362627543
81  -183.625358    420.08035        0.68458792 0.04575920095
82   519.403383    320.97197        0.18092550 0.39529962818
83   497.769390    324.10308        0.19937987 0.37075214291
84    73.246320    231.47558        0.76749980 0.02445471636
85   243.340385    208.20645        0.30740743 0.25467102164
86   349.915562    202.10625        0.15843321 0.42864351762
87  -150.177256     79.53002        0.11761510 0.41484474650
88  -153.731428     79.27589        0.11018438 0.42803371109
89  -169.425946     75.58703        0.07507616 0.50017740566
90  -241.535191    102.61267        0.06524707 0.52531026355
   adj_r_square
1   -0.53110666
2   -0.91755028
3    0.96775447
4   -0.99691587
5   -0.95290730
6   -0.02913166
7    0.65645437
8    0.46798814
9   -0.96576183
10   0.75818882
11   0.43458282
12  -0.99969848
13   0.57953526
14   0.21387668
15   0.89993011
16  -0.25030683
17   0.15552765
18   0.94080489
19  -0.46207427
20  -0.12113478
21   0.72557770
22  -0.03821509
23   0.99879446
24  -0.49881618
25   0.03431496
26  -0.08333336
27  -0.11566426
28  -0.44579818
29  -0.06367627
30   0.13856644
31  -0.48261760
32  -0.12078113
33   0.08760314
34  -0.41286105
35  -0.37929734
36   0.01376723
37   0.74231017
38  -0.39411376
39   0.14674239
40  -0.33246284
41  -0.48747546
42  -0.14094649
43  -0.16514062
44  -0.20625201
45   0.68599195
46   0.15031990
47  -0.19575161
48   0.40301083
49   0.02308392
50  -0.29345580
51   0.52602295
52  -0.32320800
53  -0.20853652
54   0.17170500
55  -0.28389027
56  -0.32945947
57  -0.29804106
58  -0.19943600
59  -0.07176615
60  -0.32099552
61  -0.14310107
62   0.16525350
63  -0.29621673
64  -0.10696356
65   0.03937315
66  -0.27707546
67  -0.04743804
68   0.21601212
69   0.42719278
70   0.05163342
71   0.26495589
72  -0.04242484
73  -0.14401421
74   0.18832140
75  -0.15703000
76  -0.24526220
77  -0.24945095
78  -0.24997636
79  -0.02840819
80  -0.13296716
81  -0.19280100
82   0.24412454
83   0.21344018
84  -0.21943160
85   0.06833878
86   0.28580440
87   0.29781370
88   0.31364045
89   0.40021289
90   0.43037232
 [ reached 'max' / getOption("max.print") -- omitted 186 rows ]
[1] "Stability Time"
[1] 14
[1] "Absolute Range"
[1] -2.379983  2.189910
[1] "Relative Range"
[1] -2.397696  2.172197
[1] "Proportion Significant"
[1] 0.03623188
[1] "Proportion Significantly Wrong"
[1] 0.03623188
[1] "proportion wrong before stability time"
[1] 0.05050505
[1] "Number of phases"
[1] 5
                           Breaks
3131 1995, 2000, 2004, 2009, 2014
                                                 AICs   AICtot
3131 13.27863, 16.32773, 14.21645, 26.32869, 14.32441 84.47592
     Nfits Nbreaks     AICc
3131     5       4 144.4759
[1] "HX"
[1] "Multiple Breakups"
   start_year N_data N_years        slope   slope_se    p_value
1        1995      3       3 -0.062144048 2.34200230 0.98311152
2        1996      3       3 -2.031939326 1.20474047 0.34070864
3        1997      3       3 -0.282213795 0.19453596 0.38421467
4        1998      3       3  0.165337375 0.45292975 0.77717674
5        1999      3       3  0.031357089 0.53028330 0.96239873
6        2000      3       3 -0.551314626 0.19387763 0.21527721
7        2001      3       3  0.309579981 0.30316010 0.49333017
8        2002      3       3  0.116306291 0.41474672 0.82594505
9        2003      3       3 -0.278793022 0.18663602 0.37555613
10       2004      3       3  0.306159208 0.15108630 0.29184275
11       2005      3       3  0.379135705 0.10895330 0.17814682
12       2006      3       3 -0.086659590 0.15997373 0.68394546
13       2007      3       3 -0.156215313 0.11981572 0.41653196
14       2008      3       3 -0.043329795 0.05464123 0.57317818
15       2009      3       3 -0.242304774 0.06023702 0.15511929
16       2010      3       3  0.377995447 0.41836752 0.53224620
17       2011      3       3  0.408212278 0.40092183 0.49426409
18       2012      3       3 -0.548107651 0.15120974 0.17136558
19       2013      3       3 -0.483255491 0.18865215 0.23693959
20       1995      4       4 -0.432727820 1.06900533 0.72481771
21       1996      4       4 -1.399438348 0.65087051 0.16452447
22       1997      4       4  0.053706140 0.21256273 0.82412703
23       1998      4       4 -0.071950265 0.24453537 0.79630801
24       1999      4       4 -0.134550415 0.25576391 0.65135144
25       2000      4       4 -0.101939044 0.27355166 0.74519427
26       2001      4       4  0.088598028 0.18616897 0.68106133
27       2002      4       4  0.022919181 0.19315802 0.91639195
28       2003      4       4  0.007525701 0.18518299 0.97127555
29       2004      4       4  0.297607275 0.06774801 0.04811194
30       2005      4       4  0.137401060 0.14782662 0.45076680
31       2006      4       4 -0.072976497 0.07197728 0.41734334
32       2007      4       4 -0.129989384 0.05568148 0.14469738
33       2008      4       4 -0.143786503 0.06293634 0.14972092
34       2009      4       4  0.150742076 0.22851909 0.57728225
35       2010      4       4  0.251198784 0.20091144 0.33764578
36       2011      4       4 -0.026696285 0.30853873 0.93893184
37       2012      4       4 -0.456815765 0.08573766 0.03346747
38       1995      5       5 -0.544131003 0.62053285 0.44510509
39       1996      5       5 -0.803083540 0.50966377 0.21317595
40       1997      5       5 -0.067275208 0.14120836 0.66632056
41       1998      5       5 -0.148119483 0.14787303 0.39031363
42       1999      5       5  0.026111903 0.17438230 0.89047058
43       2000      5       5 -0.112087338 0.15804377 0.52933903
44       2001      5       5  0.035576042 0.11175899 0.77110947
45       2002      5       5  0.113227595 0.12310650 0.42553203
46       2003      5       5  0.101368915 0.11986004 0.45982408
47       2004      5       5  0.163626988 0.08668047 0.15550679
48       2005      5       5  0.071836239 0.09336569 0.49768041
49       2006      5       5 -0.083238816 0.04197636 0.14164472
50       2007      5       5 -0.168073994 0.03894811 0.02292197
51       2008      5       5  0.085405306 0.13722229 0.57778755
52       2009      5       5  0.141962091 0.13203290 0.36106010
53       2010      5       5  0.013597574 0.17964757 0.94443040
54       2011      5       5 -0.139638816 0.18969463 0.51499018
55       1995      6       6 -0.362536810 0.41954535 0.43626255
56       1996      6       6 -0.644701737 0.34595678 0.13584383
57       1997      6       6 -0.123017523 0.09788444 0.27722395
58       1998      6       6 -0.029483808 0.11858669 0.81589309
59       1999      6       6 -0.017722863 0.11693162 0.88686624
60       2000      6       6 -0.092621509 0.10407253 0.42377149
61       2001      6       6  0.096465806 0.08117107 0.30040152
62       2002      6       6  0.150057921 0.08335015 0.14618194
63       2003      6       6  0.061736813 0.08173499 0.49208931
64       2004      6       6  0.109301851 0.06483682 0.16711417
65       2005      6       6  0.023130943 0.06728044 0.74830926
66       2006      6       6 -0.123799414 0.03610452 0.02656199
67       2007      6       6  0.002573725 0.10176937 0.98103519
68       2008      6       6  0.097801537 0.09011772 0.33883625
69       2009      6       6  0.003457424 0.11775256 0.97798262
70       2010      6       6 -0.078588194 0.12908962 0.57554379
71       1995      7       7 -0.353887140 0.29670539 0.28648748
72       1996      7       7 -0.542151841 0.25169136 0.08381646
73       1997      7       7 -0.040316256 0.08408636 0.65184646
74       1998      7       7 -0.048460955 0.08456622 0.59141623
75       1999      7       7 -0.026714610 0.08284596 0.76015039
76       2000      7       7 -0.014904798 0.08619073 0.86949030
77       2001      7       7  0.128278998 0.06026384 0.08655494
78       2002      7       7  0.108161593 0.06370812 0.15030871
79       2003      7       7  0.046465504 0.05846402 0.46278630
80       2004      7       7  0.063406476 0.05295314 0.28481362
81       2005      7       7 -0.033881945 0.05785169 0.58353457
82       2006      7       7 -0.006882270 0.07216861 0.92772995
83       2007      7       7  0.032578793 0.07401759 0.67820503
84       2008      7       7  0.004963176 0.08326817 0.95477943
85       2009      7       7 -0.063146864 0.09171447 0.52176435
86       1995      8       8 -0.338751576 0.22132372 0.17675199
87       1996      8       8 -0.384687674 0.20846732 0.11453155
88       1997      8       8 -0.052669049 0.06307874 0.43571186
89       1998      8       8 -0.048623849 0.06303201 0.46974126
90       1999      8       8  0.019085743 0.06717331 0.78586368
     intercept intercept_se intercept_p_value     r_square
1   125.370635   4674.63698        0.98293038 0.0007035886
2  4059.090765   2405.86691        0.34061867 0.7399007974
3   563.610080    388.68288        0.38434826 0.6778908401
4  -330.634026    905.40664        0.77709944 0.1175853203
5   -63.024273   1060.56670        0.96221325 0.0034844932
6  1102.819540    387.94917        0.21534245 0.8899427953
7  -620.229470    606.92657        0.49309904 0.5104761805
8  -233.406148    830.73775        0.82562921 0.0729061553
9   558.348930    374.01862        0.37574180 0.6905343588
10 -614.198077    302.92807        0.29169926 0.8041612290
11 -760.627508    218.56035        0.17812877 0.9237165759
12  173.976022    321.06731        0.68386849 0.2268745829
13  313.689905    240.58998        0.41652262 0.6296138923
14   86.908980    109.77425        0.57367904 0.3860618470
15  486.747585    121.07643        0.15520657 0.9417951067
16 -760.227847    841.33716        0.53221331 0.4494343842
17 -821.245511    806.65478        0.49429419 0.5090094562
18 1103.420432    304.38523        0.17135380 0.9292751352
19  972.938718    379.94547        0.23701449 0.8677582236
20  864.932315   2134.26948        0.72452597 0.0757252931
21 2796.197144   1300.11404        0.16445061 0.6980193574
22 -107.445978    424.80669        0.82394564 0.0309313021
23  143.624869    488.94854        0.79663336 0.0414904253
24  268.735432    511.65578        0.65184394 0.1215558165
25  203.768791    547.51374        0.74550054 0.0649259624
26 -177.897260    372.80341        0.68028705 0.1017218763
27  -46.382895    386.99214        0.91555254 0.0069903064
28  -15.338351    371.19935        0.97079406 0.0008250938
29 -597.054302    135.86865        0.04808157 0.9060908845
30 -275.788388    296.61417        0.45063727 0.3016571116
31  146.518615    144.49440        0.41729534 0.3394887779
32  261.036982    111.83628        0.14473849 0.7315425658
33  288.693022    126.47060        0.14992165 0.7229745177
34 -303.145567    459.43770        0.57719224 0.1786902947
35 -505.282024    404.13343        0.33764902 0.4387131152
36   53.645547    620.93429        0.93902327 0.0037293198
37  919.680295    172.63281        0.03347566 0.9341851265
38 1087.293068   1239.20442        0.44485589 0.2040145929
39 1605.276592   1018.30847        0.21302143 0.4528412727
40  134.274755    282.27558        0.66678976 0.0703384651
41  295.887136    295.74613        0.39080511 0.2506250025
42  -52.589204    348.93906        0.88976647 0.0074185181
43  224.075527    316.40371        0.52989030 0.1435884779
44  -71.747244    223.85331        0.76960936 0.0326739732
45 -227.270649    246.70548        0.42487528 0.2199578398
46 -203.400151    240.31944        0.45951418 0.1925183647
47 -328.423827    173.88106        0.15534084 0.5429214364
48 -144.265357    187.38499        0.49743421 0.1648077862
49  167.115091     84.28854        0.14169127 0.5672407550
50  337.510878     78.24677        0.02294909 0.8612529787
51 -171.753323    275.81687        0.57760232 0.1143558538
52 -285.497797    265.51824        0.36104285 0.2781625133
53  -27.465990    361.45099        0.94421227 0.0019060327
54  280.885920    381.85539        0.51527625 0.1529919265
55  724.770528    838.04215        0.43591088 0.1573093608
56 1288.935338    691.39488        0.13573054 0.4647220890
57  245.666482    195.72001        0.27773660 0.2830837975
58   58.694877    237.23275        0.81676799 0.0152186141
59   35.094940    234.03872        0.88805859 0.0057102722
60  185.117915    208.40532        0.42458934 0.1652838080
61 -193.668849    162.62629        0.29953750 0.2609503570
62 -301.054068    167.07544        0.14591460 0.4476049446
63 -123.964208    163.91958        0.49159450 0.1248264355
64 -219.483818    130.09512        0.16685888 0.4153686678
65  -46.546299    135.06553        0.74773672 0.0287013180
66  248.533730     72.51596        0.02660147 0.7461522004
67   -5.206623    204.50562        0.98090791 0.0001598676
68 -196.661483    181.18174        0.33876803 0.2274708928
69   -7.057249    236.85937        0.97765780 0.0002154820
70  157.950317    259.79296        0.57602619 0.0847985927
71  707.500021    592.81767        0.28622585 0.2214974442
72 1084.074829    503.13128        0.08375064 0.4813204867
73   80.374217    168.17280        0.65286602 0.0439559079
74   96.642845    169.21709        0.59263136 0.0616302737
75   53.084428    165.85769        0.76186499 0.0203725782
76   29.554965    172.64011        0.87078368 0.0059452671
77 -257.380067    120.76880        0.08627513 0.4753980264
78 -217.107792    127.73484        0.14993948 0.3656766738
79  -93.350323    117.27889        0.46215020 0.1121624307
80 -127.432994    106.27700        0.28422359 0.2228523980
81   67.859563    116.16626        0.58447455 0.0641975786
82   13.803078    144.98680        0.92785187 0.0018155473
83  -65.476804    148.77543        0.67823510 0.0373010109
84  -10.087323    167.45238        0.95429819 0.0007100398
85  126.861773    184.52960        0.52235960 0.0866001804
86  677.274299    442.31575        0.17659982 0.2808037407
87  769.461424    416.83067        0.11442576 0.3620539529
88  105.067449    126.18911        0.43693955 0.1041005250
89   96.968633    126.15865        0.47127724 0.0902310935
90  -38.562079    134.51464        0.78400259 0.0132760566
    adj_r_square
1  -0.9985928229
2   0.4798015948
3   0.3557816801
4  -0.7648293595
5  -0.9930310136
6   0.7798855907
7   0.0209523609
8  -0.8541876893
9   0.3810687176
10  0.6083224580
11  0.8474331517
12 -0.5462508342
13  0.2592277846
14 -0.2278763061
15  0.8835902134
16 -0.1011312317
17  0.0180189123
18  0.8585502704
19  0.7355164471
20 -0.3864120604
21  0.5470290362
22 -0.4536030469
23 -0.4377643620
24 -0.3176662753
25 -0.4026110564
26 -0.3474171856
27 -0.4895145404
28 -0.4987623594
29  0.8591363268
30 -0.0475143326
31  0.0092331668
32  0.5973138487
33  0.5844617765
34 -0.2319645579
35  0.1580696727
36 -0.4944060203
37  0.9012776897
38 -0.0613138761
39  0.2704550303
40 -0.2395487132
41  0.0008333366
42 -0.3234419758
43 -0.1418820295
44 -0.2897680357
45 -0.0400562135
46 -0.0766421804
47  0.3905619152
48 -0.1135896184
49  0.4229876734
50  0.8150039716
51 -0.1808588616
52  0.0375500177
53 -0.3307919564
54 -0.1293440980
55 -0.0533632990
56  0.3309026113
57  0.1038547469
58 -0.2309767324
59 -0.2428621598
60 -0.0433952400
61  0.0761879463
62  0.3095061808
63 -0.0939669556
64  0.2692108348
65 -0.2141233525
66  0.6826902505
67 -0.2498001654
68  0.0343386160
69 -0.2497306475
70 -0.1440017592
71  0.0657969330
72  0.3775845841
73 -0.1472529105
74 -0.1260436716
75 -0.1755529062
76 -0.1928656795
77  0.3704776316
78  0.2388120085
79 -0.0654050831
80  0.0674228776
81 -0.1229629057
82 -0.1978213432
83 -0.1552387870
84 -0.1991479522
85 -0.0960797835
86  0.1609376975
87  0.2557296117
88 -0.0452160541
89 -0.0613970575
90 -0.1511779339
 [ reached 'max' / getOption("max.print") -- omitted 100 rows ]
[1] "Stability Time"
[1] 11
[1] "Absolute Range"
[1] -2.0319393  0.4082123
[1] "Relative Range"
[1] -1.9810474  0.4591042
[1] "Proportion Significant"
[1] 0.02631579
[1] "Proportion Significantly Wrong"
[1] 0.02631579
[1] "proportion wrong before stability time"
[1] 0.03225806
[1] "Number of phases"
[1] 2
      Breaks               AICs   AICtot Nfits Nbreaks     AICc
2 1998, 2014 27.23691, 46.37539 73.61231     2       1 80.07385
[1] "TC"
[1] "Multiple Breakups"
   start_year N_data N_years        slope   slope_se    p_value
1        1991      3       3 -0.135555321 0.11426912 0.44588775
2        1992      3       3  0.205283500 0.08251426 0.24330883
3        1993      3       3  0.526345739 0.10285111 0.12285130
4        1994      3       3  0.060632257 0.37173091 0.89706869
5        1995      3       3 -0.449689242 0.07709666 0.10809393
6        1996      3       3  0.159430355 0.27457871 0.66509995
7        1997      3       3  0.127760828 0.29286312 0.73812088
8        1998      3       3  1.030838602 0.81425531 0.42561186
9        1999      3       3  0.018767127 1.39857505 0.99145787
10       2000      3       3 -1.537460811 0.50008643 0.20020040
11       2001      3       3  0.052692319 0.41798891 0.92016785
12       2002      3       3  0.121264515 0.37839873 0.80256702
13       2003      3       3  0.018045315 0.31880510 0.96400384
14       2004      3       3  0.431643927 0.08001383 0.11668571
15       2005      3       3  1.489099368 0.69053601 0.27642713
16       2006      3       3 -0.409267737 1.78655877 0.85663580
17       2007      3       3 -1.037966501 1.42357937 0.59892551
18       2008      3       3  0.033203379 0.80513915 0.97376111
19       2009      3       3 -0.657571267 0.40632022 0.35235952
20       2010      3       3  0.983108744 0.54092682 0.32022781
21       2011      3       3  0.055579569 1.07643604 0.96715861
22       2012      3       3 -1.030928828 0.44914013 0.26156773
23       2013      3       3  1.163020532 0.81753713 0.39005591
24       1991      4       4  0.029363986 0.10806300 0.81130924
25       1992      4       4  0.369337065 0.10165093 0.06810195
26       1993      4       4  0.211288981 0.18762353 0.37707336
27       1994      4       4 -0.116789277 0.19526796 0.61048354
28       1995      4       4 -0.110924549 0.19860166 0.63267095
29       1996      4       4  0.045311785 0.13935462 0.77592731
30       1997      4       4  0.771058251 0.39382435 0.18935886
31       1998      4       4  0.141529403 0.62946482 0.84298553
32       1999      4       4 -0.430489027 0.67711112 0.58996949
33       2000      4       4 -0.756603954 0.50325252 0.27161203
34       2001      4       4 -0.050959969 0.19627585 0.81942860
35       2002      4       4  0.190414161 0.17387067 0.38773131
36       2003      4       4  0.155767156 0.16324758 0.44069497
37       2004      4       4  1.093834795 0.38398701 0.10430628
38       2005      4       4  0.110870413 0.85354536 0.90853607
39       2006      4       4 -0.167604883 0.81106438 0.85541319
40       2007      4       4 -0.888406933 0.64247309 0.30088085
41       2008      4       4 -0.102353025 0.36847658 0.80726703
42       2009      4       4  0.186083285 0.51987520 0.75463635
43       2010      4       4  0.239208692 0.49293285 0.67543438
44       2011      4       4 -0.223437086 0.50763472 0.70282528
45       2012      4       4  0.129854085 0.69963159 0.86987437
46       1991      5       5  0.197372867 0.11533227 0.18554191
47       1992      5       5  0.211635451 0.10832468 0.14574390
48       1993      5       5  0.042789050 0.14559626 0.78800308
49       1994      5       5 -0.001912803 0.13080033 0.98925045
50       1995      5       5 -0.096885295 0.11494886 0.46120231
51       1996      5       5  0.501659748 0.27548332 0.16615188
52       1997      5       5  0.264778902 0.37032256 0.52623093
53       1998      5       5 -0.198895458 0.41316463 0.66316758
54       1999      5       5 -0.278908384 0.40060627 0.53638565
55       2000      5       5 -0.555940055 0.31279871 0.17358626
56       2001      5       5  0.052547956 0.12811206 0.70921329
57       2002      5       5  0.224772440 0.10232547 0.11553405
58       2003      5       5  0.689186659 0.32206942 0.12186805
59       2004      5       5  0.306770350 0.50560738 0.58686310
60       2005      5       5  0.098599599 0.49284557 0.85422605
61       2006      5       5 -0.358019043 0.48099999 0.51068138
62       2007      5       5 -0.671574431 0.39148776 0.18477193
63       2008      5       5  0.275010596 0.30450960 0.43302833
64       2009      5       5 -0.044174930 0.32827279 0.90147447
65       2010      5       5 -0.008012120 0.31838181 0.98150358
66       2011      5       5  0.281254275 0.41328214 0.54498061
67       1991      6       6  0.133861485 0.08393582 0.18598336
68       1992      6       6  0.091179366 0.09932530 0.41056925
69       1993      6       6  0.079249866 0.09761201 0.46240734
70       1994      6       6 -0.023030977 0.08649260 0.80318847
71       1995      6       6  0.269705273 0.22463088 0.29612205
72       1996      6       6  0.217002643 0.24399719 0.42406061
73       1997      6       6 -0.013595856 0.29086871 0.96495927
74       1998      6       6 -0.156793161 0.27156981 0.59463705
75       1999      6       6 -0.272061476 0.26228816 0.35820007
76       2000      6       6 -0.337725798 0.24042715 0.23280601
77       2001      6       6  0.116479928 0.09163213 0.27255992
78       2002      6       6  0.586070575 0.21908782 0.05551361
79       2003      6       6  0.242611522 0.33306398 0.50670895
80       2004      6       6  0.242034072 0.33310122 0.50770669
81       2005      6       6 -0.113468939 0.34509365 0.75879658
82       2006      6       6 -0.354678082 0.31489432 0.32302165
83       2007      6       6 -0.239394300 0.35769245 0.53996847
84       2008      6       6  0.085132639 0.22750305 0.72724405
85       2009      6       6 -0.139794475 0.22188252 0.56286787
86       2010      6       6  0.290931719 0.27061435 0.34286480
87       1991      7       7  0.062962913 0.07209817 0.42245441
88       1992      7       7  0.106427399 0.07078318 0.19301681
89       1993      7       7  0.043120568 0.07210521 0.57587952
90       1994      7       7  0.233448369 0.16021143 0.20486874
      intercept intercept_se intercept_p_value     r_square
1    269.336269     227.6241        0.44669055 0.5845905080
2   -409.794249     164.4509        0.24295169 0.8609067500
3  -1049.825951     205.0851        0.12281791 0.9632208563
4   -121.097413     741.6032        0.89695493 0.0259147537
5    897.378705     153.8849        0.10811769 0.9714461395
6   -318.671563     548.3337        0.66484897 0.2521343023
7   -255.575488     585.1406        0.73783820 0.1598841017
8  -2060.056822    1627.6965        0.42570049 0.6157879179
9    -37.058698    2797.1503        0.99156609 0.0001800304
10  3076.723390    1000.6730        0.20018433 0.9043233869
11  -105.991800     836.8139        0.91979212 0.0156429183
12  -243.537519     757.9327        0.80207608 0.0931345804
13   -36.536587     638.8855        0.96363260 0.0031936638
14  -865.710135     160.4277        0.11665092 0.9667794923
15 -2986.214583    1385.2154        0.27650190 0.8230161415
16   822.143938    3585.6238        0.85651038 0.0498617163
17  2085.183393    2858.5476        0.59878791 0.3470975775
18   -66.904686    1617.5247        0.97368289 0.0016977929
19  1321.556684     816.7037        0.35239434 0.7236866889
20 -1976.991622    1087.8039        0.32023328 0.7676111899
21  -111.733578    2165.7895        0.96718573 0.0026588732
22  2075.304967     904.1191        0.26156267 0.8404742622
23 -2342.105722    1646.5199        0.39008377 0.6692863224
24   -59.128017     215.3156        0.80938117 0.0356042025
25  -736.698319     202.6412        0.06803127 0.8684339842
26  -421.707795     374.2152        0.37680945 0.3880376040
27   232.799407     389.6573        0.61084322 0.1517230747
28   221.317300     396.5083        0.63287702 0.1349306312
29   -90.814818     278.3609        0.77521147 0.0502085723
30 -1540.669308     787.0581        0.18941133 0.6571390498
31  -282.624170    1258.6151        0.84318248 0.0246535429
32   861.303859    1354.5610        0.58992575 0.1681250205
33  1514.489104    1007.2601        0.27157905 0.5305490408
34   101.485529     393.0425        0.82039058 0.0326060307
35  -382.021210     348.3499        0.38720361 0.3748729514
36  -312.485250     327.2298        0.44038743 0.3128221115
37 -2193.182095     770.0861        0.10434698 0.8022672312
38  -221.946709    1712.6390        0.90874597 0.0083656500
39   337.207144    1628.2120        0.85510174 0.0209053460
40  1784.917634    1290.4074        0.30077031 0.4887675794
41   205.382944     740.4538        0.80753366 0.0371459978
42  -373.907748    1045.2093        0.75476749 0.0602033190
43  -481.256582     991.5346        0.67538114 0.1053428425
44   449.554927    1021.6150        0.70289293 0.0883128170
45  -260.964108    1408.7084        0.87011761 0.0169326789
46  -393.801709     229.8573        0.18518406 0.4939859226
47  -422.399002     215.9995        0.14548198 0.5599236216
48   -85.718933     290.4646        0.78715500 0.0279844505
49     3.620843     261.0775        0.98980538 0.0000712805
50   193.294947     229.5529        0.46158982 0.1914630730
51 -1002.141700     550.4158        0.16620453 0.5250235186
52  -529.123169     740.2750        0.52635417 0.1455957097
53   397.885128     826.3295        0.66309543 0.0717078767
54   558.142572     801.6134        0.53635387 0.1390977864
55  1112.960642     626.2232        0.17359507 0.5128943631
56  -105.737337     256.6085        0.70797136 0.0531023106
57  -450.840843     205.0603        0.11532523 0.6166250370
58 -1381.457933     645.7494        0.12193257 0.6041716681
59  -615.117881    1014.2487        0.58701468 0.1092977564
60  -197.331457     989.1413        0.85462991 0.0131659280
61   719.368364     965.8482        0.51042874 0.1558844399
62  1349.517971     786.4991        0.18469463 0.4951823776
63  -552.740570     612.0645        0.43305124 0.2137616681
64    88.911265     660.1567        0.90139145 0.0059999431
65    15.904469     640.5844        0.98175126 0.0002110500
66  -565.884092     831.9372        0.54516689 0.1337321785
67  -267.265865     167.3261        0.18544344 0.3886980657
68  -182.289874     198.1044        0.40955488 0.1740146262
69  -158.433954     194.7848        0.46164318 0.1414760712
70    45.758640     172.6825        0.80411443 0.0174171067
71  -538.542023     448.7003        0.29627266 0.2649199247
72  -433.586575     487.6286        0.42415208 0.1650961268
73    27.162389     581.5922        0.96498829 0.0005459111
74   313.708602     543.2756        0.59458759 0.0769251242
75   544.446474     524.9699        0.35826683 0.2119642671
76   676.241176     481.4555        0.23283744 0.3303372751
77  -233.750456     183.5850        0.27189107 0.2877329081
78 -1174.641440     439.1617        0.05553169 0.6414448649
79  -486.372501     667.9601        0.50686118 0.1171147953
80  -485.300066     668.3678        0.50798780 0.1165998622
81   228.148721     692.7758        0.75843228 0.0263170743
82   712.661942     632.4655        0.32284853 0.2407910667
83   481.556208     718.7832        0.53957390 0.1007048375
84  -171.212462     457.3950        0.72716396 0.0338231761
85   281.138423     446.3168        0.56294516 0.0902781165
86  -585.371239     544.6116        0.34295904 0.2241738339
87  -125.988644     143.7638        0.42093690 0.1323425188
88  -212.689369     141.2125        0.19237419 0.3113630673
89   -86.368048     143.9221        0.57459688 0.0667517823
90  -466.088643     319.9424        0.20495738 0.2980700993
   adj_r_square
1    0.16918102
2    0.72181350
3    0.92644171
4   -0.94817049
5    0.94289228
6   -0.49573140
7   -0.68023180
8    0.23157584
9   -0.99963994
10   0.80864677
11  -0.96871416
12  -0.81373084
13  -0.99361267
14   0.93355898
15   0.64603228
16  -0.90027657
17  -0.30580484
18  -0.99660441
19   0.44737338
20   0.53522238
21  -0.99468225
22   0.68094852
23   0.33857264
24  -0.44659370
25   0.80265098
26   0.08205641
27  -0.27241539
28  -0.29760405
29  -0.42468714
30   0.48570857
31  -0.46301969
32  -0.24781247
33   0.29582356
34  -0.45109095
35   0.06230943
36  -0.03076683
37   0.70340085
38  -0.48745153
39  -0.46864198
40   0.23315137
41  -0.44428100
42  -0.40969502
43  -0.34198574
44  -0.36753077
45  -0.47460098
46   0.32531456
47   0.41323150
48  -0.29602073
49  -0.33323829
50  -0.07804924
51   0.36669802
52  -0.13920572
53  -0.23772283
54  -0.14786962
55   0.35052582
56  -0.26253025
57   0.48883338
58   0.47222889
59  -0.18760299
60  -0.31577876
61  -0.12548741
62   0.32690984
63  -0.04831778
64  -0.32533341
65  -0.33305193
66  -0.15502376
67   0.23587258
68  -0.03248172
69  -0.07315491
70  -0.22822862
71   0.08114991
72  -0.04362984
73  -0.24931761
74  -0.15384359
75   0.01495533
76   0.16292159
77   0.10966614
78   0.55180608
79  -0.10360651
80  -0.10425017
81  -0.21710366
82   0.05098883
83  -0.12411895
84  -0.20772103
85  -0.13715235
86   0.03021729
87  -0.04118898
88   0.17363568
89  -0.11989786
90   0.15768412
 [ reached 'max' / getOption("max.print") -- omitted 186 rows ]
[1] "Stability Time"
[1] 11
[1] "Absolute Range"
[1] -1.537461  1.489099
[1] "Relative Range"
[1] -1.575889  1.450671
[1] "Proportion Significant"
[1] 0
[1] "Proportion Significantly Wrong"
[1] 0
[1] "proportion wrong before stability time"
[1] 0
[1] "Number of phases"
[1] 4
                    Breaks
217 1996, 2000, 2004, 2014
                                         AICs   AICtot Nfits
217 15.601430, 20.030163, 4.765719, 44.670246 85.06756     4
    Nbreaks     AICc
217       3 113.4312
[1] "TX"
[1] "Multiple Breakups"
   start_year N_data N_years         slope   slope_se    p_value
1        1995      3       3 -0.3571599278 2.41823846 0.90664978
2        1996      3       3 -2.0557978933 1.43752937 0.38848231
3        1997      3       3  0.0712735998 0.20946408 0.79120314
4        1998      3       3  0.1032972241 0.22795292 0.72913632
5        1999      3       3  0.2110490483 0.16574238 0.42381646
6        2000      3       3 -0.2478737414 0.09921682 0.24238692
7        2001      3       3  0.2355988436 0.37834984 0.64543817
8        2002      3       3  0.0158385777 0.50522849 0.98004893
9        2003      3       3 -0.3009329768 0.32234035 0.52185719
10       2004      3       3  0.5761282647 0.18403119 0.19683233
11       2005      3       3  0.8049957130 0.05189451 0.04098335
12       2006      3       3 -0.3512204611 0.61564721 0.66995202
13       2007      3       3 -0.5717726559 0.48831134 0.44998156
14       2008      3       3  0.1936266128 0.04640787 0.14975821
15       2009      3       3 -0.3524083544 0.26884557 0.41488128
16       2010      3       3 -0.1607615639 0.37949290 0.74490458
17       2011      3       3  0.0213820799 0.27433221 0.95048051
18       2012      3       3 -0.3321646723 0.07021190 0.13261456
19       2013      3       3 -0.0718675464 0.08007071 0.53433785
20       1995      4       4 -0.5386403312 1.08653294 0.66919333
21       1996      4       4 -1.2775297803 0.78434594 0.24490804
22       1997      4       4  0.1630482586 0.10762234 0.26899529
23       1998      4       4  0.0889831095 0.10227808 0.47602214
24       1999      4       4 -0.0068897813 0.14603613 0.96665824
25       2000      4       4  0.0765795233 0.19250654 0.72921997
26       2001      4       4 -0.0273215466 0.22731498 0.91531638
27       2002      4       4  0.0007919289 0.22611199 0.99752345
28       2003      4       4  0.1136417952 0.27941261 0.72361074
29       2004      4       4  0.6496984583 0.09261580 0.01972191
30       2005      4       4  0.1292427943 0.39083578 0.77231335
31       2006      4       4 -0.2702853289 0.27926295 0.43522362
32       2007      4       4 -0.2816891048 0.27520734 0.41369064
33       2008      4       4 -0.1179182112 0.18106388 0.58171608
34       2009      4       4 -0.1442894431 0.16998063 0.48535714
35       2010      4       4 -0.1829355728 0.17019655 0.39490012
36       2011      4       4 -0.0957145050 0.14007915 0.56495926
37       2012      4       4 -0.2003085127 0.08234860 0.13549293
38       1995      5       5 -0.5255141099 0.62735586 0.46370258
39       1996      5       5 -0.7667455477 0.54040081 0.25099277
40       1997      5       5  0.1335885040 0.06442165 0.12978701
41       1998      5       5 -0.0156207973 0.08446455 0.86507312
42       1999      5       5  0.1290844085 0.11520349 0.34411617
43       2000      5       5 -0.0456942967 0.13166834 0.75147860
44       2001      5       5 -0.0229659377 0.13126445 0.87225343
45       2002      5       5  0.1766001416 0.16536340 0.36384769
46       2003      5       5  0.3168507474 0.19947037 0.21039091
47       2004      5       5  0.2509622641 0.23633891 0.36620032
48       2005      5       5  0.0230451306 0.23383082 0.92770784
49       2006      5       5 -0.1773920705 0.16991856 0.37321237
50       2007      5       5 -0.3309470816 0.16141606 0.13272915
51       2008      5       5 -0.0573356513 0.11023366 0.63891896
52       2009      5       5 -0.1645628226 0.09883391 0.19449321
53       2010      5       5 -0.1928940785 0.09843109 0.14489653
54       2011      5       5 -0.0866271210 0.08104474 0.36348958
55       1995      6       6 -0.3755298496 0.41973037 0.42152187
56       1996      6       6 -0.5221328563 0.38092274 0.24234880
57       1997      6       6  0.0461270293 0.06579112 0.52187498
58       1998      6       6  0.0839982000 0.07978422 0.35181961
59       1999      6       6  0.0267445698 0.09580752 0.79396899
60       2000      6       6 -0.0373337904 0.08633221 0.68771272
61       2001      6       6  0.1093993190 0.11499837 0.39531598
62       2002      6       6  0.3037612942 0.13080250 0.08093318
63       2003      6       6  0.1271385261 0.17043794 0.49714803
64       2004      6       6  0.1403297987 0.16738628 0.44900437
65       2005      6       6  0.0055887553 0.15340962 0.97268484
66       2006      6       6 -0.2423754923 0.11739449 0.10788539
67       2007      6       6 -0.2268084330 0.12157896 0.13553117
68       2008      6       6 -0.0966605772 0.07565217 0.27047131
69       2009      6       6 -0.1769253982 0.06509448 0.05309759
70       2010      6       6 -0.1586374975 0.06740521 0.07821664
71       1995      7       7 -0.2898742556 0.30088606 0.37959249
72       1996      7       7 -0.4237986223 0.27527128 0.18428892
73       1997      7       7  0.1054043206 0.05775380 0.12757540
74       1998      7       7  0.0185148731 0.06791256 0.79604001
75       1999      7       7  0.0149052330 0.06809011 0.83537944
76       2000      7       7  0.0655321153 0.08516899 0.47639151
77       2001      7       7  0.2215703891 0.10395398 0.08624807
78       2002      7       7  0.1647494915 0.12245846 0.23630225
79       2003      7       7  0.0751201115 0.12420354 0.57169794
80       2004      7       7  0.0979163502 0.12086653 0.45468406
81       2005      7       7 -0.0888940175 0.12142043 0.49695582
82       2006      7       7 -0.1864144032 0.08907645 0.09058345
83       2007      7       7 -0.2139339320 0.08629005 0.05589298
84       2008      7       7 -0.1229080702 0.05559918 0.07804463
85       2009      7       7 -0.1552251325 0.04770338 0.02259630
86       1995      8       8 -0.2650050959 0.22472638 0.28294204
87       1996      8       8 -0.2732661398 0.22282316 0.26599664
88       1997      8       8  0.0497159285 0.05372885 0.39050244
89       1998      8       8  0.0111353215 0.05079803 0.83375503
90       1999      8       8  0.0833033767 0.06430503 0.24277327
      intercept intercept_se intercept_p_value       r_square
1    713.882871   4826.80437        0.90652179 0.021347918148
2   4106.326634   2870.74640        0.38841693 0.671610074804
3   -142.974120    418.50926        0.79042712 0.103766991246
4   -206.847062    455.67793        0.72872393 0.170362935364
5   -422.410484    331.48479        0.42358773 0.618529609251
6    495.683761    198.53287        0.24252499 0.861907470899
7   -471.848757    757.45645        0.64532927 0.279412538384
8    -32.033891   1011.97276        0.97985460 0.000981815953
9    602.856817    645.97012        0.52196932 0.465693783848
10 -1155.252368    368.98257        0.19681395 0.907413095942
11 -1614.314141    104.10040        0.04099619 0.995861389111
12   705.470870   1235.60405        0.66972998 0.245544161144
13  1148.548087    980.52925        0.44986425 0.578245841321
14  -388.910704     93.23341        0.14978982 0.945675558870
15   708.282350    540.37964        0.41490663 0.632116396814
16   323.163637    763.16028        0.74499504 0.152151251448
17   -43.407046    551.95646        0.95003768 0.006038317217
18   668.205254    141.33657        0.13269982 0.957230788784
19   144.099837    161.26243        0.53574300 0.446166777784
20  1076.057263   2169.26336        0.66901208 0.109433053835
21  2552.384635   1566.73127        0.24484211 0.570163860941
22  -326.309297    215.08329        0.26851814 0.534367890673
23  -178.237918    204.50505        0.47534718 0.274552792659
24    13.394529    292.14533        0.96759699 0.001111673288
25  -153.439071    385.30191        0.72894966 0.073321825133
26    54.430225    455.19831        0.91574851 0.007171314747
27    -1.900469    453.01545        0.99703359 0.000006133276
28  -227.812834    560.08267        0.72359077 0.076391020645
29 -1302.736083    185.74102        0.01972880 0.960945137022
30  -258.979038    784.21212        0.77260198 0.051841208587
31   543.061038    560.62046        0.43489544 0.318972355601
32   566.157011    552.75403        0.41342935 0.343758662845
33   236.878999    363.84793        0.58182922 0.174961440698
34   290.032711    341.74611        0.48543704 0.264857274413
35   367.748177    342.35042        0.39513658 0.366145865411
36   192.152251    281.90934        0.56582635 0.189260446456
37   402.822757    165.80892        0.13576324 0.747372472486
38  1049.857325   1252.82997        0.46354637 0.189557791467
39  1532.348522   1079.72108        0.25089757 0.401570770382
40  -267.448707    128.77891        0.12939706 0.589044470395
41    30.865292    168.92915        0.86667438 0.011272308211
42  -258.553851    230.52224        0.34371088 0.295029766231
43    91.230843    263.60008        0.75212097 0.038596311017
44    45.710296    262.92276        0.87304938 0.010100524860
45  -354.044319    331.38833        0.36368755 0.275453513140
46  -635.043575    399.93819        0.21052237 0.456837192559
47  -503.270013    474.09597        0.36633173 0.273181421155
48   -45.946524    469.29857        0.92818263 0.003227228834
49   356.624269    341.19656        0.37272476 0.266485780282
50   665.067028    324.28494        0.13265283 0.583542827713
51   115.168636    221.56970        0.63913129 0.082718465848
52   330.782204    198.75504        0.19464683 0.480282976465
53   387.774732    198.04340        0.14513111 0.561427304828
54   173.868434    163.14310        0.36470149 0.275800502648
55   750.438747    838.41173        0.42134184 0.166749237790
56  1043.775440    761.27438        0.24223876 0.319592881619
57   -92.671527    131.54940        0.51999780 0.109440785206
58  -168.306290    159.60839        0.35113739 0.216979649133
59   -53.840060    191.75882        0.79281103 0.019108777546
60    74.498683    172.88031        0.68872806 0.044663705684
61  -219.329070    230.39932        0.39502781 0.184504661938
62  -608.790495    262.19371        0.08096679 0.574152278408
63  -254.797046    341.81342        0.49743226 0.122122503256
64  -281.415043    335.86070        0.44923803 0.149451175492
65   -10.923217    307.96992        0.97340563 0.000331681266
66   487.067658    235.78691        0.10775255 0.515895152138
67   455.921909    244.31300        0.13543479 0.465253432376
68   194.185520    152.09875        0.27078718 0.289837080055
69   355.635102    130.93759        0.05320263 0.648734814021
70   318.873329    135.65303        0.07845929 0.580665131939
71   579.413077    601.17065        0.37940762 0.156565636349
72   847.336418    550.26756        0.18421891 0.321598535611
73  -211.147073    115.50766        0.12709556 0.399821476920
74   -37.361464    135.89311        0.79436669 0.014647478138
75   -30.153494    136.31648        0.83368478 0.009492858793
76  -131.404572    170.59357        0.47593458 0.105870684956
77  -443.970333    208.32387        0.08627793 0.476054883530
78  -330.257180    245.52934        0.23638269 0.265782014491
79  -150.517464    249.15242        0.57212594 0.068172621627
80  -196.347803    242.57924        0.45505257 0.116028956055
81   178.672214    243.81234        0.49655917 0.096820156176
82   374.716444    178.95468        0.09044877 0.466927472524
83   430.061328    173.44308        0.05587169 0.551434420969
84   246.934232    111.81002        0.07825045 0.494274843504
85   312.003101     95.97925        0.02267739 0.679246368642
86   529.749366    449.11597        0.28283003 0.188157261688
87   546.572518    445.53521        0.26585805 0.200427596053
88   -99.825977    107.48462        0.38885667 0.124879891382
89   -22.602361    101.67232        0.83144968 0.007945044470
90  -167.018179    128.77091        0.24226458 0.218563529666
   adj_r_square
1   -0.95730416
2    0.34322015
3   -0.79246602
4   -0.65927413
5    0.23705922
6    0.72381494
7   -0.44117492
8   -0.99803637
9   -0.06861243
10   0.81482619
11   0.99172278
12  -0.50891168
13   0.15649168
14   0.89135112
15   0.26423279
16  -0.69569750
17  -0.98792337
18   0.91446158
19  -0.10766644
20  -0.33585042
21   0.35524579
22   0.30155184
23  -0.08817081
24  -0.49833249
25  -0.39001726
26  -0.48924303
27  -0.49999080
28  -0.38541347
29   0.94141771
30  -0.42223819
31  -0.02154147
32   0.01563799
33  -0.23755784
34  -0.10271409
35   0.04921880
36  -0.21610933
37   0.62105871
38  -0.08058961
39   0.20209436
40   0.45205929
41  -0.31830359
42   0.06003969
43  -0.28187159
44  -0.31986597
45   0.03393802
46   0.27578292
47   0.03090856
48  -0.32903036
49   0.02198104
50   0.44472377
51  -0.22304205
52   0.30704397
53   0.41523641
54   0.03440067
55  -0.04156345
56   0.14949110
57  -0.11319902
58   0.02122456
59  -0.22611403
60  -0.19417037
61  -0.01936917
62   0.46769035
63  -0.09734687
64  -0.06318603
65  -0.24958540
66   0.39486894
67   0.33156679
68   0.11229635
69   0.56091852
70   0.47583141
71  -0.01212124
72   0.18591824
73   0.27978577
74  -0.18242303
75  -0.18860857
76  -0.07295518
77   0.37126586
78   0.11893842
79  -0.11819285
80  -0.06076525
81  -0.08381581
82   0.36031297
83   0.46172131
84   0.39312981
85   0.61509564
86   0.05285014
87   0.06716553
88  -0.02097346
89  -0.15739745
90   0.08832412
 [ reached 'max' / getOption("max.print") -- omitted 100 rows ]
[1] "Stability Time"
[1] 12
[1] "Absolute Range"
[1] -2.0557979  0.8049957
[1] "Relative Range"
[1] -2.0103373  0.8504563
[1] "Proportion Significant"
[1] 0.08421053
[1] "Proportion Significantly Wrong"
[1] 0.08421053
[1] "proportion wrong before stability time"
[1] 0.0962963
[1] "Number of phases"
[1] 4
                    Breaks                                   AICs
411 1998, 2003, 2009, 2014 28.33709, 14.89872, 24.78889, 15.33132
      AICtot Nfits Nbreaks     AICc
411 83.35602     4       3 127.9275
[1] "Cary Forest"
[1] "Multiple Breakups"
   start_year N_data N_years       slope   slope_se    p_value
1        1991      3       3 -0.05269061 0.02258527 0.25779866
2        1992      3       3  0.03034046 0.07052329 0.74135225
3        1993      3       3  1.26162472 0.64035901 0.29900938
4        1994      3       3  1.76022841 0.35249004 0.12582044
5        1995      3       3 -0.90904637 1.18861647 0.58434966
6        1996      3       3 -1.34682319 0.93586590 0.38660273
7        1997      3       3  0.01897191 0.14732373 0.91846673
8        1998      3       3  0.51045383 0.43108095 0.44645854
9        1999      3       3  0.09208673 0.67262531 0.91338116
10       2000      3       3 -0.88467476 0.10869180 0.07782556
11       2001      3       3  0.82556996 0.87871845 0.51984665
12       2002      3       3  0.26283392 1.20361425 0.86312957
13       2003      3       3 -1.04389286 0.44917519 0.25868509
14       2004      3       3  0.57455700 0.48523727 0.44647203
15       2005      3       3  1.36086970 0.03125943 0.01462070
16       2006      3       3 -0.47152493 1.02667411 0.72591002
17       2007      3       3 -0.81331119 0.82934372 0.50621330
18       2008      3       3  0.16169905 0.26642130 0.65272428
19       2009      3       3 -0.49837748 0.11467406 0.14397692
20       2010      3       3  0.25509922 0.54969404 0.72339075
21       2011      3       3  0.30982588 0.51809759 0.65689210
22       2012      3       3 -0.72580325 0.07982317 0.06973460
23       2013      3       3 -0.22762644 0.36744569 0.64691645
24       1991      4       4  0.00495180 0.03477885 0.89982877
25       1992      4       4  0.74468103 0.41362889 0.21360628
26       1993      4       4  1.33896006 0.28983705 0.04380120
27       1994      4       4  0.28076967 0.86859037 0.77717605
28       1995      4       4 -0.75996364 0.53848897 0.29362546
29       1996      4       4 -0.85153959 0.50689014 0.23498476
30       1997      4       4  0.36489550 0.21030589 0.22486403
31       1998      4       4  0.11010275 0.30098697 0.74957815
32       1999      4       4 -0.26096592 0.36336440 0.54720335
33       2000      4       4  0.10382013 0.57277409 0.87287088
34       2001      4       4  0.18353134 0.54021639 0.76641548
35       2002      4       4 -0.10425794 0.57849483 0.87358561
36       2003      4       4 -0.22842180 0.51187501 0.69908233
37       2004      4       4  0.87825350 0.27898906 0.08782061
38       2005      4       4  0.27226150 0.62866369 0.70718854
39       2006      4       4 -0.32094634 0.46730067 0.56314475
40       2007      4       4 -0.51559814 0.40878669 0.33439592
41       2008      4       4 -0.14205582 0.21201824 0.57184771
42       2009      4       4 -0.00656720 0.28854083 0.98390831
43       2010      4       4  0.09751562 0.26212638 0.74559873
44       2011      4       4 -0.13207733 0.34464161 0.73844796
45       2012      4       4 -0.39924560 0.19188794 0.17296131
46       1991      5       5  0.48964174 0.28055534 0.17928118
47       1992      5       5  0.96855249 0.27154330 0.03763642
48       1993      5       5  0.49307702 0.51624401 0.40997768
49       1994      5       5 -0.01644719 0.53002739 0.97719396
50       1995      5       5 -0.62539442 0.32045761 0.14604998
51       1996      5       5 -0.33075336 0.41958547 0.48807824
52       1997      5       5  0.14651422 0.17504185 0.46401223
53       1998      5       5 -0.13127102 0.22275132 0.59708582
54       1999      5       5  0.19012773 0.33442446 0.60945390
55       2000      5       5 -0.08362234 0.34794868 0.82556149
56       2001      5       5 -0.03476238 0.33639555 0.92421554
57       2002      5       5  0.12617780 0.35951676 0.74881467
58       2003      5       5  0.24170213 0.40126157 0.58942196
59       2004      5       5  0.31338677 0.36373494 0.45228055
60       2005      5       5  0.12471842 0.37282122 0.76000531
61       2006      5       5 -0.28659259 0.27052424 0.36716361
62       2007      5       5 -0.49233566 0.23639494 0.12867241
63       2008      5       5  0.06704381 0.17192478 0.72260386
64       2009      5       5 -0.02440080 0.16690701 0.89303923
65       2010      5       5 -0.12631644 0.19900672 0.57070019
66       2011      5       5 -0.11228087 0.19930691 0.61255387
67       1991      6       6  0.72241829 0.22758527 0.03371944
68       1992      6       6  0.47018105 0.33821946 0.23683812
69       1993      6       6  0.22012002 0.37289789 0.58672828
70       1994      6       6 -0.13275959 0.35342281 0.72625671
71       1995      6       6 -0.31801716 0.27478158 0.31153511
72       1996      6       6 -0.28798317 0.27579088 0.35533811
73       1997      6       6 -0.03629889 0.15579310 0.82720288
74       1998      6       6  0.15388304 0.21992999 0.52267378
75       1999      6       6  0.03158093 0.23729799 0.90055244
76       2000      6       6 -0.16321680 0.23237505 0.52116136
77       2001      6       6  0.10997870 0.23554471 0.66486060
78       2002      6       6  0.36066643 0.27151823 0.25478831
79       2003      6       6  0.02009772 0.29218856 0.94846325
80       2004      6       6  0.19624877 0.24753808 0.47226352
81       2005      6       6  0.02192402 0.25118081 0.93464082
82       2006      6       6 -0.33540669 0.17932811 0.13477623
83       2007      6       6 -0.24289882 0.21139832 0.31458541
84       2008      6       6  0.03327381 0.11422744 0.78530714
85       2009      6       6 -0.14944757 0.13096318 0.31749016
86       2010      6       6 -0.11382208 0.13048004 0.43226114
87       1991      7       7  0.41017326 0.24165371 0.15038781
88       1992      7       7  0.27118730 0.26532189 0.35361175
89       1993      7       7  0.07374392 0.27689060 0.80062011
90       1994      7       7 -0.02538535 0.25748187 0.92529369
     intercept intercept_se intercept_p_value     r_square
1    103.84137     44.98986        0.26027719 0.8447860134
2    -61.57117    140.55292        0.73715008 0.1561811269
3  -2515.97184   1276.87598        0.29897956 0.7951500871
4  -3510.72350    703.21769        0.12585299 0.9614450523
5   1815.57294   2372.47867        0.58416071 0.3690490986
6   2690.20765   1868.92436        0.38653602 0.6743801585
7    -38.28075    294.35284        0.91766933 0.0163129919
8  -1020.34040    861.73090        0.44647604 0.5837067071
9   -184.13400   1345.25073        0.91339950 0.0183985212
10  1770.10291    217.49231        0.07783128 0.9851297005
11 -1652.72961   1759.19448        0.51985849 0.4688451506
12  -526.45181   2410.83955        0.86313073 0.0455152752
13  2092.05243    900.14715        0.25867504 0.8437762807
14 -1152.11991    972.90082        0.44643579 0.5836858132
15 -2729.21913     62.70641        0.01462437 0.9994726490
16   947.19335   2060.53511        0.72569504 0.1741903385
17  1633.86504   1665.32233        0.50606990 0.4902407947
18  -324.75934    535.24043        0.65280606 0.2692002388
19  1001.70826    230.49489        0.14398116 0.9497184722
20  -512.96487   1105.43481        0.72340957 0.1772022735
21  -623.35580   1042.41243        0.65689837 0.2634125988
22  1460.97436    160.68406        0.06973781 0.9880491521
23   458.02445    740.03569        0.64717465 0.2773310358
24   -10.96310     69.29686        0.88882575 0.0100342748
25 -1485.01381    824.56932        0.21350688 0.6184150780
26 -2670.15273    578.08010        0.04381358 0.9143161533
27  -559.69648   1733.27235        0.77739509 0.0496505118
28  1518.05351   1075.09340        0.29344222 0.4989649893
29  1701.29139   1012.51321        0.23492120 0.5852483113
30  -729.32078    420.29638        0.22483137 0.6008357660
31  -220.17204    601.82353        0.74955517 0.0627111017
32   521.85362    726.91059        0.54734732 0.2050248100
33  -207.54586   1146.40753        0.87302146 0.0161618130
34  -367.58230   1081.78350        0.76637898 0.0545617294
35   208.71084   1159.01457        0.87368685 0.0159805972
36   458.12024   1026.05361        0.69893371 0.0905514433
37 -1760.93015    559.51265        0.08785606 0.8320712382
38  -545.83396   1261.41389        0.70741341 0.0857385500
39   645.03231    938.10624        0.56274305 0.1908425090
40  1036.15648    821.04819        0.33418928 0.4430287887
41   285.38295    426.05073        0.57194360 0.1833143805
42    13.33352    580.11144        0.98374971 0.0002589425
43  -196.11677    527.26729        0.74564231 0.0647200053
44   265.60617    693.59135        0.73863086 0.0684094677
45   803.72267    386.36642        0.17301285 0.6839929925
46  -976.46545    559.14694        0.17908410 0.5037983368
47 -1931.18963    541.45747        0.03764159 0.8091891184
48  -983.46195   1029.90706        0.41007294 0.2331801470
49    33.25115   1057.93493        0.97690053 0.0003208677
50  1249.45335    639.95402        0.14592953 0.5593816054
51   661.28130    838.33198        0.48781598 0.1715899177
52  -292.99498    349.90875        0.46385627 0.1893226458
53   262.33414    445.50275        0.59736152 0.1037536348
54  -380.33367    669.18352        0.60955417 0.0972604041
55   167.52653    696.59342        0.82544513 0.0188890939
56    69.44172    673.80046        0.92441847 0.0035469415
57  -252.85195    720.47176        0.74882260 0.0394394707
58  -484.00812    804.52964        0.58986186 0.1078948313
59  -628.37236    729.65247        0.45246293 0.1983582749
60  -249.86253    748.25238        0.76041385 0.0359611213
61   576.08433    543.21281        0.36672935 0.2722548418
62   989.44542    474.91755        0.12858374 0.5911451566
63  -134.69822    345.56890        0.72271924 0.0482441560
64    49.17905    335.65008        0.89280380 0.0070738281
65   254.00949    400.40162        0.57089891 0.1183958804
66   225.77569    401.20492        0.61292220 0.0956693477
67 -1440.23394    453.69141        0.03371285 0.7158288286
68  -937.76923    674.57896        0.23684112 0.3257548572
69  -439.09471    744.11801        0.58685504 0.0801317931
70   265.33317    705.60889        0.72598524 0.0340742577
71   635.82588    548.87640        0.31114614 0.2508589086
72   575.85497    551.16827        0.35509954 0.2142027116
73    72.32656    311.50842        0.82779214 0.0133898558
74  -307.78388    439.97011        0.52274946 0.1090455838
75   -63.18723    474.95211        0.90058685 0.0044084205
76   326.82157    465.33121        0.52118569 0.1097945937
77  -220.37817    471.91401        0.66481083 0.0516848386
78  -722.61085    544.25849        0.25497922 0.3060936563
79   -39.83900    585.98437        0.94905920 0.0011813909
80  -393.47164    496.68534        0.47257987 0.1357957747
81   -43.62271    504.24566        0.93521785 0.0019009960
82   674.07050    360.18064        0.13460066 0.4665398153
83   488.49311    424.80508        0.31425003 0.2481520166
84   -66.84303    229.65435        0.78547445 0.0207724556
85   300.56476    263.43252        0.31755933 0.2455968669
86   228.87917    262.59117        0.43260839 0.1598342540
87  -818.03368    481.85773        0.15032836 0.3655651579
88  -541.04201    529.31744        0.35359301 0.1728293901
89  -147.12317    552.67392        0.80071198 0.0139877637
90    51.04999    514.19156        0.92477199 0.0019402588
   adj_r_square
1   0.689572027
2  -0.687637746
3   0.590300174
4   0.922890105
5  -0.261901803
6   0.348760317
7  -0.967374016
8   0.167413414
9  -0.963202958
10  0.970259401
11 -0.062309699
12 -0.908969450
13  0.687552561
14  0.167371626
15  0.998945298
16 -0.651619323
17 -0.019518411
18 -0.461599522
19  0.899436944
20 -0.645595453
21 -0.473174802
22  0.976098304
23 -0.445337928
24 -0.484948588
25  0.427622617
26  0.871474230
27 -0.425524232
28  0.248447484
29  0.377872467
30  0.401253649
31 -0.405933347
32 -0.192462785
33 -0.475757281
34 -0.418157406
35 -0.476029104
36 -0.364172835
37  0.748106857
38 -0.371392175
39 -0.213736236
40  0.164543183
41 -0.225028429
42 -0.499611586
43 -0.402919992
44 -0.397385798
45  0.525989489
46  0.338397782
47  0.745585491
48 -0.022426471
49 -0.332905510
50  0.412508807
51 -0.104546776
52 -0.080903139
53 -0.194995154
54 -0.203652795
55 -0.308147875
56 -0.328604078
57 -0.280747372
58 -0.189473558
59 -0.068855633
60 -0.285385172
61  0.029673122
62  0.454860209
63 -0.269007792
64 -0.323901562
65 -0.175472160
66 -0.205774203
67  0.644786036
68  0.157193572
69 -0.149835259
70 -0.207407178
71  0.063573636
72  0.017753390
73 -0.233262680
74 -0.113693020
75 -0.244489474
76 -0.112756758
77 -0.185393952
78  0.132617070
79 -0.248523261
80 -0.080255282
81 -0.247623755
82  0.333174769
83  0.060190021
84 -0.224034431
85  0.056996084
86 -0.050207183
87  0.238678189
88  0.007395268
89 -0.183214684
90 -0.197671689
 [ reached 'max' / getOption("max.print") -- omitted 186 rows ]
[1] "Stability Time"
[1] 12
[1] "Absolute Range"
[1] -1.346823  1.760228
[1] "Relative Range"
[1] -1.361976  1.745075
[1] "Proportion Significant"
[1] 0.01811594
[1] "Proportion Significantly Wrong"
[1] 0.01811594
[1] "Proportion wrong before stability time"
[1] 0.02923977
[1] "Number of phases"
[1] 4
                    Breaks                                   AICs
391 1995, 2000, 2005, 2014 38.79326, 32.68458, 32.34160, 63.93435
      AICtot Nfits Nbreaks     AICc
391 167.7538     4       3 196.1174
null device 
          1 
