Sept 29 2019

Running bad breakup, stability time, absolute range, and relative range on deer tick data from Harvard forest. Dataset can be found here: https://portal.lternet.edu/nis/mapbrowse?packageid=knb-lter-hfr.299.2
Including deer tick found on person and deer tick bite data.

[1] "Deer ticks found on people in Harvard forest"
[1] "Simes Tract"
[1] "Multiple Breakups"
   start_year N_data N_years       slope     slope_se      p_value     r_square adj_r_square
1        2006      3       3 -0.13060041 2.262065e-01 6.666667e-01 0.2500000000 -0.500000000
2        2007      3       3  0.26120082 7.677752e-14 1.871284e-13 1.0000000000  1.000000000
3        2008      3       3 -0.06530021 1.885055e-01 7.877044e-01 0.1071428571 -0.785714286
4        2009      3       3 -0.19590062 1.131033e-01 3.333333e-01 0.7500000000  0.500000000
5        2010      3       3  1.43660452 8.294240e-01 3.333333e-01 0.7500000000  0.500000000
6        2011      3       3  1.17540370 9.802284e-01 4.425159e-01 0.5898058252  0.179611650
7        2012      3       3 -1.17540370 3.770109e-01 1.975961e-01 0.9067164179  0.813432836
8        2013      3       3 -1.24070390 3.393098e-01 1.699483e-01 0.9304123711  0.860824742
9        2014      3       3 -0.26120082 2.262065e-01 4.543711e-01 0.5714285714  0.142857143
10       2015      3       3  0.06530021 3.770109e-02 3.333333e-01 0.7500000000  0.500000000
11       2006      4       4  0.02612008 1.357239e-01 8.651600e-01 0.0181818182 -0.472727273
12       2007      4       4  0.06530021 1.131033e-01 6.220355e-01 0.1428571429 -0.285714286
13       2008      4       4 -0.07836025 8.463874e-02 4.522774e-01 0.3000000000 -0.050000000
14       2009      4       4  0.74442234 5.452469e-01 3.054459e-01 0.4824053452  0.223608018
15       2010      4       4  0.99256312 4.509025e-01 1.586659e-01 0.7078431373  0.561764706
16       2011      4       4  0.10448033 7.579326e-01 9.029857e-01 0.0094117647 -0.485882353
17       2012      4       4 -1.08398341 1.766730e-01 2.555039e-02 0.9495520331  0.924328050
18       2013      4       4 -0.77054242 3.109826e-01 1.315073e-01 0.7542795233  0.631419285
19       2014      4       4 -0.14366045 1.218160e-01 3.595552e-01 0.4101694915  0.115254237
20       2006      5       5 -0.02612008 8.396432e-02 7.760988e-01 0.0312500000 -0.291666667
21       2007      5       5  0.01306004 7.192910e-02 8.674965e-01 0.0108695652 -0.318840580
22       2008      5       5  0.50934160 3.428105e-01 2.340246e-01 0.4239130435  0.231884058
23       2009      5       5  0.67912214 3.170480e-01 1.216211e-01 0.6046511628  0.472868217
24       2010      5       5  0.33956107 4.581575e-01 5.123479e-01 0.1547619048 -0.126984127
25       2011      5       5 -0.26120082 4.858616e-01 6.281707e-01 0.0878734622 -0.216168717
26       2012      5       5 -0.82278259 1.820615e-01 2.025649e-02 0.8719244288  0.829232572
27       2013      5       5 -0.52240164 2.296984e-01 1.074987e-01 0.6329113924  0.510548523
28       2006      6       6 -0.03731440 5.534620e-02 5.371404e-01 0.1020408163 -0.122448980
29       2007      6       6  0.40672699 2.321104e-01 1.546004e-01 0.4342735303  0.292841913
30       2008      6       6  0.52986452 2.247348e-01 7.785525e-02 0.5815420112  0.476927514
31       2009      6       6  0.30224666 3.007072e-01 3.717086e-01 0.2016390924  0.002048865
32       2010      6       6  0.01119432 3.548271e-01 9.763434e-01 0.0002487677 -0.249689040
33       2011      6       6 -0.30970955 3.193017e-01 3.869928e-01 0.1904178376 -0.011977703
34       2012      6       6 -0.63061341 1.628351e-01 1.795205e-02 0.7894504077  0.736813010
35       2006      7       7  0.27052942 1.819914e-01 1.972951e-01 0.3064868805  0.167784257
36       2007      7       7  0.44777284 1.658288e-01 4.277328e-02 0.5932028836  0.511843460
37       2008      7       7  0.28452232 2.128782e-01 2.389605e-01 0.2632286361  0.115874363
38       2009      7       7  0.06530021 2.528378e-01 8.064932e-01 0.0131649651 -0.184202042
39       2010      7       7 -0.09328601 2.580501e-01 7.324970e-01 0.0254712175 -0.169434539
40       2011      7       7 -0.29385092 2.259660e-01 2.501672e-01 0.2527381559  0.103285787
41       2006      8       8  0.33272009 1.403200e-01 5.543347e-02 0.4837537499  0.397712708
42       2007      8       8  0.27519372 1.587614e-01 1.337288e-01 0.3336741541  0.222619846
43       2008      8       8  0.10416938 1.897856e-01 6.028989e-01 0.0478107593 -0.110887448
44       2009      8       8 -0.02798580 1.959993e-01 8.911341e-01 0.0033864292 -0.162715833
45       2010      8       8 -0.12904564 1.934441e-01 5.295160e-01 0.0690481202 -0.086110526
46       2006      9       9  0.21766735 1.273821e-01 1.312435e-01 0.2943485086  0.193541153
47       2007      9       9  0.13277708 1.479322e-01 3.992406e-01 0.1032082101 -0.024904903
48       2008      9       9  0.02176674 1.545139e-01 8.919390e-01 0.0028269883 -0.139626299
49       2009      9       9 -0.06965355 1.537146e-01 6.641631e-01 0.0284972171 -0.110288895
50       2006     10      10  0.11160399 1.186405e-01 3.743960e-01 0.0995957258 -0.012954808
51       2007     10      10  0.06015534 1.252363e-01 6.438487e-01 0.0280317590 -0.093464271
52       2008     10      10 -0.02137098 1.257505e-01 8.692705e-01 0.0035972821 -0.120953058
53       2006     11      11  0.05461472 1.023050e-01 6.063825e-01 0.0306933565 -0.077007382
54       2007     11      11  0.01780915 1.051371e-01 8.692363e-01 0.0031779661 -0.107580038
55       2006     12      12  0.01963573 8.748572e-02 8.269306e-01 0.0050123026 -0.094486467
[1] "Stability Time"
[1] 10
[1] "Absolute Range"
[1] -1.240704  1.436605
[1] "Cambridge"
[1] "Multiple Breakups"
ERROR : 0 (non-NA) cases 
[1] "Shaler Hall"
[1] "Multiple Breakups"
   start_year N_data N_years         slope     slope_se    p_value     r_square  adj_r_square
1        2006      3       3  9.614813e-17 5.551115e-17 0.33333333 6.666667e-01  0.3333333333
2        2007      3       3  1.513825e+00 8.740074e-01 0.33333333 7.500000e-01  0.5000000000
3        2008      3       3 -1.158728e-13 1.748015e+00 1.00000000 4.371513e-27 -1.0000000000
4        2009      3       3 -1.513825e+00 8.740074e-01 0.33333333 7.500000e-01  0.5000000000
5        2010      3       3  6.055301e-01 3.496029e-01 0.33333333 7.500000e-01  0.5000000000
6        2011      3       3  9.082951e-01 1.748015e-01 0.12103772 9.642857e-01  0.9285714286
7        2012      3       3 -6.055301e-01 6.992059e-01 0.54562895 4.285714e-01 -0.1428571429
8        2013      3       3 -9.082951e-01 5.244044e-01 0.33333333 7.500000e-01  0.5000000000
9        2014      3       3  9.614813e-17 5.551115e-17 0.33333333 6.666667e-01  0.3333333333
10       2015      3       3  6.055301e-01 3.496029e-01 0.33333333 7.500000e-01  0.5000000000
11       2006      4       4  9.082951e-01 5.244044e-01 0.22540333 6.000000e-01  0.4000000000
12       2007      4       4  3.027650e-01 8.010410e-01 0.74180111 6.666667e-02 -0.4000000000
13       2008      4       4 -3.027650e-01 8.010410e-01 0.74180111 6.666667e-02 -0.4000000000
14       2009      4       4 -5.449771e-01 6.823977e-01 0.50827747 2.417910e-01 -0.1373134328
15       2010      4       4  6.660831e-01 1.602082e-01 0.05327074 8.962963e-01  0.8444444444
16       2011      4       4  6.055301e-02 4.956477e-01 0.91393370 7.407407e-03 -0.4888888889
17       2012      4       4 -5.449771e-01 3.146427e-01 0.22540333 6.000000e-01  0.4000000000
18       2013      4       4 -5.449771e-01 3.146427e-01 0.22540333 6.000000e-01  0.4000000000
19       2014      4       4  3.633180e-01 2.097618e-01 0.22540333 6.000000e-01  0.4000000000
20       2006      5       5  3.027650e-01 4.624812e-01 0.55940434 1.250000e-01 -0.1666666667
21       2007      5       5 -3.582806e-14 4.944132e-01 1.00000000 1.749246e-27 -0.3333333333
22       2008      5       5 -6.055301e-02 4.831609e-01 0.90819168 5.208333e-03 -0.3263888889
23       2009      5       5 -1.211060e-01 4.638007e-01 0.81090199 2.222222e-02 -0.3037037037
24       2010      5       5  1.816590e-01 2.945807e-01 0.58109067 1.125000e-01 -0.1833333333
25       2011      5       5 -1.211060e-01 3.047768e-01 0.71768564 5.000000e-02 -0.2666666667
26       2012      5       5 -4.238710e-01 1.946507e-01 0.11761376 6.125000e-01  0.4833333333
27       2013      5       5 -1.211060e-01 3.047768e-01 0.71768564 5.000000e-02 -0.2666666667
28       2006      6       6  8.650430e-02 3.275000e-01 0.80472616 1.714286e-02 -0.2285714286
29       2007      6       6  8.650430e-02 3.275000e-01 0.80472616 1.714286e-02 -0.2285714286
30       2008      6       6  1.038052e-01 3.302305e-01 0.76897437 2.410714e-02 -0.2198660714
31       2009      6       6 -2.422120e-01 3.115756e-01 0.48034829 1.312500e-01 -0.0859375000
32       2010      6       6  1.730086e-02 2.149302e-01 0.93970994 1.617251e-03 -0.2479784367
33       2011      6       6 -1.557077e-01 2.005209e-01 0.48080304 1.309973e-01 -0.0862533693
34       2012      6       6 -1.557077e-01 2.005209e-01 0.48080304 1.309973e-01 -0.0862533693
35       2006      7       7  1.297564e-01 2.329199e-01 0.60148414 5.844156e-02 -0.1298701299
36       2007      7       7  1.730086e-01 2.369018e-01 0.49797498 9.638554e-02 -0.0843373494
37       2008      7       7 -4.325215e-02 2.484647e-01 0.86863311 6.024096e-03 -0.1927710843
38       2009      7       7 -2.595129e-01 2.205435e-01 0.29227949 2.168675e-01  0.0602409639
39       2010      7       7 -4.325215e-02 1.559478e-01 0.79261287 1.515152e-02 -0.1818181818
40       2011      7       7 -2.162607e-02 1.615455e-01 0.89872692 3.571429e-03 -0.1957142857
41       2006      8       8  1.874260e-01 1.767722e-01 0.32982636 1.577965e-01  0.0174291939
42       2007      8       8  4.325215e-02 1.918108e-01 0.82907952 8.403361e-03 -0.1568627451
43       2008      8       8 -1.009217e-01 1.881639e-01 0.61100914 4.575163e-02 -0.1132897603
44       2009      8       8 -2.450955e-01 1.645941e-01 0.18703925 2.698413e-01  0.1481481481
45       2010      8       8  3.604346e-02 1.249275e-01 0.78266062 1.368363e-02 -0.1507024266
46       2006      9       9  8.073734e-02 1.501440e-01 0.60742536 3.966942e-02 -0.0975206612
47       2007      9       9 -2.018434e-02 1.530236e-01 0.89877196 2.479339e-03 -0.1400236128
48       2008      9       9 -1.211060e-01 1.462162e-01 0.43484649 8.925620e-02 -0.0408500590
49       2009      9       9 -1.412903e-01 1.408778e-01 0.34929693 1.256410e-01  0.0007326007
50       2006     10      10  2.201928e-02 1.244787e-01 0.86398966 3.896104e-03 -0.1206168831
51       2007     10      10 -5.137831e-02 1.233920e-01 0.68807667 2.121212e-02 -0.1011363636
52       2008     10      10 -5.871807e-02 1.220752e-01 0.64339678 2.810716e-02 -0.0933794466
53       2006     11      11 -1.100964e-02 1.034099e-01 0.91754798 1.257862e-03 -0.1097134871
54       2007     11      11 -1.100964e-02 1.034099e-01 0.91754798 1.257862e-03 -0.1097134871
55       2006     12      12  1.693790e-02 8.754210e-02 0.85045422 3.729604e-03 -0.0958974359
[1] "Stability Time"
[1] 10
[1] "Absolute Range"
[1] -1.513825  1.513825
[1] "Prospect Hill"
[1] "Multiple Breakups"
   start_year N_data N_years         slope   slope_se     p_value     r_square adj_r_square
1        2006      3       3  4.072497e-01 0.23512571 0.333333333 7.500000e-01  0.500000000
2        2007      3       3  2.714998e-01 0.31350094 0.545628948 4.285714e-01 -0.142857143
3        2008      3       3 -6.787495e-02 0.11756285 0.666666667 2.500000e-01 -0.500000000
4        2009      3       3  3.393747e-01 0.11756285 0.212295615 8.928571e-01  0.785714286
5        2010      3       3  1.221749e+00 0.39187618 0.197596124 9.067164e-01  0.813432836
6        2011      3       3  6.108745e-01 0.74456474 0.562588901 4.023179e-01 -0.195364238
7        2012      3       3 -4.072497e-01 0.15675047 0.233908049 8.709677e-01  0.741935484
8        2013      3       3 -8.144993e-01 0.39187618 0.285482010 8.120301e-01  0.624060150
9        2014      3       3 -9.502492e-01 0.31350094 0.202871878 9.018405e-01  0.803680982
10       2015      3       3  6.912332e-14 0.23512571 1.000000000 8.618904e-26 -1.000000000
11       2006      4       4  2.443498e-01 0.14107543 0.225403331 6.000000e-01  0.400000000
12       2007      4       4  1.764749e-01 0.15055391 0.361855098 4.072289e-01  0.110843373
13       2008      4       4  1.357499e-01 0.12878365 0.402385695 3.571429e-01  0.035714286
14       2009      4       4  8.280743e-01 0.28700750 0.102066897 8.062839e-01  0.709425785
15       2010      4       4  7.194744e-01 0.33883129 0.167698954 6.927250e-01  0.539087546
16       2011      4       4  2.579248e-01 0.39038421 0.576731377 1.791563e-01 -0.231265509
17       2012      4       4 -7.058994e-01 0.18613087 0.063025039 8.779221e-01  0.816883117
18       2013      4       4 -7.601994e-01 0.17803431 0.050711095 9.011494e-01  0.851724138
19       2014      4       4 -4.886996e-01 0.30110782 0.246062965 5.684211e-01  0.352631579
20       2006      5       5  1.900498e-01 0.08727497 0.117613761 6.125000e-01  0.483333333
21       2007      5       5  2.307748e-01 0.09240304 0.087901709 6.752336e-01  0.566978193
22       2008      5       5  5.294246e-01 0.23914081 0.113691518 6.203100e-01  0.493746601
23       2009      5       5  6.244495e-01 0.20317183 0.054412449 7.589670e-01  0.678622669
24       2010      5       5  4.479746e-01 0.25067826 0.171896773 5.156250e-01  0.354166667
25       2011      5       5 -1.628999e-01 0.33140772 0.656761271 7.453416e-02 -0.233954451
26       2012      5       5 -7.058994e-01 0.10746271 0.007176593 9.349931e-01  0.913324112
27       2013      5       5 -5.158496e-01 0.17454994 0.059768703 7.443299e-01  0.659106529
28       2006      6       6  2.249570e-01 0.06058517 0.020598735 7.751152e-01  0.718894009
29       2007      6       6  4.848210e-01 0.15865826 0.037814867 7.000971e-01  0.625121350
30       2008      6       6  4.693068e-01 0.16035586 0.042956843 6.816637e-01  0.602079615
31       2009      6       6  4.576711e-01 0.16420291 0.049451801 6.601138e-01  0.575142225
32       2010      6       6  9.308564e-02 0.26251347 0.740798712 3.047619e-02 -0.211904762
33       2011      6       6 -3.180426e-01 0.23472015 0.246892287 3.145976e-01  0.143247037
34       2012      6       6 -5.468781e-01 0.11566547 0.009116854 8.482258e-01  0.810282301
35       2006      7       7  4.169461e-01 0.11883556 0.017126313 7.111538e-01  0.653384615
36       2007      7       7  4.508836e-01 0.11388652 0.010752932 7.581522e-01  0.709782609
37       2008      7       7  3.830086e-01 0.12385256 0.027083860 6.566709e-01  0.588005051
38       2009      7       7  1.890802e-01 0.19372226 0.373872046 1.600379e-01 -0.007954545
39       2010      7       7 -8.726779e-02 0.21283588 0.698765325 3.253012e-02 -0.160963855
40       2011      7       7 -2.957408e-01 0.16647091 0.135800234 3.869592e-01  0.264351082
41       2006      8       8  4.056336e-01 0.08881527 0.003821913 7.766108e-01  0.739379296
42       2007      8       8  3.878568e-01 0.09235668 0.005688623 7.461527e-01  0.703844759
43       2008      8       8  1.906963e-01 0.14439506 0.234751920 2.252200e-01  0.096089976
44       2009      8       8  2.747319e-02 0.17191472 0.878277153 4.238345e-03 -0.161721931
45       2010      8       8 -1.212053e-01 0.15984396 0.477005677 8.744928e-02 -0.064642507
46       2006      9       9  3.642622e-01 0.07282460 0.001561912 7.813806e-01  0.750149288
47       2007      9       9  2.330373e-01 0.11448820 0.081254241 3.718107e-01  0.282069426
48       2008      9       9  6.108745e-02 0.13457133 0.663610792 2.859571e-02 -0.110176330
49       2009      9       9 -2.262498e-02 0.13626963 0.872826290 3.922594e-03 -0.138374178
50       2006     10      10  2.418816e-01 0.09147262 0.029515420 4.663947e-01  0.399694056
51       2007     10      10  1.192954e-01 0.11248812 0.319875397 1.232581e-01  0.013665383
52       2008     10      10  1.398635e-02 0.11074157 0.902613155 1.989906e-03 -0.122761356
53       2006     11      11  1.456226e-01 0.09309543 0.152202350 2.137550e-01  0.126394433
54       2007     11      11  7.034313e-02 0.09609626 0.482789508 5.619163e-02 -0.048675968
55       2006     12      12  1.001511e-01 0.08178803 0.248819313 1.303933e-01  0.043432597
[1] "Stability Time"
[1] 11
[1] "Absolute Range"
[1] -0.9502492  1.2217490
[1] "Tom Swamp"
[1] "Multiple Breakups"
   start_year N_data N_years         slope   slope_se    p_value     r_square  adj_r_square
1        2006      3       3 -2.067812e-13 1.14891253 1.00000000 3.230525e-26 -1.000000e+00
2        2007      3       3 -9.949874e-01 0.57445626 0.33333333 7.500000e-01  5.000000e-01
3        2008      3       3  9.949874e-01 0.57445626 0.33333333 7.500000e-01  5.000000e-01
4        2009      3       3  6.633250e-01 0.76594169 0.54562895 4.285714e-01 -1.428571e-01
5        2010      3       3  3.316625e-01 0.57445626 0.66666667 2.500000e-01 -5.000000e-01
6        2011      3       3 -6.633250e-01 1.14891253 0.66666667 2.500000e-01 -5.000000e-01
7        2015      3       3  6.633250e-01 0.38297084 0.33333333 7.500000e-01  5.000000e-01
8        2006      4       4 -1.989975e-01 0.52649786 0.74180111 6.666667e-02 -4.000000e-01
9        2007      4       4  9.930137e-17 0.62928531 1.00000000 2.490091e-32 -5.000000e-01
10       2008      4       4  5.969925e-01 0.34467376 0.22540333 6.000000e-01  4.000000e-01
11       2009      4       4  7.296575e-01 0.34467376 0.16847816 6.914286e-01  5.371429e-01
12       2010      4       4 -4.643275e-01 0.52649786 0.47084974 2.800000e-01 -8.000000e-02
13       2006      5       5  1.989975e-01 0.38105118 0.63761809 8.333333e-02 -2.222222e-01
14       2007      5       5  6.633250e-02 0.36533090 0.86749647 1.086957e-02 -3.188406e-01
15       2008      5       5  6.633250e-01 0.20264912 0.04666188 7.812500e-01  7.083333e-01
16       2009      5       5  6.633250e-02 0.43158622 0.88760717 7.812500e-03 -3.229167e-01
17       2006      6       6  1.895214e-01 0.24951654 0.48982250 1.260504e-01 -9.243697e-02
18       2007      6       6  2.653300e-01 0.26532998 0.37390097 2.000000e-01  1.029177e-13
19       2008      6       6  2.084736e-01 0.29421636 0.51770021 1.115207e-01 -1.105991e-01
20       2006      7       7  3.079723e-01 0.18922506 0.16455005 3.463115e-01  2.155738e-01
21       2007      7       7  2.369018e-02 0.23380176 0.92322959 2.049180e-03 -1.975410e-01
22       2006      8       8  1.105542e-01 0.18133835 0.56444733 5.833333e-02 -9.861111e-02
23       2006     11      11  5.535088e-02 0.08842292 0.54687389 4.172230e-02 -6.475300e-02
[1] "Stability Time"
[1] 8
[1] "Absolute Range"
[1] -0.9949874  0.9949874
[1] "Harvard Forest/n"
[1] "Multiple Breakups"
   start_year N_data N_years       slope   slope_se    p_value     r_square adj_r_square
1        2006      3       3 -0.28373211 0.55286824 0.69814549 0.2084690554  -0.58306189
2        2007      3       3  1.43639382 0.44024693 0.18933354 0.9141278098   0.82825562
3        2008      3       3  0.31919863 1.08525988 0.81789154 0.0796199214  -0.84076016
4        2009      3       3 -0.65613051 0.52215334 0.42792249 0.6122540250   0.22450805
5        2010      3       3  0.40786491 0.09214471 0.14145031 0.9514388489   0.90287770
6        2011      3       3  0.54973097 0.01023830 0.01185516 0.9996532594   0.99930652
7        2012      3       3 -0.74479680 0.73715765 0.49671840 0.5051546392   0.01030928
8        2013      3       3 -1.25906125 0.44024693 0.21414261 0.8910558567   0.78211171
9        2014      3       3 -0.24826560 0.14333621 0.33333333 0.7500000000   0.50000000
10       2015      3       3  0.07093303 0.04095320 0.33333333 0.7500000000   0.50000000
11       2006      4       4  0.55682427 0.54465066 0.41414240 0.3432291304   0.01484370
12       2007      4       4  0.61357069 0.51423999 0.35515510 0.4158249392   0.12373741
13       2008      4       4  0.10994619 0.50015330 0.84640473 0.0235915061  -0.46461274
14       2009      4       4 -0.19861248 0.35256641 0.62994158 0.1369432314  -0.29458515
15       2010      4       4  0.46106468 0.05139586 0.01219912 0.9757505774   0.96362587
16       2011      4       4 -0.22343904 0.44641339 0.66635830 0.1113167859  -0.33302482
17       2012      4       4 -0.79799657 0.33109468 0.13751312 0.7438836235   0.61582544
18       2013      4       4 -0.80508987 0.32781114 0.13340471 0.7509873934   0.62648109
19       2014      4       4 -0.10639954 0.10400824 0.41390150 0.3435114504   0.01526718
20       2006      5       5  0.30146537 0.34730030 0.44924495 0.2007390531  -0.06568126
21       2007      5       5  0.37594505 0.32706203 0.33369261 0.3057581365   0.07434418
22       2008      5       5  0.15959931 0.29018314 0.62062285 0.0915958024  -0.21120560
23       2009      5       5  0.03901317 0.24547167 0.88381954 0.0083494342  -0.32220075
24       2010      5       5 -0.02482656 0.28209445 0.93541598 0.0025751524  -0.32989980
25       2011      5       5 -0.43269147 0.28464686 0.22581438 0.4351028999   0.24680387
26       2012      5       5 -0.64903721 0.20961280 0.05344716 0.7616675764   0.68222344
27       2013      5       5 -0.52490441 0.24897392 0.12557332 0.5970344527   0.46271260
28       2006      6       6  0.22090572 0.23207003 0.39505456 0.1846883258  -0.01913959
29       2007      6       6  0.33541189 0.21538744 0.19440444 0.3774343016   0.22179288
30       2008      6       6  0.22698569 0.19391244 0.30675609 0.2551495017   0.06893688
31       2009      6       6 -0.18746586 0.20717560 0.41670987 0.1699143602  -0.03760705
32       2010      6       6 -0.23103901 0.21972499 0.35235933 0.2165518774   0.02068985
33       2011      6       6 -0.43066481 0.18634878 0.08193606 0.5717820607   0.46472758
34       2012      6       6 -0.49349121 0.16399762 0.03958400 0.6936016728   0.61700209
35       2006      7       7  0.22926568 0.16416926 0.22138545 0.2806033301   0.13672400
36       2007      7       7  0.34199853 0.15234939 0.07476012 0.5019554919   0.40234659
37       2008      7       7  0.01013329 0.18567715 0.95859076 0.0005953267  -0.19928561
38       2009      7       7 -0.30146537 0.16060145 0.11931992 0.4133874358   0.29606492
39       2010      7       7 -0.27993213 0.15791258 0.13647156 0.3859362159   0.26312346
40       2011      7       7 -0.36859841 0.13655407 0.04282061 0.5930374251   0.51164491
41       2006      8       8  0.25797667 0.12348221 0.08169077 0.4211107539   0.32462921
42       2007      8       8  0.14777714 0.15958889 0.39017874 0.1250392981  -0.02078749
43       2008      8       8 -0.12244392 0.15815259 0.46820442 0.0908274042  -0.06070136
44       2009      8       8 -0.32384305 0.12040045 0.03606629 0.5466419869   0.47108232
45       2010      8       8 -0.26515441 0.11800991 0.06572222 0.4569389410   0.36642876
46       2006      9       9  0.11940393 0.12469769 0.37018575 0.1158151680  -0.01049695
47       2007      9       9  0.01418661 0.14570511 0.92516557 0.0013524513  -0.14131148
48       2008      9       9 -0.17615035 0.12636774 0.20598290 0.2172734390   0.10545536
49       2009      9       9 -0.30323870 0.09401741 0.01454523 0.5977671946   0.54030537
50       2006     10      10  0.01526135 0.11623412 0.89878118 0.0021502734  -0.12258094
51       2007     10      10 -0.05459694 0.12282933 0.66846429 0.0241016606  -0.09788563
52       2008     10      10 -0.18614546 0.10097162 0.10248706 0.2981624166   0.21043272
53       2006     11      11 -0.04223739 0.10054327 0.68427003 0.0192314589  -0.08974282
54       2007     11      11 -0.08318510 0.10163886 0.43424136 0.0692711152  -0.03414321
55       2006     12      12 -0.06832884 0.08500250 0.44017648 0.0606948012  -0.03323572
RStudioGD 
        2 
[1] "Stability"
[1] 10
[1] "Absolute Range"
[1] -1.259061  1.436394
[1] "Relative Range"
[1] -1.190732  1.504723
[1] "Deer tick bites on people in Harvard forest"
[1] "Simes Tract"
[1] "Multiple Breakups"
[1] "Stability Time"
[1] 10
[1] "Absolute Range"
[1] -1.218606  1.421707
[1] "Relative Range"
[1] -1.258374  1.381939
[1] "Cambridge"
[1] "Multiple Breakups"
ERROR : 0 (non-NA) cases 
[1] "Shaler Hall"
[1] "Multiple Breakups"
[1] "Stability Time"
[1] 10
[1] "Absolute Range"
[1] -1.732051  1.732051
[1] "Relative Range"
[1] -1.671490  1.792612
[1] "Prospect Hill"
[1] "Multiple Breakups"
[1] "Stability Time"
[1] 10
[1] "Absolute Range"
[1] -0.9803903  1.1437886
[1] "Relative Range"
[1] -1.103796  1.020383
[1] "Tom Swamp"
[1] "Multiple Breakups"
[1] "Stability Time"
[1] 11
[1] "Absolute Range"
[1] -3.447923e-13  1.658312e+00
[1] "Relative Range"
[1] -0.01771228  1.64060011
[1] "Harvard Forest/n"
[1] "Multiple Breakups"
   start_year N_data N_years         slope     slope_se      p_value     r_square adj_r_square
1        2006      3       3 -6.530021e-02 4.147120e-01 9.005747e-01 2.419355e-02 -0.951612903
2        2007      3       3  7.836025e-01 7.540218e-02 6.107074e-02 9.908257e-01  0.981651376
3        2008      3       3  1.306004e-01 4.524131e-01 8.210876e-01 7.692308e-02 -0.846153846
4        2009      3       3  6.782799e-14 3.770109e-01 1.000000e+00 3.234742e-26 -1.000000000
5        2010      3       3  6.530021e-01 1.917083e-13 1.868988e-13 1.000000e+00  1.000000000
6        2011      3       3  9.142029e-01 1.508044e-01 1.040778e-01 9.735099e-01  0.947019868
7        2012      3       3 -3.918012e-01 9.048262e-01 7.398531e-01 1.578947e-01 -0.684210526
8        2013      3       3 -1.632505e+00 1.885055e-01 7.318640e-02 9.868421e-01  0.973684211
9        2014      3       3 -5.224016e-01 4.524131e-01 4.543711e-01 5.714286e-01  0.142857143
10       2015      3       3 -4.417848e-14 1.508044e-01 1.000000e+00 8.628589e-26 -1.000000000
11       2006      4       4  3.003809e-01 2.810186e-01 3.970291e-01 3.635739e-01  0.045360825
12       2007      4       4  3.656811e-01 2.436319e-01 2.721747e-01 5.297297e-01  0.294594595
13       2008      4       4  2.089607e-01 2.073217e-01 4.196190e-01 3.368421e-01  0.005263158
14       2009      4       4  2.612008e-01 2.262065e-01 3.675445e-01 4.000000e-01  0.100000000
15       2010      4       4  8.097225e-01 9.048262e-02 1.225787e-02 9.756345e-01  0.963451777
16       2011      4       4  7.836025e-02 4.872638e-01 8.870135e-01 1.276596e-02 -0.480851064
17       2012      4       4 -8.227826e-01 4.750337e-01 2.254033e-01 6.000000e-01  0.400000000
18       2013      4       4 -1.031743e+00 3.569479e-01 1.017506e-01 8.068520e-01  0.710277957
19       2014      4       4 -3.656811e-01 2.216362e-01 2.407434e-01 5.764706e-01  0.364705882
20       2006      5       5  1.828406e-01 1.758666e-01 3.749279e-01 2.648649e-01  0.019819820
21       2007      5       5  3.395611e-01 1.414670e-01 9.584999e-02 6.575875e-01  0.543450065
22       2008      5       5  3.134410e-01 1.340379e-01 1.013645e-01 6.457399e-01  0.527653214
23       2009      5       5  4.962816e-01 1.883546e-01 7.800130e-02 6.982592e-01  0.597678917
24       2010      5       5  2.873209e-01 3.060994e-01 4.171550e-01 2.270169e-01 -0.030644153
25       2011      5       5 -3.656811e-01 3.806130e-01 4.075444e-01 2.352941e-01 -0.019607843
26       2012      5       5 -6.921822e-01 2.844372e-01 9.303732e-02 6.637524e-01  0.551669817
27       2013      5       5 -7.574824e-01 2.598915e-01 6.176528e-02 7.390158e-01  0.652021090
28       2006      6       6  2.164235e-01 1.167529e-01 1.374011e-01 4.620879e-01  0.327609890
29       2007      6       6  3.768755e-01 9.508464e-02 1.662775e-02 7.970569e-01  0.746321136
30       2008      6       6  4.664300e-01 1.245057e-01 2.001202e-02 7.782020e-01  0.722752553
31       2009      6       6  2.126921e-01 2.049690e-01 3.580274e-01 2.120988e-01  0.015123490
32       2010      6       6 -8.955457e-02 2.958054e-01 7.771728e-01 2.240083e-02 -0.221998963
33       2011      6       6 -4.029956e-01 2.500993e-01 1.823964e-01 3.936108e-01  0.242013498
34       2012      6       6 -5.932990e-01 1.947631e-01 3.816760e-02 6.987884e-01  0.623485512
35       2006      7       7  2.751937e-01 8.925770e-02 2.737190e-02 6.553087e-01  0.586370482
36       2007      7       7  4.757586e-01 8.820339e-02 2.956876e-03 8.533465e-01  0.824015748
37       2008      7       7  2.612008e-01 1.476161e-01 1.370428e-01 3.850688e-01  0.262082515
38       2009      7       7 -5.130730e-02 2.103284e-01 8.169713e-01 1.176128e-02 -0.185886470
39       2010      7       7 -1.865720e-01 2.165361e-01 4.282741e-01 1.292825e-01 -0.044861021
40       2011      7       7 -4.011298e-01 1.768502e-01 7.260314e-02 5.071311e-01  0.408557323
41       2006      8       8  3.746988e-01 8.790049e-02 5.305110e-03 7.517700e-01  0.710398357
42       2007      8       8  3.140629e-01 1.141810e-01 3.326660e-02 5.577060e-01  0.483990305
43       2008      8       8  4.508824e-02 1.663552e-01 7.954466e-01 1.209532e-02 -0.152555455
44       2009      8       8 -1.352647e-01 1.640924e-01 4.412875e-01 1.017298e-01 -0.047981936
45       2010      8       8 -2.332150e-01 1.636277e-01 2.039578e-01 2.529340e-01  0.128423041
46       2006      9       9  2.655542e-01 9.277256e-02 2.425343e-02 5.392754e-01  0.473457557
47       2007      9       9  1.306004e-01 1.379923e-01 3.754445e-01 1.134454e-01 -0.013205282
48       2008      9       9 -4.135680e-02 1.381859e-01 7.734141e-01 1.263416e-02 -0.128418105
49       2009      9       9 -1.828406e-01 1.300395e-01 2.025154e-01 2.202247e-01  0.108828250
50       2006     10      10  1.242683e-01 1.101405e-01 2.919028e-01 1.372798e-01  0.029439775
51       2007     10      10  4.432499e-02 1.208251e-01 7.232428e-01 1.654427e-02 -0.106387693
52       2008     10      10 -9.735667e-02 1.148778e-01 4.213566e-01 8.238177e-02 -0.032320510
53       2006     11      11  5.342744e-02 9.879317e-02 6.017707e-01 3.147342e-02 -0.076140642
54       2007     11      11 -1.662187e-02 1.047408e-01 8.774129e-01 2.790433e-03 -0.108010630
55       2006     12      12  4.566448e-04 8.770568e-02 9.959482e-01 2.710818e-06 -0.099997018
RStudioGD 
        2 
[1] "Stability Time"
[1] 10
[1] "Absolute Range"
[1] -1.6325051  0.9142029
[1] "Relative Range"
[1] -1.6329618  0.9137462
