[1] "GC"
[1] "Multiple Breakups"
   start_year N_data N_years                 slope   slope_se
1        1995      3       3 -0.065979898705095547 1.23169036
2        1996      3       3 -0.783511378768611988 0.81742336
3        1997      3       3  0.175946406442866216 0.26348015
4        1998      3       3  1.223377409721264630 0.86821472
5        1999      3       3  0.175946416339762546 1.47294929
6        2000      3       3 -1.385578011357051942 0.57140274
7        2001      3       3  0.725778955030950135 0.64758977
8        2002      3       3 -0.131959807306789717 1.14280548
9        2003      3       3  0.461859340417984487 1.48564712
10       2004      3       3 -0.021993299568352848 1.76499957
11       2005      3       3 -1.209631595016972927 1.07931628
12       2006      3       3  0.879732061905525109 0.12697839
13       2007      3       3 -0.000000000000186527 0.63489193
14       2008      3       3 -0.747772254598913610 0.20316542
15       2009      3       3 -0.065979908601672632 0.19046758
16       2010      3       3 -0.065979908601775883 0.19046758
17       2011      3       3  0.395879431816352712 0.45712219
18       2012      3       3 -0.065979898704946624 0.72377680
19       2013      3       3 -0.593819147724260810 0.41902867
20       1995      4       4 -0.069828731572483677 0.55083315
21       1996      4       4 -0.491000466799386637 0.40268731
22       1997      4       4  0.895677210525238188 0.43192033
23       1998      4       4  0.294160410921231796 0.66224928
24       1999      4       4 -0.250723638830628370 0.70327688
25       2000      4       4 -0.316703547432314658 0.66793045
26       2001      4       4 -0.013195979740940120 0.51565734
27       2002      4       4  0.620211111164895024 0.67066229
28       2003      4       4 -0.343095502955400755 0.81081044
29       2004      4       4 -0.123162489458490870 0.79149001
30       2005      4       4 -0.329899529152652082 0.70068602
31       2006      4       4  0.307906221666829794 0.33499199
32       2007      4       4 -0.228730337282997576 0.31314013
33       2008      4       4 -0.409075411557087210 0.21562410
34       2009      4       4 -0.131959813244578561 0.09330968
35       2010      4       4  0.277115600291905850 0.21562411
36       2011      4       4 -0.039587939222820362 0.32404128
37       2012      4       4 -0.131959809285784158 0.32591669
38       1995      5       5 -0.112715672658487365 0.31898613
39       1996      5       5  0.211135693669631447 0.46731583
40       1997      5       5  0.385432611057295982 0.38596404
41       1998      5       5 -0.029690957386189730 0.42561869
42       1999      5       5  0.083574546276870873 0.44957522
43       2000      5       5 -0.461859336459040426 0.39463118
44       2001      5       5  0.448663356718109474 0.39967342
45       2002      5       5  0.030790625333677778 0.51549472
46       2003      5       5 -0.303507561753185218 0.46867927
47       2004      5       5  0.101169185931457323 0.47496706
48       2005      5       5 -0.307906225625650287 0.40474049
49       2006      5       5  0.052783922922550977 0.24310973
50       2007      5       5 -0.175946414360491132 0.18334202
51       2008      5       5 -0.338696847000550527 0.13095406
52       2009      5       5  0.118763827565451618 0.15445500
53       2010      5       5  0.026391963440677936 0.19092415
54       2011      5       5 -0.092371866104171710 0.18955113
55       1995      6       6  0.280728786493461724 0.30855725
56       1996      6       6  0.042258556008454698 0.32109138
57       1997      6       6  0.128032433655955957 0.29313560
58       1998      6       6  0.145941265849317270 0.29651051
59       1999      6       6 -0.134473329802040381 0.32010973
60       2000      6       6 -0.003770279925825926 0.36971823
61       2001      6       6  0.076662368109201851 0.33850812
62       2002      6       6 -0.047756881890200234 0.34050391
63       2003      6       6 -0.091743487247559652 0.33028491
64       2004      6       6 -0.006283801573273835 0.31706740
65       2005      6       6 -0.314190025502230408 0.26498969
66       2006      6       6  0.010054079237054491 0.16105337
67       2007      6       6 -0.192284296019139156 0.12039561
68       2008      6       6 -0.100540808205947560 0.16203597
69       2009      6       6 -0.015081120835011482 0.12726209
70       2010      6       6 -0.030162242235575992 0.12918369
71       1995      7       7  0.136672660041578214 0.23349771
72       1996      7       7 -0.064998063280370985 0.23533911
73       1997      7       7  0.220325753322068385 0.21401774
74       1998      7       7 -0.033186321102927310 0.23378367
75       1999      7       7  0.127246960933556807 0.27215368
76       2000      7       7 -0.169662612221648357 0.27842271
77       2001      7       7  0.006283801997435779 0.24278575
78       2002      7       7  0.047128504023288206 0.24692618
79       2003      7       7 -0.124105059581380309 0.23429287
80       2004      7       7 -0.086402257493779680 0.22892253
81       2005      7       7 -0.254493921160186154 0.19051940
82       2006      7       7 -0.048699455406260812 0.11882657
83       2007      7       7 -0.050270404668510425 0.11819560
84       2008      7       7 -0.146098360563473612 0.11755704
85       2009      7       7 -0.047128504023275709 0.09187037
86       1995      8       8  0.032269933031804400 0.18418158
87       1996      8       8  0.049681295779132405 0.18749120
88       1997      8       8  0.064474410698587503 0.18314745
89       1998      8       8  0.147865680869351923 0.20320037
90       1999      8       8 -0.030895351042934588 0.22245227
      p_value     intercept intercept_se intercept_p_value
1  0.96592975   131.6092137    2458.4542        0.96595213
2  0.51348326  1564.7523419    1632.3946        0.51346700
3  0.62517610  -352.0766141     526.4334        0.62472830
4  0.39292019 -2445.0407819    1735.5614        0.39298051
5  0.92431326  -351.3783465    2945.8988        0.92442289
6  0.24901012  2773.0414247    1143.3770        0.24896969
7  0.46379479 -1452.8175502    1296.4748        0.46383659
8  0.92681361   264.2874788    2289.0396        0.92682130
9  0.80811697  -924.6704148    2977.2371        0.80829165
10 0.99206762    44.2738212    3538.8244        0.99203574
11 0.46379479  2426.9035060    2165.1086        0.46374496
12 0.09125790 -1765.6795879     254.8456        0.09125498
13 1.00000000     0.1625933    1274.8631        0.99991881
14 0.16888904  1502.3050930     408.1594        0.16888577
15 0.78770437   132.2397082     382.8399        0.78826862
16 0.78770437   132.1297417     383.0303        0.78852964
17 0.54562895  -796.7133785     919.7299        0.54554831
18 0.94212535   132.4376280    1456.9628        0.94228999
19 0.39120798  1195.5718554     843.9238        0.39130330
20 0.91071855   139.2902012    1099.7386        0.91079662
21 0.34701126   980.7055543     804.3680        0.34703724
22 0.17383216 -1789.8588504     863.1929        0.17385448
23 0.70034735  -587.8457403    1324.1676        0.70049950
24 0.75555834   501.8195405    1406.9056        0.75544525
25 0.68211223   634.5799139    1336.8630        0.68179777
26 0.98190768    26.3639442    1032.6040        0.98194943
27 0.45271084 -1242.0601473    1343.6721        0.45287531
28 0.71334376   688.1907730    1625.2698        0.71316943
29 0.89062834   247.0843238    1587.3335        0.89059250
30 0.68412301   662.4542259    1405.9267        0.68390364
31 0.45505074  -618.2157352     672.4965        0.45499254
32 0.54109707   459.3768672     628.9420        0.54111922
33 0.19824607   821.9760343     433.2967        0.19826737
34 0.29289321   264.8373232     187.5991        0.29351760
35 0.32746176  -557.7209615     433.7280        0.32726171
36 0.91393371    79.3018162     652.1332        0.91432932
37 0.72475906   265.2331947     656.2334        0.72520715
38 0.74719379   224.8925356     637.0155        0.74740729
39 0.68207491  -421.4603582     933.6973        0.68234333
40 0.39157195  -770.3901406     771.5423        0.39162017
41 0.94877479    59.5331449     851.2376        0.94864462
42 0.86438504  -166.7768297     899.6002        0.86474915
43 0.32637106   925.0366477     790.0518        0.32619830
44 0.34335548  -898.2784474     800.5461        0.34353515
45 0.95612676   -61.4509142    1033.0517        0.95630673
46 0.56339597   608.8565389     939.7022        0.56320106
47 0.84497822  -202.7006853     952.7842        0.84516148
48 0.50213618   618.3356590     812.3144        0.50190239
49 0.84204284  -106.1852816     488.1645        0.84175803
50 0.40802033   353.3867499     368.3342        0.40812513
51 0.08132874   680.5854981     263.2177        0.08138105
52 0.49792934  -239.1171948     310.6091        0.49746201
53 0.89881345   -53.5157278     384.1395        0.89802922
54 0.65942171   185.5030771     381.5665        0.66015239
55 0.41438633  -560.5537530     616.3433        0.41454010
56 0.90164773   -84.1564219     641.7014        0.90199152
57 0.68482219  -256.0187861     586.1249        0.68480187
58 0.64837139  -291.6142134     593.1695        0.64874410
59 0.69600710   269.3916050     640.6999        0.69575163
60 0.99235188     8.2477492     740.3610        0.99164509
61 0.83193736  -153.4084679     678.2013        0.83213516
62 0.89523871    95.9059253     682.5403        0.89504635
63 0.79495421   184.4107455     662.3866        0.79450184
64 0.98513734    12.7783723     636.1960        0.98493707
65 0.30137394   630.9430561     531.9670        0.30123695
66 0.95321772   -20.4122420     323.4758        0.95271209
67 0.18548087   386.1986623     241.9351        0.18565868
68 0.56854316   202.0506308     325.7734        0.56870188
69 0.91138075    29.9557665     255.9878        0.91248426
70 0.82684821    60.2336312     259.9823        0.82815345
71 0.58374699  -272.9216872     466.5287        0.58394766
72 0.79345512   130.1065513     470.4431        0.79318471
73 0.35045787  -440.4823677     428.0357        0.35062664
74 0.89265954    66.5812513     467.8014        0.89237832
75 0.65977169  -254.2234566     544.8519        0.66041537
76 0.56890358   340.3089010     557.6810        0.56838266
77 0.98035261   -12.4636595     486.5429        0.98055395
78 0.85614256   -94.2127596     495.0872        0.85656262
79 0.61898743   249.2849109     469.9917        0.61853494
80 0.72134405   173.4692887     459.4477        0.72125312
81 0.23919130   511.1528734     382.5631        0.23908898
82 0.69889418    97.5452710     238.7227        0.69973539
83 0.68829093   100.9400925     237.5733        0.68858818
84 0.26904828   293.6061252     236.4073        0.26933172
85 0.62981187    94.3923716     184.8433        0.63132795
86 0.86667998   -64.4294414     368.0871        0.86680676
87 0.79989357   -99.0228081     374.8889        0.80051118
88 0.73684616  -128.9355338     366.3867        0.73693487
89 0.49421220  -295.5227527     406.7058        0.49481524
90 0.89408510    62.2193096     445.4610        0.89348817
       r_square  adj_r_square
1  2.861381e-03 -0.9942772373
2  4.788269e-01 -0.0423462289
3  3.084028e-01 -0.3831944937
4  6.650461e-01  0.3300921055
5  1.406800e-02 -0.9718640087
6  8.546512e-01  0.7093023256
7  5.567485e-01  0.1134969309
8  1.315789e-02 -0.9736842116
9  8.812950e-02 -0.8237410037
10 1.552473e-04 -0.9996895053
11 5.567485e-01  0.1134969354
12 9.795918e-01  0.9591836735
13 8.625432e-26 -1.0000000000
14 9.312567e-01  0.8625134285
15 1.071429e-01 -0.7857142628
16 1.071429e-01 -0.7857142628
17 4.285714e-01 -0.1428571429
18 8.241757e-03 -0.9835164866
19 6.675824e-01  0.3351648513
20 7.971177e-03 -0.4880432344
21 4.263943e-01  0.1395914476
22 6.825533e-01  0.5238299603
23 8.979171e-02 -0.3653124322
24 5.975172e-02 -0.4103724149
25 1.010526e-01 -0.3484210505
26 3.273322e-04 -0.4995090017
27 2.995254e-01 -0.0507118605
28 8.217180e-02 -0.3767423038
29 1.196216e-02 -0.4820567593
30 9.977827e-02 -0.3503325907
31 2.969697e-01 -0.0545454545
32 2.105919e-01 -0.1841121474
33 6.428094e-01  0.4642140535
34 5.000000e-01  0.2500000225
35 4.523077e-01  0.1784615319
36 7.407406e-03 -0.4888888910
37 7.575757e-02 -0.3863636376
38 3.995714e-02 -0.2800571483
39 6.370778e-02 -0.2483896229
40 2.494837e-01 -0.0006884427
41 1.619503e-03 -0.3311739955
42 1.138801e-02 -0.3181493167
43 3.134596e-01  0.0846127607
44 2.958035e-01  0.0610713095
45 1.187821e-03 -0.3317495714
46 1.226430e-01 -0.1698093782
47 1.489805e-02 -0.3134692659
48 1.617162e-01 -0.1177117683
49 1.547056e-02 -0.3127059167
50 2.348796e-01 -0.0201604959
51 6.903819e-01  0.5871759115
52 1.646341e-01 -0.1138211447
53 6.329115e-03 -0.3248945138
54 7.335329e-02 -0.2355289440
55 1.714577e-01 -0.0356778442
56 4.311570e-03 -0.2446105371
57 4.552075e-02 -0.1930990683
58 5.710565e-02 -0.1786179399
59 4.225373e-02 -0.1971828393
60 2.599766e-05 -0.2499675029
61 1.265998e-02 -0.2341750250
62 4.893698e-03 -0.2438828770
63 1.892412e-02 -0.2263448528
64 9.818364e-05 -0.2498772705
65 2.600555e-01  0.0750693509
66 9.733344e-04 -0.2487833320
67 3.893821e-01  0.2367275724
68 8.779953e-02 -0.1402505933
69 3.498542e-03 -0.2456268223
70 1.344538e-02 -0.2331932773
71 6.412756e-02 -0.1230469287
72 1.502682e-02 -0.1819678192
73 1.748926e-01  0.0098711289
74 4.013961e-03 -0.1951832473
75 4.189013e-02 -0.1497318412
76 6.913229e-02 -0.1170412528
77 1.339585e-04 -0.1998392498
78 7.232866e-03 -0.1913205605
79 5.313479e-02 -0.1362382508
80 2.770147e-02 -0.1667582411
81 2.630081e-01  0.1156097207
82 3.250136e-02 -0.1609983737
83 3.491544e-02 -0.1581014716
84 2.360020e-01  0.0832023566
85 5.000000e-02 -0.1399999989
86 5.090216e-03 -0.1607280815
87 1.156698e-02 -0.1531718551
88 2.023685e-02 -0.1430570105
89 8.109690e-02 -0.0720536174
90 3.204553e-03 -0.1629280220
 [ reached 'max' / getOption("max.print") -- omitted 100 rows ]
[1] "Stability Time"
[1] 10
[1] "Absolute Range"
[1] -1.385578  1.223377
[1] "Relative Range"
[1] -1.353609  1.255346
[1] "Proportion Significant"
[1] 0
[1] "Proportion Significantly Wrong"
[1] 0
[1] "proportion wrong before stability time"
[1] 0
[1] "Number of phases"
[1] 4
                    Breaks
291 2000, 2004, 2008, 2014
                                          AICs    AICtot Nfits
291 -14.08238, -18.18088, -19.47391, -25.15855 -76.89572     4
    Nbreaks      AICc
291       3 -32.32429
[1] "GX"
[1] "Multiple Breakups"
   start_year N_data N_years        slope   slope_se    p_value
1        1995      3       3  0.141422860 0.40825261 0.78770437
2        1996      3       3 -0.259275225 0.17690946 0.38118465
3        1997      3       3  0.824966642 0.44907787 0.31735614
4        1998      3       3  1.367087576 0.13608421 0.06316306
5        1999      3       3  0.212134279 0.53072839 0.75792456
6        2000      3       3 -1.484939951 0.44907787 0.18696054
7        2001      3       3 -0.659973320 0.92537258 0.60559592
8        2002      3       3 -0.212134279 0.66681259 0.80391643
9        2003      3       3  0.612832363 1.14310730 0.68670836
10       2004      3       3  0.070711430 1.45610097 0.96910863
11       2005      3       3 -1.060671394 0.80289679 0.41249602
12       2006      3       3  0.565691407 0.13608421 0.15029122
13       2007      3       3  0.282845709 0.29938525 0.51807971
14       2008      3       3 -0.494979987 0.14969263 0.18696055
15       2009      3       3 -0.471409514 0.16330105 0.21229562
16       2010      3       3 -0.070711419 0.06804211 0.48775435
17       2011      3       3  0.659973320 0.35381892 0.31329163
18       2012      3       3 -0.141422860 0.81650522 0.89081744
19       2013      3       3 -0.542120944 0.58516208 0.52429517
20       1995      4       4  0.042426860 0.19131329 0.84508065
21       1996      4       4  0.329986661 0.34928868 0.44451441
22       1997      4       4  0.994674063 0.22346004 0.04694503
23       1998      4       4  0.721256550 0.37780465 0.19646004
24       1999      4       4 -0.622260552 0.53703455 0.36623368
25       2000      4       4 -0.834394833 0.42591529 0.18919012
26       2001      4       4 -0.711828361 0.41492071 0.22837567
27       2002      4       4  0.513836364 0.51439829 0.42307042
28       2003      4       4 -0.108424182 0.65935008 0.88450084
29       2004      4       4 -0.103710092 0.65892865 0.88938996
30       2005      4       4 -0.362985321 0.53961462 0.57046202
31       2006      4       4  0.348843035 0.13920556 0.12911037
32       2007      4       4 -0.080139617 0.24868807 0.77782997
33       2008      4       4 -0.428982656 0.07702895 0.03076244
34       2009      4       4 -0.287559799 0.12884235 0.15529965
35       2010      4       4  0.344128947 0.24143347 0.29012370
36       2011      4       4  0.056569142 0.38262658 0.89602495
37       2012      4       4 -0.098996004 0.36597291 0.81213270
38       1995      5       5  0.334700756 0.20168028 0.19558534
39       1996      5       5  0.608118269 0.25778529 0.09948910
40       1997      5       5  0.688257883 0.21895606 0.05152928
41       1998      5       5 -0.004714095 0.47250035 0.99266608
42       1999      5       5 -0.476123607 0.32133166 0.23501778
43       2000      5       5 -0.810824356 0.24627857 0.04599827
44       2001      5       5 -0.061283238 0.44548406 0.89929776
45       2002      5       5  0.065997333 0.39377040 0.87755641
46       2003      5       5 -0.164993326 0.38207442 0.69501561
47       2004      5       5  0.042426856 0.38967635 0.92017392
48       2005      5       5 -0.197991993 0.32578456 0.58627852
49       2006      5       5  0.084853709 0.17230646 0.65618287
50       2007      5       5 -0.174421520 0.15355220 0.33852835
51       2008      5       5 -0.320558465 0.07678816 0.02503094
52       2009      5       5  0.061283238 0.21470275 0.79388508
53       2010      5       5  0.047140952 0.22097661 0.84474459
54       2011      5       5  0.018856378 0.22197999 0.93765545
55       1995      6       6  0.532019305 0.17438554 0.03799767
56       1996      6       6  0.499694082 0.17999602 0.05001564
57       1997      6       6  0.179135613 0.32702950 0.61298398
58       1998      6       6 -0.076772407 0.31210926 0.81780470
59       1999      6       6 -0.561650759 0.21607875 0.06009319
60       2000      6       6 -0.317864699 0.32710438 0.38619997
61       2001      6       6 -0.216848374 0.30515476 0.51655967
62       2002      6       6 -0.024243917 0.26299562 0.93098433
63       2003      6       6 -0.043100297 0.25983815 0.87630277
64       2004      6       6  0.044447183 0.25510572 0.87014704
65       2005      6       6 -0.230317218 0.21409106 0.34258171
66       2006      6       6 -0.029631457 0.13074032 0.83181217
67       2007      6       6 -0.169707422 0.10056035 0.16675811
68       2008      6       6 -0.061956677 0.15753941 0.71417572
69       2009      6       6 -0.070037984 0.15970095 0.68362888
70       2010      6       6  0.022897033 0.14533874 0.88245011
71       1995      7       7  0.469725906 0.12844706 0.01464132
72       1996      7       7  0.164993330 0.23138888 0.50769815
73       1997      7       7  0.079129452 0.23834406 0.75335683
74       1998      7       7 -0.240755571 0.24014493 0.36210168
75       1999      7       7 -0.254224415 0.23419792 0.32723680
76       2000      7       7 -0.370393185 0.23327748 0.17320026
77       2001      7       7 -0.213817885 0.21578410 0.36723914
78       2002      7       7  0.031988503 0.18877864 0.87208517
79       2003      7       7 -0.020203263 0.18420828 0.91693211
80       2004      7       7 -0.040406530 0.18692115 0.83739852
81       2005      7       7 -0.237388361 0.15144028 0.17777384
82       2006      7       7 -0.062293400 0.09435102 0.53830310
83       2007      7       7 -0.013468842 0.11486089 0.91121699
84       2008      7       7 -0.129637615 0.11805184 0.32218805
85       2009      7       7 -0.058926189 0.11310771 0.62462641
86       1995      8       8  0.216062693 0.17496930 0.26304418
87       1996      8       8  0.090353489 0.17776932 0.62941010
88       1997      8       8 -0.083057867 0.20081878 0.69354626
89       1998      8       8 -0.072956234 0.20352936 0.73227714
90       1999      8       8 -0.309222190 0.17742529 0.13199281
     intercept intercept_se intercept_p_value      r_square
1   -282.55165     814.8723        0.78751494 0.10714286862
2    517.61100     353.2882        0.38127722 0.68233083252
3  -1648.08356     897.2577        0.31738857 0.77141057715
4  -2731.68117     272.0324        0.06318895 0.99018838238
5   -422.46598    1061.4569        0.75885731 0.13775510387
6   2972.55459     898.6049        0.18688996 0.91620498475
7   1321.78065    1852.5961        0.60547887 0.33715596922
8    424.52334    1335.6257        0.80408164 0.09190620409
9  -1227.77485    2290.7872        0.68678205 0.22324967232
10  -141.84376    2919.4827        0.96909398 0.00235273640
11  2127.79661    1610.6111        0.41248311 0.63572624922
12 -1135.69284     273.1210        0.15024659 0.94529540055
13  -568.00581     601.1656        0.51805085 0.47161572562
14   994.30031     300.7325        0.18698087 0.91620498376
15   947.02580     328.2351        0.21240111 0.89285714286
16   141.39478     136.8327        0.48956230 0.51923067936
17 -1328.29508     711.8837        0.31320607 0.77675033926
18   284.17689    1643.6252        0.89100824 0.02912621614
19  1091.38711    1178.5165        0.52442442 0.46187427874
20   -84.98863     381.9570        0.84457485 0.02400000499
21  -658.94857     697.7042        0.44463090 0.30856423879
22 -1987.10242     446.5850        0.04697819 0.90831378071
23 -1440.88023     755.4205        0.19671147 0.64567646000
24  1246.04555    1074.3378        0.36586435 0.40165975220
25  1671.03066     852.4696        0.18902570 0.65741265635
26  1425.57715     830.8789        0.22834487 0.59540410243
27 -1029.35386    1030.5971        0.42311434 0.33284773878
28   217.38285    1321.6674        0.88447643 0.01334005700
29   207.81325    1321.4816        0.88948314 0.01223458050
30   728.47091    1082.7369        0.57039433 0.18450287936
31  -700.55044     279.4552        0.12903592 0.75844875356
32   160.74773     499.4901        0.77810912 0.04935952153
33   861.73367     154.7897        0.03078337 0.93942143987
34   577.54915     259.0376        0.15554684 0.71351868208
35  -692.71092     485.6435        0.28987179 0.50392435921
36  -114.44701     770.0361        0.89548150 0.01081081091
37   198.78577     736.8866        0.81262623 0.03529412217
38  -668.36733     402.7556        0.19560035 0.47863654372
39 -1214.37739     515.0551        0.09960181 0.64973450330
40 -1374.88289     437.6933        0.05161546 0.76709371023
41    10.33509     945.0009        0.99196067 0.00003317849
42   953.77166     642.9848        0.23461863 0.42257664017
43  1623.86613     493.0498        0.04595658 0.78322567116
44   123.18582     892.3048        0.89894351 0.00626854647
45  -132.33229     789.1161        0.87748912 0.00927678970
46   330.74742     766.0594        0.69507028 0.05852283507
47   -85.19133     781.6909        0.92009645 0.00393586008
48   397.49429     653.8498        0.58616777 0.10961968669
49  -170.72387     345.9915        0.65556910 0.07479223991
50   350.06579     308.4864        0.33893305 0.30074692462
51   643.90947     154.3442        0.02507343 0.85313652366
52  -123.62535     431.7673        0.79326434 0.02643930076
53   -95.46806     444.6051        0.84374938 0.01494321658
54   -38.56893     446.8458        0.93665515 0.00239951958
55 -1062.28093     348.3353        0.03804335 0.69941799630
56  -997.81815     359.7222        0.05013258 0.65832264220
57  -357.48689     653.8957        0.61364938 0.06977771643
58   154.40368     624.3748        0.81685570 0.01490104999
59  1124.85448     432.4818        0.05998945 0.62812472029
60   637.28954     655.0268        0.38568445 0.19098827401
61   434.67908     611.3778        0.51635630 0.11209323474
62    48.45102     527.1749        0.93119085 0.00211995629
63    86.43316     521.1056        0.87630917 0.00683152428
64   -89.24276     511.8698        0.87006156 0.00753190182
65   462.34947     429.7880        0.34259328 0.22440428411
66    59.08602     262.5920        0.83299865 0.01267901007
67   340.59831     202.0761        0.16717372 0.41589241426
68   124.29228     316.7331        0.71476091 0.03722730266
69   140.37408     321.2386        0.68468267 0.04587716205
70   -46.70546     292.4943        0.88087203 0.00616664853
71  -937.90177     256.6374        0.01467780 0.72786692489
72  -329.19761     462.5466        0.50846480 0.09230355371
73  -157.60791     476.6884        0.75432838 0.02156889481
74   482.31534     480.5302        0.36158834 0.16737329824
75   509.79684     468.8645        0.32651715 0.19072035838
76   742.43406     467.2550        0.17294449 0.33519862641
77   428.61002     432.4315        0.36711740 0.16413946204
78   -64.22001     378.5014        0.87192147 0.00570985726
79    40.53224     369.5220        0.91692299 0.00239999971
80    80.94550     375.1509        0.83769461 0.00925925952
81   476.53890     304.0922        0.17787710 0.32950477678
82   124.66032     189.5513        0.53982306 0.08018978576
83    26.76708     230.8705        0.91221284 0.00274254313
84   260.30840     237.4024        0.32284588 0.19431698727
85   118.03196     227.5728        0.62612943 0.05148789583
86  -431.33634     349.6764        0.26350555 0.20264515598
87  -180.06721     355.4500        0.63051567 0.04127790978
88   166.60454     401.7382        0.69277427 0.02771998607
89   146.71667     407.3643        0.73106553 0.02096607768
90   619.84738     355.2944        0.13166980 0.33609649047
    adj_r_square
1  -0.7857142628
2   0.3646616650
3   0.5428211543
4   0.9803767648
5  -0.7244897923
6   0.8324099695
7  -0.3256880616
8  -0.8161875918
9  -0.5535006554
10 -0.9952945272
11  0.2714524984
12  0.8905908011
13 -0.0567685488
14  0.8324099675
15  0.7857142857
16  0.0384613587
17  0.5535006785
18 -0.9417475677
19 -0.0762514425
20 -0.4639999925
21 -0.0371536418
22  0.8624706711
23  0.4685146900
24  0.1024896283
25  0.4861189845
26  0.3931061536
27 -0.0007283918
28 -0.4799899145
29 -0.4816481292
30 -0.2232456810
31  0.6376731303
32 -0.4259607177
33  0.9091321598
34  0.5702780231
35  0.2558865388
36 -0.4837837836
37 -0.4470588167
38  0.3048487250
39  0.5329793377
40  0.6894582803
41 -0.3332890953
42  0.2301021869
43  0.7109675616
44 -0.3249752714
45 -0.3209642804
46 -0.2553028866
47 -0.3280855199
48 -0.1871737511
49 -0.2336103468
50  0.0676625662
51  0.8041820315
52 -0.2980809323
53 -0.3134090446
54 -0.3301339739
55  0.6242724954
56  0.5729033027
57 -0.1627778545
58 -0.2313736875
59  0.5351559004
60 -0.0112646575
61 -0.1098834566
62 -0.2473500546
63 -0.2414605947
64 -0.2405851227
65  0.0305053551
66 -0.2341512374
67  0.2698655178
68 -0.2034658717
69 -0.1926535474
70 -0.2422916893
71  0.6734403099
72 -0.0892357356
73 -0.1741173262
74  0.0008479579
75  0.0288644301
76  0.2022383517
77 -0.0030326456
78 -0.1931481713
79 -0.1971200003
80 -0.1888888886
81  0.1954057321
82 -0.1037722571
83 -0.1967089482
84  0.0331803847
85 -0.1382145250
86  0.0697526820
87 -0.1185091053
88 -0.1343266829
89 -0.1422062427
90  0.2254459056
 [ reached 'max' / getOption("max.print") -- omitted 100 rows ]
[1] "Stability Time"
[1] 11
[1] "Absolute Range"
[1] -1.484940  1.367088
[1] "Relative Range"
[1] -1.428616  1.423412
[1] "Proportion Significant"
[1] 0.1052632
[1] "Proportion Significantly Wrong"
[1] 0.1052632
[1] "proportion wrong before stability time"
[1] 0.0483871
[1] "Number of phases"
[1] 4
                    Breaks
291 2000, 2004, 2008, 2014
                                          AICs    AICtot Nfits
291 -16.58149, -16.43476, -20.56597, -23.27822 -76.86045     4
    Nbreaks      AICc
291       3 -32.28902
[1] "HC"
[1] "Multiple Breakups"
   start_year N_data N_years         slope   slope_se    p_value
1        1991      3       3  2.558933e-01 0.06500564 0.15837309
2        1992      3       3  7.472085e-01 0.34866660 0.27794399
3        1993      3       3 -2.627172e-01 0.93174747 0.82503975
4        1994      3       3  1.762821e-01 1.18520379 0.90600105
5        1995      3       3  1.819686e-01 1.18192068 0.90274957
6        1996      3       3  5.402193e-02 1.10805063 0.96898678
7        1997      3       3  5.459058e-01 0.82406136 0.62752458
8        1998      3       3  4.918839e-01 0.79287179 0.64650284
9        1999      3       3  1.592225e-01 0.98493390 0.89796797
10       2000      3       3 -1.205542e+00 0.19698678 0.10311306
11       2001      3       3 -2.502068e-01 0.35457620 0.60879202
12       2002      3       3  6.823822e-02 0.17072188 0.75792459
13       2003      3       3  6.823822e-01 0.52529808 0.41765656
14       2004      3       3 -2.502068e-01 1.06372861 0.85292977
15       2005      3       3 -1.000827e+00 0.63035769 0.35782475
16       2006      3       3  7.506204e-01 0.38084111 0.29890887
17       2007      3       3 -4.549214e-02 0.84047692 0.96557554
18       2008      3       3 -9.780812e-01 0.30204639 0.19068318
19       2009      3       3  8.870969e-01 0.77481466 0.45705390
20       2010      3       3  2.047147e-01 1.16878822 0.88961499
21       2011      3       3  2.729529e-01 1.20818558 0.85854969
22       2012      3       3 -1.364765e-01 1.44456971 0.94003302
23       2013      3       3 -1.296526e+00 0.77481467 0.34292094
24       1991      4       4  5.732011e-01 0.18549001 0.09069819
25       1992      4       4  2.047146e-02 0.44761881 0.96767797
26       1993      4       4  3.234492e-01 0.53680629 0.60803148
27       1994      4       4 -2.308727e-01 0.57982750 0.72898501
28       1995      4       4  5.146299e-01 0.56238346 0.45674542
29       1996      4       4 -3.468776e-02 0.49817505 0.95082396
30       1997      4       4  7.989559e-01 0.39643437 0.18142986
31       1998      4       4  1.762821e-02 0.44799770 0.97218690
32       1999      4       4 -3.184450e-01 0.51968682 0.60242672
33       2000      4       4 -7.005791e-01 0.30455966 0.14811750
34       2001      4       4 -1.819686e-01 0.16339219 0.38131177
35       2002      4       4  4.958644e-01 0.25842584 0.19501824
36       2003      4       4 -5.913979e-02 0.48833654 0.91467839
37       2004      4       4 -3.320927e-01 0.47805733 0.55911154
38       2005      4       4 -1.683209e-01 0.55721846 0.79111375
39       2006      4       4  1.410257e-01 0.39099436 0.75286838
40       2007      4       4 -3.138958e-01 0.40656341 0.52082178
41       2008      4       4  3.639372e-02 0.60108195 0.95722597
42       2009      4       4  2.092639e-01 0.52270458 0.72761507
43       2010      4       4  6.505377e-01 0.58263703 0.38033661
44       2011      4       4 -3.912325e-01 0.66256311 0.61470214
45       2012      4       4 -3.320927e-01 0.65582892 0.66289935
46       1991      5       5  1.467122e-01 0.26851401 0.62281508
47       1992      5       5  3.168528e-01 0.30994865 0.38189371
48       1993      5       5  2.956989e-03 0.36095994 0.99397810
49       1994      5       5  1.285153e-01 0.39385261 0.76563300
50       1995      5       5  3.019541e-01 0.34713405 0.44838925
51       1996      5       5  3.275435e-01 0.35561676 0.42494902
52       1997      5       5  3.804281e-01 0.33282913 0.33598491
53       1998      5       5 -2.536187e-01 0.30236669 0.46316520
54       1999      5       5 -2.775021e-01 0.30097105 0.42451808
55       2000      5       5 -5.049628e-01 0.20898349 0.09448325
56       2001      5       5  1.865178e-01 0.23272246 0.48147027
57       2002      5       5  6.368900e-02 0.29072295 0.84065280
58       2003      5       5 -1.774194e-01 0.29009346 0.58403515
59       2004      5       5 -2.878883e-15 0.33606763 1.00000000
60       2005      5       5 -2.684037e-01 0.32685826 0.47173019
61       2006      5       5 -1.000827e-01 0.26521051 0.73101279
62       2007      5       5  1.410257e-01 0.35225339 0.71570137
63       2008      5       5 -1.319272e-01 0.36038473 0.73860242
64       2009      5       5  5.049628e-01 0.34672658 0.24132118
65       2010      5       5  8.188586e-02 0.47004639 0.87279463
66       2011      5       5 -4.367246e-01 0.38343162 0.33742334
67       1991      6       6  3.223444e-01 0.20293379 0.18738824
68       1992      6       6  8.981450e-02 0.24156615 0.72889902
69       1993      6       6  1.928542e-01 0.26049910 0.50020195
70       1994      6       6  8.692250e-02 0.25895290 0.75398803
71       1995      6       6  4.645073e-01 0.24586903 0.13186514
72       1996      6       6  1.632843e-01 0.25138066 0.55139764
73       1997      6       6  8.302317e-02 0.27741364 0.77963530
74       1998      6       6 -2.428956e-01 0.19804225 0.28727649
75       1999      6       6 -2.586554e-01 0.19733203 0.26012761
76       2000      6       6 -1.494742e-01 0.24666076 0.57722624
77       2001      6       6 -3.379417e-02 0.19847025 0.87306063
78       2002      6       6 -5.589036e-02 0.20245788 0.79617837
79       2003      6       6  1.559731e-02 0.22019212 0.94692922
80       2004      6       6 -1.195794e-01 0.23058597 0.63141485
81       2005      6       6 -3.236441e-01 0.21634270 0.20899059
82       2006      6       6  1.637717e-01 0.23097761 0.51744076
83       2007      6       6 -9.098426e-03 0.24635464 0.97230870
84       2008      6       6  1.767695e-01 0.29567920 0.58214684
85       2009      6       6  1.403758e-01 0.30956498 0.67372797
86       2010      6       6 -8.578519e-02 0.32258536 0.80343728
87       1991      7       7  1.506927e-01 0.17439177 0.42703066
88       1992      7       7  2.105230e-01 0.18448293 0.30549735
89       1993      7       7  1.455749e-01 0.18621225 0.46973286
90       1994      7       7  2.625953e-01 0.20932100 0.26510569
       intercept intercept_se intercept_p_value     r_square
1   -510.6404904     129.4912        0.15810502 9.393788e-01
2  -1489.4666065     694.8926        0.27789815 8.211938e-01
3    523.4506312    1857.9046        0.82516908 7.364730e-02
4   -351.5222207    2364.4818        0.90604334 2.164349e-02
5   -363.5530074    2359.1139        0.90265898 2.315485e-02
6   -107.4464304    2212.7773        0.96911174 2.371318e-03
7  -1090.5421628    1646.4747        0.62757232 3.050006e-01
8   -982.1125917    1584.9508        0.64684036 2.779129e-01
9   -317.4694660    1969.8680        0.89827526 2.546778e-02
10  2413.0830014     394.1706        0.10307975 9.739945e-01
11   501.0252609     709.8616        0.60872545 3.324176e-01
12  -136.8125415     341.9560        0.75771372 1.377551e-01
13 -1367.0491181    1052.6974        0.41775670 6.279070e-01
14   501.8668656    2132.7760        0.85287259 5.242634e-02
15  2007.7252166    1264.4976        0.35781537 7.159763e-01
16 -1506.6266170     764.3482        0.29888649 7.952775e-01
17    91.2168276    1687.6778        0.96562496 2.921129e-03
18  1964.6517185     606.8113        0.19071182 9.129361e-01
19 -1783.2871288    1557.3776        0.45701459 5.672551e-01
20  -411.9187382    2350.4333        0.88955257 2.976482e-02
21  -548.4937348    2430.8696        0.85872101 4.856115e-02
22   274.7170115    2907.9191        0.94003521 8.846659e-03
23  2611.1178854    1560.4769        0.34293019 7.368461e-01
24 -1142.6117240     369.5889        0.09062813 8.268298e-01
25   -41.3218787     892.3282        0.96727289 1.044714e-03
26  -645.1696390    1070.6603        0.60800568 1.536393e-01
27   460.6157332    1157.0460        0.72903445 7.344913e-02
28 -1027.4341396    1122.7987        0.45675462 2.951255e-01
29    69.6772547     995.1048        0.95054895 2.418283e-03
30 -1596.0518710     792.2742        0.18154182 6.700571e-01
31   -34.2336411     895.7715        0.97298641 7.735684e-04
32   637.7064223    1039.6336        0.60208157 1.580645e-01
33  1402.8206683     609.5762        0.14801566 7.257038e-01
34   364.4351002     327.1929        0.38126678 3.827751e-01
35  -993.2052651     517.7562        0.19509220 6.479956e-01
36   118.7138119     978.8708        0.91455831 7.279777e-03
37   666.0207407     958.7441        0.55910686 1.943826e-01
38   337.9950624    1118.0590        0.79096054 4.363347e-02
39  -283.3730925     784.9213        0.75265199 6.107404e-02
40   630.0819351     816.5827        0.52104311 2.296118e-01
41   -73.0901962    1207.8744        0.95725108 1.829617e-03
42  -421.0687288    1050.8977        0.72740913 7.419355e-02
43 -1308.3202777    1171.9746        0.38040561 3.839827e-01
44   787.6258144    1333.4085        0.61458950 1.484544e-01
45   668.4272753    1320.5117        0.66300724 1.136368e-01
46  -293.0458573     535.1486        0.62207861 9.050593e-02
47  -632.0098988     618.0378        0.38175946 2.583522e-01
48    -6.1082289     720.1153        0.99376472 2.236920e-05
49  -256.3632673     786.1300        0.76576677 3.427478e-02
50  -602.9332544     693.2269        0.44843612 2.014134e-01
51  -653.6985151     710.5225        0.42541043 2.204445e-01
52  -759.8334009     665.3256        0.33632961 3.033752e-01
53   507.9889769     604.7335        0.46256621 1.899663e-01
54   555.8205559     602.2432        0.42411901 2.208046e-01
55  1011.3925856     418.3850        0.09439085 6.605726e-01
56  -373.2746703     466.1432        0.48181334 1.763533e-01
57  -127.5579313     582.6089        0.84074431 1.574550e-02
58   355.7461008     581.6375        0.58401501 1.108601e-01
59     0.1749173     674.1518        0.99980927 2.274116e-29
60   538.7610063     656.0047        0.47167439 1.835196e-01
61   200.5314319     532.5428        0.73155983 4.531835e-02
62  -283.4003960     707.6772        0.71562670 5.071776e-02
63   265.0665908     724.3735        0.73870211 4.275981e-02
64 -1015.4236366     697.2673        0.24134177 4.141791e-01
65  -164.7614063     945.7336        0.87278929 1.001484e-02
66   879.1560070     771.8480        0.33740982 3.018868e-01
67  -642.9637155     404.5487        0.18718638 3.867930e-01
68  -179.4468630     481.8039        0.72845327 3.340454e-02
69  -384.8265933     519.8261        0.50021673 1.205084e-01
70  -173.3717229     516.9996        0.75421690 2.739672e-02
71  -927.4436162     491.1236        0.13199235 4.715463e-01
72  -325.6182407     502.3844        0.55221785 9.541459e-02
73  -165.5192409     554.6888        0.78025669 2.190109e-02
74   486.5498266     396.1837        0.28673405 2.732904e-01
75   518.1207857     394.9602        0.25979991 3.004666e-01
76   299.9413159     493.9383        0.57647183 8.408660e-02
77    67.8633368     397.6353        0.87277037 7.196083e-03
78   111.9993882     405.8270        0.79623632 1.869597e-02
79   -31.1236762     441.5955        0.94719459 1.252827e-03
80   239.9713932     462.6709        0.63136619 6.299806e-02
81   649.5917912     434.3081        0.20906114 3.587640e-01
82  -329.1124187     463.9187        0.51722823 1.116508e-01
83    18.0988171     495.0498        0.97258794 3.408812e-04
84  -355.2080108     594.4632        0.58233753 8.202460e-02
85  -282.4820911     622.6902        0.67360458 4.889336e-02
86   172.4809799     649.2033        0.80361619 1.737258e-02
87  -300.9192494     347.7374        0.42640148 1.299319e-01
88  -420.0994579     368.0436        0.30538839 2.066297e-01
89  -290.5200693     371.6798        0.46980155 1.089190e-01
90  -523.9560847     418.0142        0.26546313 2.394044e-01
   adj_r_square
1    0.87875752
2    0.64238751
3   -0.85270541
4   -0.95671301
5   -0.95369030
6   -0.99525736
7   -0.38999880
8   -0.44417413
9   -0.94906445
10   0.94798890
11  -0.33516485
12  -0.72448986
13   0.25581393
14  -0.89514732
15   0.43195267
16   0.59055501
17  -0.99415774
18   0.82587228
19   0.13451020
20  -0.94047036
21  -0.90287770
22  -0.98230668
23   0.47369216
24   0.74024467
25  -0.49843293
26  -0.26954102
27  -0.38982631
28  -0.05731170
29  -0.49637258
30   0.50508561
31  -0.49883965
32  -0.26290323
33   0.58855569
34   0.07416269
35   0.47199344
36  -0.48908034
37  -0.20842605
38  -0.43454980
39  -0.40838894
40  -0.15558236
41  -0.49725557
42  -0.38870968
43   0.07597408
44  -0.27731834
45  -0.32954473
46  -0.21265876
47   0.01113621
48  -0.33330351
49  -0.28763363
50  -0.06478217
51  -0.03940736
52   0.07116699
53  -0.08004493
54  -0.03892714
55   0.54743013
56  -0.09819556
57  -0.31233933
58  -0.18551992
59  -0.33333333
60  -0.08864052
61  -0.27290887
62  -0.26570966
63  -0.27632025
64   0.21890547
65  -0.31998022
66   0.06918239
67   0.23349120
68  -0.20824432
69  -0.09936444
70  -0.21575410
71   0.33943293
72  -0.13073176
73  -0.22262363
74   0.09161301
75   0.12558327
76  -0.14489175
77  -0.24100490
78  -0.22663004
79  -0.24843397
80  -0.17125242
81   0.19845502
82  -0.11043649
83  -0.24957390
84  -0.14746925
85  -0.18888330
86  -0.22828428
87  -0.04408167
88   0.04795567
89  -0.06929723
90   0.08728528
 [ reached 'max' / getOption("max.print") -- omitted 186 rows ]
[1] "Stability Time"
[1] 14
[1] "Absolute Range"
[1] -1.2965262  0.8870969
[1] "Relative Range"
[1] -1.3010885  0.8825346
[1] "Proportion Significant"
[1] 0.01086957
[1] "Proportion Significantly Wrong"
[1] 0.01086957
[1] "proportion wrong before stability time"
[1] 0.01515152
[1] "Number of phases"
[1] 3
             Breaks                            AICs    AICtot
22 1996, 2000, 2014 -17.17064, -12.74093, -44.59249 -74.50407
   Nfits Nbreaks      AICc
22     3       2 -61.64692
[1] "HX"
[1] "Multiple Breakups"
   start_year N_data N_years        slope  slope_se   p_value
1        1995      3       3 -0.047662652 1.2566575 0.9758658
2        1996      3       3 -0.401160691 1.0525653 0.7681869
3        1997      3       3  0.270088381 0.6650195 0.7544017
4        1998      3       3  1.004887676 1.0892561 0.5256341
5        1999      3       3  0.015887558 1.6602555 0.9939082
6        2000      3       3 -1.096241102 1.0181678 0.4765039
7        2001      3       3  0.889702916 0.1284176 0.0912579
8        2002      3       3 -0.587839427 0.9814770 0.6564577
9        2003      3       3 -0.190650628 1.2107941 0.9005747
10       2004      3       3  0.095325310 1.0456858 0.9421253
11       2005      3       3 -1.016803335 0.4035980 0.2405503
12       2006      3       3  0.492514117 0.4678068 0.4836245
13       2007      3       3  0.842040265 0.2660078 0.1947975
14       2008      3       3 -0.667277187 0.6053970 0.4690705
15       2009      3       3 -0.317751047 0.8071961 0.7612558
16       2010      3       3 -0.079437760 0.6696058 0.9248268
17       2011      3       3  0.270088388 0.8714048 0.8086599
18       2012      3       3  0.254200830 0.8805775 0.8210876
19       2013      3       3 -0.730827396 0.3118712 0.2567749
20       1995      4       4  0.175557453 0.5765819 0.7895233
21       1996      4       4 -0.363030568 0.4712360 0.5216312
22       1997      4       4  0.941337463 0.4885099 0.1938169
23       1998      4       4  0.034158240 0.7425638 0.9674900
24       1999      4       4 -0.076260250 0.7443924 0.9277489
25       2000      4       4 -0.257378347 0.6647531 0.7359405
26       2001      4       4 -0.041307637 0.5405785 0.9460460
27       2002      4       4 -0.009532532 0.5514880 0.9877785
28       2003      4       4 -0.438496441 0.5600717 0.5156553
29       2004      4       4 -0.209715689 0.4997083 0.7155067
30       2005      4       4 -0.251023323 0.4775472 0.6515968
31       2006      4       4  0.540176774 0.2110116 0.1246876
32       2007      4       4  0.028597595 0.4844740 0.9582971
33       2008      4       4 -0.247845814 0.3632382 0.5654579
34       2009      4       4 -0.454383991 0.3695077 0.3438365
35       2010      4       4  0.362236188 0.3933188 0.4542893
36       2011      4       4 -0.041307636 0.4291757 0.9320989
37       2012      4       4 -0.031775105 0.4270177 0.9474557
38       1995      5       5  0.008738154 0.3465426 0.9814668
39       1996      5       5  0.295508470 0.4675243 0.5722236
40       1997      5       5  0.315367910 0.4584321 0.5409164
41       1998      5       5 -0.033363859 0.4304882 0.9431035
42       1999      5       5  0.142987969 0.4480290 0.7705451
43       2000      5       5 -0.495691628 0.4077131 0.3110095
44       2001      5       5  0.162053030 0.3334570 0.6602680
45       2002      5       5 -0.235135772 0.3440135 0.5433446
46       2003      5       5 -0.463916523 0.3236904 0.2472419
47       2004      5       5  0.031775104 0.3204300 0.9272629
48       2005      5       5  0.028597595 0.3194992 0.9343194
49       2006      5       5  0.098502825 0.2826080 0.7504540
50       2007      5       5  0.076260250 0.2810615 0.8037370
51       2008      5       5 -0.362236188 0.2198690 0.1980104
52       2009      5       5 -0.034952615 0.3227272 0.9205920
53       2010      5       5  0.123922906 0.2655139 0.6724987
54       2011      5       5 -0.133455437 0.2534318 0.6349286
55       1995      6       6  0.372903546 0.3093111 0.2944124
56       1996      6       6  0.032909930 0.3415592 0.9278754
57       1997      6       6  0.186792220 0.3091587 0.5783082
58       1998      6       6  0.110985900 0.2938852 0.7248743
59       1999      6       6 -0.141626179 0.3361977 0.6952172
60       2000      6       6 -0.220610012 0.3105877 0.5167375
61       2001      6       6 -0.048116588 0.2497562 0.8566158
62       2002      6       6 -0.311396022 0.2294732 0.2463045
63       2003      6       6 -0.218794290 0.2548178 0.4389523
64       2004      6       6  0.150704781 0.2207227 0.5322401
65       2005      6       6 -0.140718317 0.2308775 0.5751198
66       2006      6       6  0.112574655 0.1851886 0.5760824
67       2007      6       6 -0.098048893 0.2097216 0.6644619
68       2008      6       6 -0.088970292 0.2135640 0.6983570
69       2009      6       6 -0.091693873 0.2137993 0.6901001
70       2010      6       6  0.010894321 0.1856657 0.9560237
71       1995      7       7  0.156605872 0.2518563 0.5613203
72       1996      7       7  0.007092657 0.2419784 0.9777504
73       1997      7       7  0.240015519 0.2207573 0.3265429
74       1998      7       7 -0.094474194 0.2392813 0.7092522
75       1999      7       7 -0.023831329 0.2472643 0.9269627
76       2000      7       7 -0.282571465 0.2225131 0.2600067
77       2001      7       7 -0.152066572 0.1865233 0.4519898
78       2002      7       7 -0.165684473 0.1827738 0.4062354
79       2003      7       7 -0.066954684 0.2003775 0.7518313
80       2004      7       7 -0.006808950 0.1806362 0.9713901
81       2005      7       7 -0.070359159 0.1682330 0.6931384
82       2006      7       7 -0.027235803 0.1538281 0.8664150
83       2007      7       7  0.040853705 0.1685909 0.8181546
84       2008      7       7 -0.118021816 0.1519412 0.4724290
85       2009      7       7 -0.122561117 0.1522257 0.4573076
86       1995      8       8  0.109037784 0.1897209 0.5863633
87       1996      8       8  0.088421793 0.1863721 0.6519625
88       1997      8       8  0.051539975 0.1972697 0.8026237
89       1998      8       8 -0.013334196 0.1843996 0.9447043
90       1999      8       8 -0.115752166 0.1917888 0.5682492
     intercept intercept_se intercept_p_value      r_square
1     94.98221    2508.2886        0.97590442 0.00143647556
2    801.40766    2101.9731        0.76811032 0.12683393886
3   -539.90819    1328.7090        0.75429006 0.14159147028
4  -2007.89816    2177.4230        0.52577196 0.45977751760
5    -31.18614    3320.5113        0.99402106 0.00009156398
6   2194.40044    2037.3538        0.47638495 0.53687415777
7  -1780.72336     257.0920        0.09128125 0.97959183545
8   1177.73478    1965.8987        0.65638809 0.26401388390
9    382.59987    2426.4316        0.90043750 0.02419354903
10  -191.29028    2096.6002        0.94207625 0.00824175785
11  2039.50209     809.6177        0.24057233 0.86389201260
12  -988.92485     938.8883        0.48348020 0.52571116201
13 -1690.81042     534.1437        0.19479823 0.90925766222
14  1340.55571    1216.2428        0.46907155 0.54850745979
15   638.59071    1622.4642        0.76128604 0.13416816099
16   159.03553    1346.5774        0.92515965 0.01387860837
17  -543.59146    1753.2667        0.80860238 0.08764658488
18  -512.12351    1772.6027        0.82094933 0.07692307493
19  1471.57506     628.1087        0.25682357 0.84594882519
20  -350.49071    1151.1459        0.78952895 0.04430042868
21   725.27451     941.2941        0.52156969 0.22883674851
22 -1880.84010     976.2873        0.19388041 0.64993115030
23   -67.73360    1484.7565        0.96775903 0.00105690076
24   153.07876    1489.1573        0.92750383 0.00522022830
25   516.11569    1330.5035        0.73547672 0.06972740461
26    82.84943    1082.5086        0.94596090 0.00291103287
27    19.57884    1104.9065        0.98747112 0.00014936521
28   879.20027    1122.6639        0.51555659 0.23458980243
29   420.21524    1002.1652        0.71573649 0.08093645547
30   503.60264     958.1985        0.65164280 0.12138480933
31 -1084.56791     423.6058        0.12465687 0.76617179423
32   -57.68869     973.0661        0.95811562 0.00173913061
33   498.05789     729.9273        0.56544968 0.18882681752
34   913.17738     742.8954        0.34398447 0.43055058654
35  -729.02355     791.1609        0.45408667 0.29780018510
36    82.83354     863.7162        0.93234127 0.00461055797
37    63.45072     859.8002        0.94788850 0.00276090579
38   -17.51939     692.0458        0.98139319 0.00021189111
39  -589.82795     934.1139        0.57259027 0.11752077252
40  -630.15294     916.4059        0.54107656 0.13625415861
41    67.24308     860.9766        0.94266527 0.00199820563
42  -285.41768     896.5062        0.77108305 0.03283712773
43   992.98056     816.2418        0.31076480 0.33007812693
44  -324.27863     667.9145        0.66056470 0.07297979658
45   471.46213     689.4032        0.54314511 0.13474409537
46   930.14211     648.9995        0.24724617 0.40642159998
47   -63.97380     642.7828        0.92699826 0.00326711965
48   -57.31692     641.2350        0.93440886 0.00266342260
49  -198.12829     567.4769        0.75005372 0.03891948931
50  -153.39530     564.6528        0.80350335 0.02395209554
51   727.86815     441.9369        0.19811438 0.47500000094
52    70.12032     649.0047        0.92078244 0.00389468283
53  -249.77554     534.2141        0.67196944 0.06769627863
54   268.23491     510.1583        0.63542490 0.08461243284
55  -744.51490     617.8492        0.29461397 0.26652016100
56   -65.33113     682.6064        0.92835540 0.00231555470
57  -373.21585     618.1631        0.57857682 0.08363058611
58  -221.36020     587.9175        0.72565425 0.03442747214
59   283.90549     672.8999        0.69477671 0.04248010050
60   442.45055     621.9521        0.51612945 0.11200387140
61    96.55100     500.3866        0.85639700 0.00919360977
62   624.23683     459.9792        0.24627711 0.31523961433
63   438.83545     511.0372        0.43891064 0.15562760500
64  -302.46745     442.8802        0.53213961 0.10438142446
65   282.38724     463.4867        0.57525577 0.08497856955
66  -226.37515     371.9515        0.57564786 0.08457025551
67   196.67556     421.4357        0.66501318 0.05181236649
68   178.78588     429.3706        0.69849679 0.04158415870
69   184.18916     430.0574        0.69049467 0.04396256480
70   -22.43738     373.6524        0.95499719 0.00086000952
71  -312.64055     503.2091        0.56163183 0.07177815357
72   -13.75682     483.7150        0.97841151 0.00017179883
73  -479.59148     441.5149        0.32694323 0.19121126337
74   189.49150     478.8021        0.70860368 0.03023469238
75    48.23726     495.0234        0.92615909 0.00185437491
76   566.47673     445.6940        0.25964915 0.24387567527
77   304.72817     373.7928        0.45200855 0.11733493839
78   332.27945     366.4616        0.40612785 0.14115060708
79   134.44765     401.9574        0.75159009 0.02184252794
80    13.45259     362.5371        0.97183577 0.00028409085
81   141.19986     337.8120        0.69330341 0.03379994340
82    54.31765     309.0407        0.86737744 0.00623052930
83   -82.33346     338.8678        0.81768418 0.01160791062
84   237.16976     305.5539        0.47273312 0.10767760553
85   246.25290     306.2783        0.45789285 0.11476700385
86  -217.64708     379.1574        0.58680703 0.05217935273
87  -176.25244     372.6512        0.65295070 0.03615857212
88  -102.82887     394.6383        0.80314007 0.01124872641
89    27.21150     369.0760        0.94362278 0.00087073169
90   232.17085     384.0573        0.56763807 0.05723527926
   adj_r_square
1   -0.99712705
2   -0.74633212
3   -0.71681706
4   -0.08044496
5   -0.99981687
6    0.07374832
7    0.95918367
8   -0.47197223
9   -0.95161290
10  -0.98351648
11   0.72778403
12   0.05142232
13   0.81851532
14   0.09701492
15  -0.73166368
16  -0.97224278
17  -0.82470683
18  -0.84615385
19   0.69189765
20  -0.43354936
21  -0.15674488
22   0.47489673
23  -0.49841465
24  -0.49216966
25  -0.39540889
26  -0.49563345
27  -0.49977595
28  -0.14811530
29  -0.37859532
30  -0.31792279
31   0.64925769
32  -0.49739130
33  -0.21675977
34   0.14582588
35  -0.05329972
36  -0.49308416
37  -0.49585864
38  -0.33305081
39  -0.17663897
40  -0.15166112
41  -0.33066906
42  -0.28955050
43   0.10677084
44  -0.23602694
45  -0.15367454
46   0.20856213
47  -0.32897717
48  -0.32978210
49  -0.28144068
50  -0.30139721
51   0.30000000
52  -0.32814042
53  -0.24307163
54  -0.22051676
55   0.08315020
56  -0.24710556
57  -0.14546177
58  -0.20696566
59  -0.19689987
60  -0.10999516
61  -0.23850799
62   0.14404952
63  -0.05546549
64  -0.11952322
65  -0.14377679
66  -0.14428718
67  -0.18523454
68  -0.19801980
69  -0.19504679
70  -0.24892499
71  -0.11386622
72  -0.19979384
73   0.02945352
74  -0.16371837
75  -0.19777475
76   0.09265081
77  -0.05919807
78  -0.03061927
79  -0.17378897
80  -0.19965909
81  -0.15944007
82  -0.19252336
83  -0.18607051
84  -0.07078687
85  -0.06227960
86  -0.10579076
87  -0.12448167
88  -0.15354315
89  -0.16565081
90  -0.09989217
 [ reached 'max' / getOption("max.print") -- omitted 100 rows ]
[1] "Stability Time"
[1] 10
[1] "Absolute Range"
[1] -1.096241  1.004888
[1] "Relative Range"
[1] -1.053396  1.047732
[1] "Proportion Significant"
[1] 0
[1] "Proportion Significantly Wrong"
[1] 0
[1] "proportion wrong before stability time"
[1] 0
[1] "Number of phases"
[1] 3
             Breaks                            AICs    AICtot
83 1998, 2008, 2014 -14.77680, -20.94411, -21.02061 -56.74152
   Nfits Nbreaks      AICc
83     3       2 -38.74152
[1] "TC"
[1] "Multiple Breakups"
   start_year N_data N_years        slope    slope_se     p_value
1        1991      3       3  0.275670504 0.004174566 0.009639798
2        1992      3       3  0.764187906 0.286220219 0.228144658
3        1993      3       3 -0.054361496 0.758809937 0.954470050
4        1994      3       3  0.604952024 1.139464776 0.689286315
5        1995      3       3 -0.067350521 1.527618831 0.971950513
6        1996      3       3 -1.070392251 0.948512419 0.461614306
7        1997      3       3  0.298266605 0.158316860 0.310654498
8        1998      3       3  0.695153622 0.387459685 0.323712269
9        1999      3       3 -0.144322554 0.872131481 0.895596677
10       2000      3       3 -0.865935305 0.455508165 0.308285864
11       2001      3       3  0.279023601 0.205534167 0.404178632
12       2002      3       3  0.038486010 0.344408610 0.929154701
13       2003      3       3  0.490696671 0.605492557 0.566426412
14       2004      3       3 -0.115458038 0.955456141 0.923441596
15       2005      3       3 -0.865935305 0.522167889 0.345448988
16       2006      3       3  1.837707145 1.038780807 0.327530033
17       2007      3       3  0.182808563 1.994236948 0.941804710
18       2008      3       3 -1.962786689 0.755476951 0.233908050
19       2009      3       3 -0.259780591 0.227754078 0.458239975
20       2010      3       3  0.067350521 0.038884842 0.333333333
21       2011      3       3  0.365617131 0.211089149 0.333333333
22       2012      3       3 -0.057729019 0.455508163 0.919745579
23       2013      3       3 -0.423346150 0.244419014 0.333333333
24       1991      4       4  0.570227058 0.170072552 0.078609436
25       1992      4       4  0.173908673 0.364043396 0.679970549
26       1993      4       4  0.604086089 0.509584385 0.357599638
27       1994      4       4 -0.193151680 0.687021957 0.805017209
28       1995      4       4 -0.139992873 0.684458055 0.856863964
29       1996      4       4 -0.577771277 0.510712218 0.375327129
30       1997      4       4  0.591241384 0.183369170 0.084215649
31       1998      4       4  0.057247944 0.407021153 0.901032958
32       1999      4       4 -0.275174997 0.397278389 0.560145727
33       2000      4       4 -0.336752619 0.367208809 0.455920572
34       2001      4       4  0.063501922 0.154699892 0.721248389
35       2002      4       4  0.429119049 0.273108370 0.256728606
36       2003      4       4 -0.082744929 0.427710186 0.864465213
37       2004      4       4 -0.234764682 0.432809403 0.641888270
38       2005      4       4  0.575365902 0.864280963 0.574096112
39       2006      4       4  0.484923769 0.908746793 0.646970175
40       2007      4       4 -0.413724645 0.956040528 0.707393610
41       2008      4       4 -1.202687923 0.553834328 0.162031991
42       2009      4       4 -0.142398251 0.122340734 0.364520012
43       2010      4       4  0.259780591 0.112452287 0.147122684
44       2011      4       4  0.038486015 0.211147614 0.872172498
45       2012      4       4 -0.119306641 0.206788471 0.622260075
46       1991      5       5  0.241361185 0.213757990 0.340973113
47       1992      5       5  0.536783673 0.296763576 0.168193567
48       1993      5       5  0.072305598 0.425231990 0.875800389
49       1994      5       5 -0.199646195 0.396670034 0.649379658
50       1995      5       5 -0.121712016 0.395312964 0.778306249
51       1996      5       5 -0.090442131 0.407560493 0.838631295
52       1997      5       5  0.200608345 0.249144151 0.479613399
53       1998      5       5 -0.097177184 0.251338642 0.724817541
54       1999      5       5 -0.119306642 0.246390653 0.661381311
55       2000      5       5 -0.275174998 0.214968302 0.290527893
56       2001      5       5  0.315585311 0.170761131 0.161728187
57       2002      5       5  0.067350523 0.261702533 0.813547056
58       2003      5       5 -0.173187061 0.252399011 0.541884176
59       2004      5       5  0.515712582 0.500180002 0.378359824
60       2005      5       5  0.094290732 0.571085196 0.879357553
61       2006      5       5 -0.013470105 0.598391507 0.983454261
62       2007      5       5 -0.423346149 0.551998208 0.498950000
63       2008      5       5 -0.810130585 0.391932701 0.130614982
64       2009      5       5  0.055804720 0.134476358 0.706049501
65       2010      5       5  0.076972027 0.123914605 0.578489352
66       2011      5       5 -0.034637411 0.129009496 0.805728358
67       1991      6       6  0.481285467 0.196901950 0.070879889
68       1992      6       6  0.176169727 0.284765109 0.569637767
69       1993      6       6 -0.008178278 0.282231228 0.978270882
70       1994      6       6 -0.169544634 0.260262392 0.550296805
71       1995      6       6  0.096077585 0.287723183 0.755209726
72       1996      6       6 -0.174699011 0.271209334 0.554556887
73       1997      6       6  0.049344568 0.185012276 0.802877808
74       1998      6       6 -0.036699163 0.168203838 0.837965831
75       1999      6       6 -0.137450049 0.161640322 0.443038692
76       2000      6       6  0.001649400 0.212952551 0.994191033
77       2001      6       6  0.089617432 0.171806182 0.629485109
78       2002      6       6 -0.040135415 0.182217365 0.836452795
79       2003      6       6  0.345274521 0.341910893 0.369698129
80       2004      6       6  0.189131266 0.377851558 0.642979507
81       2005      6       6 -0.150095453 0.399602002 0.726275418
82       2006      6       6 -0.134701048 0.397942934 0.752013101
83       2007      6       6 -0.365617129 0.362901447 0.370700229
84       2008      6       6 -0.477776368 0.320395326 0.210171925
85       2009      6       6 -0.016494005 0.097430014 0.873784326
86       2010      6       6  0.013745005 0.088956131 0.884687000
87       1991      7       7  0.224699559 0.203299365 0.319370474
88       1992      7       7  0.089840788 0.207436284 0.682988233
89       1993      7       7 -0.033469086 0.200101078 0.873719069
90       1994      7       7  0.005755722 0.210027763 0.979197204
      intercept intercept_se intercept_p_value      r_square
1   -549.786047     8.315735       0.009628396 0.99977073255
2  -1523.073141   570.436945       0.228138272 0.87697645613
3    108.403418  1513.067142       0.954467293 0.00510614952
4  -1206.049414  2273.232418       0.689467668 0.21988621840
5    134.760396  3049.127443       0.971882009 0.00194003048
6   2138.048006  1894.179459       0.461544169 0.56015007123
7   -596.167573   316.317113       0.310552405 0.78019078783
8  -1389.188723   774.531976       0.323794793 0.76297182838
9    288.980277  1744.263108       0.895477620 0.02665455781
10  1732.949842   911.471914       0.308253600 0.78326456605
11  -558.757568   411.479437       0.404095779 0.64825283702
12   -77.239797   689.850503       0.929015877 0.01233298827
13  -982.969645  1213.407185       0.566548847 0.39641332768
14   231.616862  1915.689722       0.923401153 0.01439232340
15  1737.125574  1047.468873       0.345439392 0.73334138264
16 -3687.583867  2084.833251       0.327581405 0.75785253225
17  -366.250522  4004.428123       0.941935424 0.00833307676
18  3943.971317  1517.753321       0.233868410 0.87096774119
19   521.628223   457.785734       0.458560962 0.56540848583
20  -136.145851    78.197423       0.331906169 0.75000000000
21  -736.036976   424.711403       0.333177791 0.75000000000
22   115.754721   916.938007       0.920055688 0.01580796162
23   852.126866   492.259934       0.333492586 0.75000000000
24 -1136.444516   338.869614       0.078576751 0.84896057151
25  -346.843388   725.720624       0.679840974 0.10241884979
26 -1204.321584  1016.366215       0.357765122 0.41267822529
27   385.901442  1370.952530       0.804789862 0.03801828879
28   279.730315  1366.520721       0.856746334 0.02048792485
29  1154.448129  1020.147815       0.375211689 0.39021619545
30 -1181.433523   366.463344       0.084235981 0.83866097753
31  -114.227909   813.838923       0.901237897 0.00979447538
32   550.641546   794.755541       0.560046570 0.19347178151
33   674.231681   734.968546       0.455794883 0.29602242413
34  -127.355009   309.786583       0.720859492 0.07770246059
35  -859.547564   547.172705       0.256803134 0.55245236483
36   166.016174   857.345202       0.864341736 0.01836967842
37   470.786914   867.999393       0.641910635 0.12824401084
38 -1153.644213  1734.180022       0.574346108 0.18139412197
39  -972.998560  1824.309470       0.647124487 0.12463005767
40   831.389316  1920.207697       0.707257345 0.08561849966
41  2417.186262  1112.930254       0.161992294 0.70219038476
42   285.728845   245.966084       0.365265764 0.40383481456
43  -523.058579   226.197810       0.146896086 0.72739971611
44   -77.958213   424.934638       0.871352646 0.01633987028
45   239.689949   416.368651       0.622980306 0.14268745112
46  -481.343697   426.019782       0.340709161 0.29823595471
47 -1070.053264   591.746719       0.168277057 0.52166305189
48  -143.951285   848.338033       0.876054073 0.00954564323
49   398.857999   791.753587       0.649092248 0.07786404941
50   243.241726   789.440187       0.778146334 0.03063041874
51   181.251823   814.306069       0.838152141 0.01614972632
52  -400.948711   498.039282       0.479680740 0.17770612573
53   194.467922   502.677411       0.724666945 0.04746461402
54   238.904836   493.027820       0.661160477 0.07249000523
55   551.014862   430.366648       0.290446185 0.35325110626
56  -632.025953   342.034631       0.161771233 0.53238321371
57  -134.925207   524.452008       0.813607805 0.02160036641
58   347.262207   506.060144       0.541860233 0.13565112551
59 -1033.919999  1003.361333       0.378599425 0.26164247882
60  -188.607422  1146.168273       0.879756987 0.00900505559
61    27.277945  1201.570444       0.983313618 0.00016887934
62   850.709296  1108.964674       0.498854243 0.16392332191
63  1628.538571   787.784924       0.130587088 0.58748989080
64  -112.659126   270.432024       0.704990441 0.05428608394
65  -155.430556   249.316247       0.577187688 0.11396011366
66    69.166120   259.696180       0.807237880 0.02346465683
67  -959.352843   392.524181       0.070897421 0.59897954731
68  -351.229465   567.964217       0.569786140 0.08732620754
69    16.560391   563.192622       0.977950605 0.00020987583
70   338.795351   519.614057       0.549961059 0.09591659815
71  -191.538916   574.727268       0.755668020 0.02712024573
72   349.540900   542.012051       0.554119351 0.09398274188
73   -98.673262   369.932180       0.802860808 0.01747278770
74    73.552198   336.491901       0.837672643 0.01176095339
75   275.197698   323.523223       0.442898967 0.15309621896
76    -3.003032   426.437638       0.994718452 0.00001499753
77  -179.562936   344.213812       0.629458592 0.06368942785
78    80.404955   365.254841       0.836545468 0.01198340492
79  -691.907624   685.702545       0.370033462 0.20315109887
80  -379.015601   758.159426       0.643384467 0.05894401270
81   301.712727   802.201309       0.725935960 0.03406949155
82   270.628858   799.268672       0.751941660 0.02784678612
83   734.770181   729.250722       0.370663830 0.20239639930
84   960.728163   644.155035       0.210110850 0.35729591707
85    32.685412   195.980543       0.875635442 0.00711387433
86   -28.259939   179.024278       0.882219107 0.00593326273
87  -448.062656   405.379137       0.319359285 0.19634943170
88  -179.118337   413.835595       0.683175717 0.03615872996
89    67.007124   399.401952       0.873340000 0.00556410921
90   -11.045725   419.425654       0.980008616 0.00015017959
   adj_r_square
1   0.999541465
2   0.753952912
3  -0.989787701
4  -0.560227563
5  -0.996119939
6   0.120300142
7   0.560381576
8   0.525943657
9  -0.946690884
10  0.566529132
11  0.296505674
12 -0.975334023
13 -0.207173345
14 -0.971215353
15  0.466682765
16  0.515705065
17 -0.983333846
18  0.741935482
19  0.130816972
20  0.500000000
21  0.500000000
22 -0.968384077
23  0.500000000
24  0.773440857
25 -0.346371725
26  0.119017338
27 -0.442972567
28 -0.469268113
29  0.085324293
30  0.757991466
31 -0.485308287
32 -0.209792328
33 -0.055966364
34 -0.383446309
35  0.328678547
36 -0.472445482
37 -0.307633984
38 -0.227908817
39 -0.313054913
40 -0.371572251
41  0.553285577
42  0.105752222
43  0.591099574
44 -0.475490195
45 -0.285968823
46  0.064314606
47  0.362217403
48 -0.320605809
49 -0.229514601
50 -0.292492775
51 -0.311800365
52 -0.096391832
53 -0.270047181
54 -0.236679993
55  0.137668142
56  0.376510952
57 -0.304532845
58 -0.152465166
59  0.015523305
60 -0.321326593
61 -0.333108161
62 -0.114768904
63  0.449986521
64 -0.260951888
65 -0.181386515
66 -0.302047124
67  0.498724434
68 -0.140842241
69 -0.249737655
70 -0.130104252
71 -0.216099693
72 -0.132521573
73 -0.228159015
74 -0.235298808
75 -0.058629726
76 -0.249981253
77 -0.170388215
78 -0.235020744
79  0.003938874
80 -0.176319984
81 -0.207413136
82 -0.215191517
83  0.002995499
84  0.196619896
85 -0.241107657
86 -0.242583422
87  0.035619318
88 -0.156609524
89 -0.193323069
90 -0.199819784
 [ reached 'max' / getOption("max.print") -- omitted 186 rows ]
[1] "Stability Time"
[1] 12
[1] "Absolute Range"
[1] -1.962787  1.837707
[1] "Relative Range"
[1] -1.950337  1.850157
[1] "Proportion Significant"
[1] 0.003623188
[1] "Proportion Significantly Wrong"
[1] 0.003623188
[1] "proportion wrong before stability time"
[1] 0.005847953
[1] "Number of phases"
[1] 2
       Breaks                 AICs    AICtot Nfits Nbreaks
16 2008, 2014 -24.45207, -18.67466 -43.12672     2       1
        AICc
16 -38.18555
[1] "TX"
[1] "Multiple Breakups"
   start_year N_data N_years         slope   slope_se    p_value
1        1995      3       3 -1.581300e-01 2.12790799 0.95277805
2        1996      3       3 -1.561533e+00 1.31765259 0.44620366
3        1997      3       3  1.824577e-01 0.31075884 0.66201419
4        1998      3       3  2.113468e-01 0.32743799 0.63510600
5        1999      3       3  2.432769e-02 0.43541352 0.96446734
6        2000      3       3 -3.892430e-01 0.19663836 0.29780067
7        2001      3       3  6.325199e-01 0.39327672 0.35413079
8        2002      3       3 -1.946215e-01 0.87082703 0.86002186
9        2003      3       3  3.649153e-01 1.19387577 0.81115458
10       2004      3       3  2.432769e-02 1.39051413 0.98886318
11       2005      3       3 -1.119074e+00 0.73037106 0.36811944
12       2006      3       3  8.879606e-01 0.42839072 0.28616308
13       2007      3       3  2.554407e-01 0.79357625 0.80174870
14       2008      3       3 -1.009599e+00 0.06320519 0.03980316
15       2009      3       3 -2.554407e-01 0.37220833 0.61709781
16       2010      3       3  4.987176e-01 0.06320519 0.08025443
17       2011      3       3  4.014069e-01 0.11938758 0.18404090
18       2012      3       3 -3.770792e-01 0.33007154 0.45774306
19       2013      3       3 -6.325199e-01 0.18259277 0.17891238
20       1995      4       4 -2.630431e-01 0.95355514 0.80854909
21       1996      4       4 -9.715870e-01 0.68062761 0.28959811
22       1997      4       4  3.074412e-01 0.15659237 0.18858759
23       1998      4       4 -1.429252e-02 0.19599530 0.94850424
24       1999      4       4 -7.298306e-02 0.20266585 0.75323473
25       2000      4       4  1.556972e-01 0.32668018 0.68063809
26       2001      4       4  6.206335e-17 0.40533170 1.00000000
27       2002      4       4  4.427639e-01 0.53580594 0.49549441
28       2003      4       4 -2.530080e-01 0.64214038 0.73161626
29       2004      4       4 -1.800249e-01 0.63295016 0.80283134
30       2005      4       4 -1.678610e-01 0.63897589 0.81736506
31       2006      4       4  3.600498e-01 0.36000047 0.42259701
32       2007      4       4 -2.286803e-01 0.45174886 0.66299368
33       2008      4       4 -5.789990e-01 0.25020882 0.14672866
34       2009      4       4  6.811753e-02 0.25020882 0.81096609
35       2010      4       4  4.184362e-01 0.05428946 0.01641996
36       2011      4       4 -2.432769e-02 0.25152994 0.93176883
37       2012      4       4 -4.160035e-01 0.14931335 0.10829794
38       1995      5       5 -3.025756e-01 0.55100823 0.62114728
39       1996      5       5 -5.035831e-01 0.47689328 0.36850171
40       1997      5       5  1.249835e-01 0.13881879 0.43429810
41       1998      5       5 -6.629295e-02 0.11707292 0.61081404
42       1999      5       5  1.848904e-01 0.18936049 0.40087891
43       2000      5       5 -1.070418e-01 0.24204114 0.68825132
44       2001      5       5  3.600498e-01 0.31301205 0.33340450
45       2002      5       5  4.865538e-03 0.39951763 0.99104779
46       2003      5       5 -2.967978e-01 0.37160096 0.48284831
47       2004      5       5  1.411006e-01 0.40977534 0.75331723
48       2005      5       5 -1.678610e-01 0.36891290 0.68000802
49       2006      5       5  2.432770e-03 0.29296773 0.99389587
50       2007      5       5 -2.019198e-01 0.26127454 0.49592984
51       2008      5       5 -2.554407e-01 0.23614572 0.35857663
52       2009      5       5  1.581300e-01 0.15352166 0.37877547
53       2010      5       5  1.289367e-01 0.17005617 0.50345424
54       2011      5       5 -1.678610e-01 0.16720161 0.38937462
55       1995      6       6 -1.594332e-01 0.37006556 0.68879638
56       1996      6       6 -4.021888e-01 0.31764089 0.27416830
57       1997      6       6  4.804718e-02 0.10115294 0.65956335
58       1998      6       6  1.159909e-01 0.13019153 0.42331592
59       1999      6       6 -1.112123e-02 0.16785205 0.95035329
60       2000      6       6  1.807200e-01 0.22958588 0.47521063
61       2001      6       6  7.089783e-02 0.26430960 0.80178139
62       2002      6       6 -1.000911e-01 0.26847366 0.72820037
63       2003      6       6 -3.405876e-02 0.28668948 0.91116088
64       2004      6       6  5.282584e-02 0.27305934 0.85602593
65       2005      6       6 -2.724701e-01 0.24894749 0.33522491
66       2006      6       6 -4.448492e-02 0.19369584 0.82961911
67       2007      6       6 -7.854368e-02 0.18528371 0.69343419
68       2008      6       6 -9.870091e-02 0.17913214 0.61096489
69       2009      6       6  2.571784e-02 0.12627462 0.84855632
70       2010      6       6 -1.737692e-02 0.13974905 0.90704137
71       1995      7       7 -1.694250e-01 0.26173944 0.54597616
72       1996      7       7 -3.280980e-01 0.22864314 0.21076383
73       1997      7       7  1.561751e-01 0.09493773 0.16088391
74       1998      7       7 -1.379293e-02 0.11869935 0.91201645
75       1999      7       7  1.807200e-01 0.16234173 0.31625379
76       2000      7       7  8.688461e-03 0.19031496 0.96535403
77       2001      7       7 -2.432769e-02 0.19481380 0.90548659
78       2002      7       7  4.778653e-02 0.20815454 0.82751982
79       2003      7       7 -5.647499e-02 0.20313278 0.79212704
80       2004      7       7 -8.080268e-02 0.20792521 0.71355865
81       2005      7       7 -2.389327e-01 0.17709418 0.23515273
82       2006      7       7  8.688460e-03 0.14036207 0.95304041
83       2007      7       7 -5.213075e-03 0.13768619 0.97126290
84       2008      7       7 -1.338023e-01 0.12827651 0.34469675
85       2009      7       7 -5.821268e-02 0.10159110 0.59144363
86       1995      8       8 -1.635241e-01 0.19511881 0.43409830
87       1996      8       8 -1.604107e-01 0.19600042 0.44439809
88       1997      8       8  4.630225e-02 0.09503331 0.64338952
89       1998      8       8  1.360106e-01 0.12372504 0.31377904
90       1999      8       8  4.691768e-02 0.14355926 0.75490603
       intercept intercept_se intercept_p_value     r_square
1    316.2835503    4247.3047        0.95268025 5.492006e-03
2   3119.1733024    2631.3524        0.44612412 5.841014e-01
3   -364.9190830     620.8962        0.66173317 2.563555e-01
4   -422.4697794     654.5486        0.63511457 2.940911e-01
5    -48.7452969     870.8271        0.96440181 3.112033e-03
6    778.7853357     393.4734        0.29783028 7.966805e-01
7  -1266.2163488     787.3401        0.35415076 7.211949e-01
8    389.7693905    1744.2667        0.86004186 4.757185e-02
9   -730.6666216    2392.5272        0.81130638 8.544304e-02
10   -48.7047617    2787.9811        0.98887967 3.059976e-04
11  2244.9988869    1465.1245        0.36810167 7.012815e-01
12 -1782.2025517     859.7802        0.28615393 8.111934e-01
13  -512.7716284    1593.5012        0.80180423 9.388306e-02
14  2028.3081033     126.9792        0.03980270 9.960960e-01
15   512.9161465     748.1388        0.61739858 3.201839e-01
16 -1003.4083827     127.1056        0.08021587 9.841920e-01
17  -807.7205227     240.2078        0.18402155 9.187289e-01
18   758.9217808     664.4341        0.45780070 5.661822e-01
19  1273.3996780     367.7419        0.17897838 9.230769e-01
20   525.6552380    1903.7731        0.80837718 3.665345e-02
21  1941.2469170    1359.5539        0.28950720 5.046708e-01
22  -614.5944509     312.9499        0.18850948 6.583901e-01
23    28.5079845     391.8927        0.94862988 2.651814e-03
24   145.8437669     405.4331        0.75348693 6.089310e-02
25  -311.4583855     653.8505        0.68079420 1.019920e-01
26    -0.1223625     811.6769        0.99989340 2.063156e-32
27  -886.7011670    1073.4874        0.49565405 2.545259e-01
28   507.4456542    1287.1706        0.73147330 7.202983e-02
29   360.9540490    1269.3817        0.80287645 3.887548e-02
30   337.1834696    1282.1053        0.81717102 3.335552e-02
31  -722.8614849     722.7011        0.42256430 3.333942e-01
32   459.1819521     907.3377        0.66307331 1.135733e-01
33  1163.3760820     502.7947        0.14675310 7.280720e-01
34  -137.3280902     503.0449        0.81046334 3.573382e-02
35  -841.9893095     109.2033        0.01640837 9.674297e-01
36    48.7154687     506.2041        0.93210731 4.655493e-03
37   837.2634249     300.6425        0.10837643 7.951326e-01
38   604.5620941    1100.3637        0.62097165 9.133443e-02
39  1006.6431287     952.8330        0.36830340 2.709713e-01
40  -250.0440438     277.4988        0.43396660 2.127233e-01
41   132.4568486     234.1459        0.61114488 9.656053e-02
42  -369.9032220     378.9104        0.40094888 2.411490e-01
43   214.2824188     484.5665        0.68827188 6.120384e-02
44  -720.9420325     626.9633        0.33353884 3.060586e-01
45    -9.5906999     800.6335        0.99119454 4.943644e-05
46   595.2004930     745.0601        0.48276728 1.753534e-01
47  -282.9025438     822.0095        0.75343749 3.801989e-02
48   337.1834674     740.4084        0.67975935 6.455768e-02
49    -5.1241369     588.2793        0.99359706 2.298429e-05
50   405.4469578     524.9007        0.49613446 1.660320e-01
51   513.3475531     474.6530        0.35864751 2.805915e-01
52  -318.2531083     308.7321        0.37844600 2.612540e-01
53  -259.8058369     342.1531        0.50287194 1.608083e-01
54   337.5045907     336.5769        0.38986413 2.514790e-01
55   318.8021912     739.2062        0.68849371 4.434470e-02
56   804.1248570     634.8056        0.27399020 2.861220e-01
57   -96.2996454     202.2554        0.65882240 5.339349e-02
58  -231.9894128     260.4483        0.42340850 1.655798e-01
59    22.1854333     335.9560        0.95051740 1.096266e-03
60  -361.6248584     459.7459        0.47551459 1.341270e-01
61  -141.9634441     529.5445        0.80189033 1.767004e-02
62   200.6723512     538.1556        0.72814951 3.358093e-02
63    68.5838943     574.9560        0.91080011 3.515965e-03
64  -105.8822375     547.8938        0.85617685 9.269879e-03
65   547.0641076     499.7623        0.33516241 2.304591e-01
66    89.0552961     389.0382        0.83016524 1.301474e-02
67   157.6665579     372.3278        0.69373566 4.299351e-02
68   198.4050090     360.1453        0.61102253 7.054461e-02
69   -52.0605869     254.0015        0.84760939 1.026352e-02
70    34.4797195     281.2451        0.90833924 3.850459e-03
71   338.7523440     522.9557        0.54570128 7.732094e-02
72   656.1160486     457.0579        0.21061757 2.917007e-01
73  -312.4112461     189.8756        0.16081735 3.511644e-01
74    27.5350703     237.5175        0.91222128 2.693241e-03
75  -361.6248576     325.0083        0.31646629 1.986191e-01
76   -17.2751217     381.2011        0.96560839 4.166667e-04
77    48.7415358     390.4070        0.90550812 3.109137e-03
78   -95.6250462     417.3501        0.82784948 1.043075e-02
79   113.5209568     407.4846        0.79171414 1.522369e-02
80   162.1320209     417.3061        0.71362360 2.931864e-02
81   479.7656138     355.6053        0.23516231 2.668942e-01
82   -17.6991177     281.9875        0.95238502 7.657437e-04
83    10.3698200     276.7494        0.97156020 2.866241e-04
84   268.9470801     257.9642        0.34490785 1.787135e-01
85   116.6957205     204.4014        0.59275888 6.162146e-02
86   326.9682210     389.9452        0.43387825 1.047941e-01
87   321.0768651     391.9031        0.44394584 1.004244e-01
88   -92.7754834     190.1143        0.64287021 3.805835e-02
89  -272.0719946     247.6358        0.31402860 1.676441e-01
90   -93.8864863     287.4776        0.75507185 1.749026e-02
     adj_r_square
1  -0.98901598847
2   0.16820276677
3  -0.48728904584
4  -0.41181783277
5  -0.99377593487
6   0.59336098674
7   0.44238976415
8  -0.90485629139
9  -0.82911392350
10 -0.99938800475
11  0.40256297219
12  0.62238684513
13 -0.81223388899
14  0.99219201847
15 -0.35963212743
16  0.96838407175
17  0.83745781873
18  0.13236448968
19  0.84615384615
20 -0.44501982576
21  0.25700625960
22  0.48758514558
23 -0.49602227964
24 -0.40866035094
25 -0.34701195105
26 -0.50000000000
27 -0.11821115820
28 -0.39195524921
29 -0.44168678180
30 -0.44996672057
31  0.00009132502
32 -0.32964010542
33  0.59210797275
34 -0.44639927109
35  0.95114453908
36 -0.49301676062
37  0.69269884293
38 -0.21155409653
39  0.02796176416
40 -0.04970230664
41 -0.20458596619
42 -0.01180138076
43 -0.25172820775
44  0.07474476518
45 -0.33326741808
46 -0.09952874764
47 -0.28264014476
48 -0.24725642220
49 -0.33330268761
50 -0.11195732575
51  0.04078862524
52  0.01500536057
53 -0.11892221973
54  0.00197196587
55 -0.19456912654
56  0.10765245750
57 -0.18325813747
58 -0.04302519555
59 -0.24862966759
60 -0.08234126956
61 -0.22791245317
62 -0.20802383848
63 -0.24560504332
64 -0.23841265075
65  0.03807390797
66 -0.23373157093
67 -0.19625811675
68 -0.16181924327
69 -0.23717059619
70 -0.24518692687
71 -0.10721486606
72  0.15004088753
73  0.22139723466
74 -0.19676811091
75  0.03834288187
76 -0.19949999992
77 -0.19626903570
78 -0.18748310400
79 -0.18173157320
80 -0.16481762775
81  0.12027301790
82 -0.19908110751
83 -0.19965605108
84  0.01445623216
85 -0.12605425012
86 -0.04440690811
87 -0.04950491889
88 -0.12226525600
89  0.02891806051
90 -0.14626135935
 [ reached 'max' / getOption("max.print") -- omitted 100 rows ]
[1] "Stability Time"
[1] 10
[1] "Absolute Range"
[1] -1.5615335  0.8879606
[1] "Relative Range"
[1] -1.5123923  0.9371018
[1] "Proportion Significant"
[1] 0.01052632
[1] "Proportion Significantly Wrong"
[1] 0.01052632
[1] "proportion wrong before stability time"
[1] 0.01785714
[1] "Number of phases"
[1] 3
             Breaks                              AICs    AICtot
23 2001, 2005, 2014 -6.658278, -13.870933, -19.880952 -40.41016
   Nfits Nbreaks      AICc
23     3       2 -22.41016
[1] "Cary Forest"
[1] "Multiple Breakups"
   start_year N_data N_years        slope    slope_se    p_value
1        1991      3       3  0.118877382 0.009807053 0.05240070
2        1992      3       3  0.334497652 0.134295474 0.24305193
3        1993      3       3  0.169222591 0.229717074 0.59580598
4        1994      3       3  1.256135136 0.857246325 0.38123873
5        1995      3       3 -0.035751248 1.603117277 0.98580504
6        1996      3       3 -0.920967148 1.092037638 0.55397196
7        1997      3       3  0.387305228 0.336706230 0.45558077
8        1998      3       3  0.858402459 0.608694343 0.39267228
9        1999      3       3  0.035751252 1.083652239 0.97900461
10       2000      3       3 -1.102330272 0.426580565 0.23506085
11       2001      3       3  0.390284501 0.435180977 0.53459121
12       2002      3       3 -0.181735533 0.765436898 0.85159701
13       2003      3       3  0.434973566 1.121494062 0.76445693
14       2004      3       3 -0.038730521 1.394987244 0.98232938
15       2005      3       3 -1.161915692 0.746515983 0.36355807
16       2006      3       3  1.167874230 0.598588856 0.30152457
17       2007      3       3  0.306864915 1.095692816 0.82615905
18       2008      3       3 -1.272148716 0.184048871 0.09146869
19       2009      3       3 -0.154922094 0.460982219 0.79360078
20       2010      3       3  0.137046466 0.292414093 0.72098669
21       2011      3       3  0.434973569 0.464422386 0.52083732
22       2012      3       3 -0.107253757 0.777477478 0.91272852
23       2013      3       3 -0.741838481 0.411099818 0.32215134
24       1991      4       4  0.251646807 0.076779830 0.08182801
25       1992      4       4  0.188811299 0.103353242 0.20925008
26       1993      4       4  0.900946447 0.434772646 0.17402011
27       1994      4       4  0.184044468 0.728079931 0.82404582
28       1995      4       4 -0.011544674 0.717072047 0.98861650
29       1996      4       4 -0.514296657 0.541882094 0.44274798
30       1997      4       4  0.786602026 0.275354671 0.10380673
31       1998      4       4  0.153953829 0.489405474 0.78286993
32       1999      4       4 -0.271709515 0.516111561 0.65112892
33       2000      4       4 -0.354533250 0.472010937 0.53093663
34       2001      4       4 -0.103678632 0.345267561 0.79229710
35       2002      4       4  0.453445046 0.501660760 0.46145737
36       2003      4       4 -0.237745825 0.634350255 0.74382914
37       2004      4       4 -0.229403867 0.633495586 0.75194282
38       2005      4       4 -0.022642461 0.737634770 0.97829974
39       2006      4       4  0.443911379 0.496355847 0.46551432
40       2007      4       4 -0.260984138 0.589569955 0.70127814
41       2008      4       4 -0.665569142 0.359751382 0.20552736
42       2009      4       4 -0.139429883 0.206351458 0.56889333
43       2010      4       4  0.417097941 0.207952262 0.18272469
44       2011      4       4 -0.051243461 0.349199032 0.89678927
45       2012      4       4 -0.218678493 0.353599684 0.59933519
46       1991      5       5  0.182139520 0.059795221 0.05560081
47       1992      5       5  0.670097633 0.284205576 0.09959909
48       1993      5       5  0.304615564 0.426082064 0.52627013
49       1994      5       5  0.126916945 0.421649119 0.78306960
50       1995      5       5 -0.043571838 0.414414470 0.92289975
51       1996      5       5  0.052435170 0.452703423 0.91510797
52       1997      5       5  0.340903084 0.302471895 0.34172544
53       1998      5       5 -0.090420875 0.315825223 0.79328080
54       1999      5       5 -0.050051753 0.324295805 0.88714032
55       2000      5       5 -0.435569422 0.276502673 0.21327092
56       2001      5       5  0.293756120 0.303953983 0.40510931
57       2002      5       5 -0.001191708 0.390878539 0.99775882
58       2003      5       5 -0.298522954 0.367919423 0.47654431
59       2004      5       5  0.219274346 0.448192219 0.65820874
60       2005      5       5 -0.108445465 0.428745150 0.81665852
61       2006      5       5  0.019663189 0.376986142 0.96168087
62       2007      5       5 -0.193652615 0.342600966 0.61142087
63       2008      5       5 -0.485025319 0.232391286 0.12813019
64       2009      5       5  0.139429883 0.200286206 0.53641972
65       2010      5       5  0.098911797 0.219458853 0.68278234
66       2011      5       5 -0.144196716 0.208630672 0.53914690
67       1991      6       6  0.527821696 0.203382396 0.06035119
68       1992      6       6  0.310103807 0.278954184 0.32859255
69       1993      6       6  0.229361307 0.282299718 0.46210624
70       1994      6       6  0.064479937 0.278377996 0.82819432
71       1995      6       6  0.226743805 0.312984710 0.50889139
72       1996      6       6 -0.056159258 0.302923277 0.86194343
73       1997      6       6  0.112935651 0.237766119 0.65956930
74       1998      6       6  0.016109344 0.215710449 0.94405468
75       1999      6       6 -0.194929446 0.228185048 0.44110384
76       2000      6       6 -0.056861516 0.283852854 0.85100263
77       2001      6       6  0.014640989 0.256053288 0.95714459
78       2002      6       6 -0.112190834 0.263792842 0.69250136
79       2003      6       6  0.041709794 0.310804683 0.89972633
80       2004      6       6  0.088867398 0.302916631 0.78382881
81       2005      6       6 -0.253663645 0.292934242 0.43537235
82       2006      6       6 -0.012427817 0.247489855 0.96235818
83       2007      6       6 -0.199526035 0.224310613 0.42399257
84       2008      6       6 -0.187098219 0.229634833 0.46093524
85       2009      6       6 -0.008512203 0.156485068 0.95922793
86       2010      6       6 -0.010384888 0.156916728 0.95040958
87       1991      7       7  0.293395310 0.197486142 0.19750928
88       1992      7       7  0.252291053 0.200054551 0.26290880
89       1993      7       7  0.156922460 0.203950225 0.47640283
90       1994      7       7  0.240203725 0.221450004 0.32756891
      intercept intercept_se intercept_p_value       r_square
1   -237.861710     19.53565        0.05216868 0.993240215460
2   -667.443499    267.65090        0.24279148 0.861185918572
3   -338.072748    458.05588        0.59522719 0.351770239911
4  -2505.606039   1710.20656        0.38128413 0.682251736434
5     71.642996   3199.82235        0.98574867 0.000497090998
6   1839.754564   2180.79935        0.55387251 0.415626693894
7   -773.931950    672.73910        0.45554165 0.569547329958
8  -1715.146854   1216.78009        0.39281233 0.665413592814
9    -70.744304   2167.30466        0.97922708 0.001087251993
10  2206.423753    853.58778        0.23499669 0.869751208661
11  -781.042234    871.23239        0.53471572 0.445771136549
12   364.081297   1533.17023        0.85157146 0.053363482718
13  -870.950673   2247.47429        0.76463828 0.130759100796
14    77.862723   2796.94966        0.98228207 0.000770249723
15  2331.028782   1497.51119        0.36353004 0.707819365762
16 -2343.737399   1201.36793        0.30154512 0.791951841486
17  -615.750295   2200.15136        0.82627564 0.072731470012
18  2556.068011    369.75421        0.09145736 0.979498098312
19   311.081059    926.57434        0.79379364 0.101481188010
20  -276.139218    588.04479        0.72050865 0.180095326868
21  -875.201105    934.41792        0.52082491 0.467292182230
22   215.672883   1565.06229        0.91281991 0.018675069605
23  1493.752336    827.95510        0.32220744 0.765054046326
24  -502.294148    152.98384        0.08157340 0.843039805789
25  -377.139160    206.03472        0.20866564 0.625285443457
26 -1796.886208    867.15418        0.17402767 0.682242786051
27  -367.142519   1452.88373        0.82410073 0.030959873585
28    23.334741   1431.63457        0.98847537 0.000129584023
29  1027.769150   1082.40965        0.44257545 0.310529811654
30 -1571.593855    550.29640        0.10385506 0.803162371749
31  -307.188859    978.56640        0.78330139 0.047145468359
32   544.074744   1032.48134        0.65083596 0.121711033935
33   710.331178    944.73004        0.53055895 0.220020447561
34   207.707304    691.39840        0.79221017 0.043140496552
35  -907.973675   1005.07749        0.46166937 0.290028169113
36   476.954747   1271.55528        0.74363168 0.065623511738
37   460.099224   1270.47559        0.75192780 0.061532362176
38    46.026438   1480.06440        0.97801600 0.000470901341
39  -890.985277    996.43452        0.46558585 0.285674947407
40   524.301320   1184.15144        0.70121867 0.089234747070
41  1337.651841    722.92051        0.20548564 0.631186782058
42   279.946879    414.86967        0.56936546 0.185852964956
43  -839.229383    418.29604        0.18264813 0.667938932779
44   102.905485    702.76316        0.89700908 0.010652455460
45   439.933733    711.97307        0.59962207 0.160532291869
46  -363.835632    119.17191        0.05529568 0.755669483345
47 -1336.342825    566.70606        0.09957235 0.649499261587
48  -607.802428    850.03393        0.52621064 0.145570293872
49  -253.173112    841.61185        0.78319566 0.029315261584
50    87.260961    827.58590        0.92268110 0.003671329035
51  -103.994309    904.50167        0.91572920 0.004452036726
52  -681.087368    604.64147        0.34195237 0.297466271706
53   181.316175    631.65060        0.79275778 0.026595960188
54   100.759220    648.91607        0.88646508 0.007877707970
55   872.484557    553.55849        0.21308233 0.452705588797
56  -587.957069    608.81998        0.40541596 0.237422095312
57     2.663742    783.32079        0.99750022 0.000003098373
58   598.752114    737.67863        0.47640130 0.179955864376
59  -439.500592    899.07381        0.65846393 0.073890421446
60   218.147264    860.49173        0.81625139 0.020880401122
61   -39.519160    756.98836        0.96164649 0.000906029232
62   389.099621    688.28551        0.61137601 0.096249175234
63   974.939300    467.10660        0.12812020 0.592170363873
64  -280.561251    402.77566        0.53619292 0.139076279305
65  -199.357048    441.55132        0.68227649 0.063418271261
66   289.927436    419.97365        0.53959072 0.137360677911
67 -1052.549754    405.44296        0.06029842 0.627392517505
68  -618.755131    556.37432        0.32841871 0.236028979906
69  -457.720353    563.32929        0.46207925 0.141652032503
70  -128.590468    555.78187        0.82838198 0.013235276683
71  -452.379167    625.18719        0.50936907 0.115990295951
72   112.904963    605.39239        0.86113028 0.008519257124
73  -225.532448    475.41353        0.65995786 0.053391554448
74   -31.673242    431.52891        0.94501340 0.001392349425
75   390.562899    456.71254        0.44065958 0.154291269413
76   114.563802    568.41555        0.85010375 0.009932422531
77   -29.075538    513.00295        0.95752057 0.000816705140
78   225.031991    528.77294        0.69231675 0.043263446779
79   -83.187724    623.31902        0.90027521 0.004482187500
80  -177.991193    607.80244        0.78420477 0.021063627590
81   509.503340    588.06570        0.43514548 0.157868688590
82    24.898185    497.08355        0.96245322 0.000630000920
83   400.895406    450.75234        0.42404800 0.165140279025
84   376.304446    461.68100        0.46077663 0.142337744158
85    16.851656    314.76983        0.95987163 0.000739191580
86    20.475017    315.79503        0.95141523 0.001093779680
87  -585.416110    393.78757        0.19726122 0.306245096815
88  -503.495770    399.10903        0.26276358 0.241320903763
89  -313.229000    407.08485        0.47638735 0.105865550684
90  -479.276574    442.23588        0.32794295 0.190485783369
   adj_r_square
1    0.98648043
2    0.72237184
3   -0.29645952
4    0.36450347
5   -0.99900582
6   -0.16874661
7    0.13909466
8    0.33082719
9   -0.99782550
10   0.73950242
11  -0.10845773
12  -0.89327303
13  -0.73848180
14  -0.99845950
15   0.41563873
16   0.58390368
17  -0.85453706
18   0.95899620
19  -0.79703762
20  -0.63980935
21  -0.06541564
22  -0.96264986
23   0.53010809
24   0.76455971
25   0.43792817
26   0.52336418
27  -0.45356019
28  -0.49980562
29  -0.03420528
30   0.70474356
31  -0.42928180
32  -0.31743345
33  -0.16996933
34  -0.43528926
35  -0.06495775
36  -0.40156473
37  -0.40770146
38  -0.49929365
39  -0.07148758
40  -0.36614788
41   0.44678017
42  -0.22122055
43   0.50190840
44  -0.48402132
45  -0.25920156
46   0.67422598
47   0.53266568
48  -0.13923961
49  -0.29424632
50  -0.32843823
51  -0.32739728
52   0.06328836
53  -0.29787205
54  -0.32282972
55   0.27027412
56  -0.01677054
57  -0.33332920
58  -0.09339218
59  -0.23481277
60  -0.30549280
61  -0.33212529
62  -0.20500110
63   0.45622715
64  -0.14789829
65  -0.24877564
66  -0.15018576
67   0.53424065
68   0.04503622
69  -0.07293496
70  -0.23345590
71  -0.10501213
72  -0.23935093
73  -0.18326056
74  -0.24825956
75  -0.05713591
76  -0.23758447
77  -0.24897912
78  -0.19592069
79  -0.24439727
80  -0.22367047
81  -0.05266414
82  -0.24921250
83  -0.04357465
84  -0.07207782
85  -0.24907601
86  -0.24863278
87   0.16749412
88   0.08958508
89  -0.07296134
90   0.02858294
 [ reached 'max' / getOption("max.print") -- omitted 186 rows ]
[1] "Stability Time"
[1] 14
[1] "Absolute Range"
[1] -1.272149  1.256135
[1] "Relative Range"
[1] -1.278628  1.249656
[1] "Proportion Significant"
[1] 0.01449275
[1] "Proportion Significantly Wrong"
[1] 0.01449275
[1] "Proportion wrong before stability time"
[1] 0.01515152
[1] "Number of phases"
[1] 3
              Breaks                           AICs   AICtot
123 1994, 2008, 2014 -5.372840, 11.907980, 1.678115 8.213256
    Nfits Nbreaks    AICc
123     3       2 21.0704
null device 
          1 
