[1] "GC"
[1] "Multiple Breakups"
    start_year N_data N_years          slope   slope_se    p_value        r_square adj_r_square
1         1995      3       3 -2.31792419019 1.11787438 0.28607556 0.8113010139149  0.622602028
2         1996      3       3 -0.04531907168 0.19421480 0.85405932 0.0516382366253 -0.896723527
3         1997      3       3  0.36397156705 0.04208926 0.07329245 0.9868041117484  0.973608223
4         1998      3       3  0.26029643021 0.10194613 0.23764435 0.8670072984913  0.734014597
5         1999      3       3 -0.05817869128 0.08192557 0.60688760 0.3352389829315 -0.329522034
6         2000      3       3 -0.46472003215 0.15279118 0.20222100 0.9024480371295  0.804896074
7         2001      3       3 -0.06527365321 0.38341166 0.89264834 0.0281667641640 -0.943666472
8         2002      3       3  0.44130665628 0.09093738 0.12937349 0.9592672669107  0.918534534
9         2003      3       3 -0.27954151558 0.32524451 0.54801737 0.4248602377123 -0.150279525
10        2004      3       3 -0.08301105915 0.43871142 0.88094905 0.0345650395418 -0.930869921
11        2005      3       3  0.55198806859 0.07209450 0.08268013 0.9832274581180  0.966454916
12        2006      3       3  0.09365350285 0.19252508 0.71177192 0.1913519695579 -0.617296061
13        2007      3       3 -0.14615622356 0.05407087 0.22557872 0.8796119723539  0.759223945
14        2008      3       3 -0.21213937357 0.09216626 0.26092291 0.8412153258211  0.682430652
15        2009      3       3  0.21852483934 0.34081036 0.63702596 0.2913465785735 -0.417306843
16        2010      3       3  0.33984869534 0.27076400 0.42827786 0.6117099937776  0.223419988
17        2011      3       3  0.16956959943 0.17245332 0.50536745 0.4915692306086 -0.016861539
18        2012      3       3 -0.55722060334 0.59206584 0.51929578 0.4697088266899 -0.060582347
19        2013      3       3 -0.79534527612 0.45458450 0.33055991 0.7537632856774  0.507526571
20        1995      4       4 -1.34160416265 0.75343362 0.21692455 0.6132071674627  0.419810751
21        1996      4       4  0.13297733142 0.13468635 0.42756476 0.3276821026993 -0.008476846
22        1997      4       4  0.28718633734 0.04816249 0.02699135 0.9467458289720  0.920118743
23        1998      4       4  0.10452653230 0.10083000 0.40879543 0.3495228472942  0.024284271
24        1999      4       4 -0.27372364648 0.12972626 0.16932236 0.6900253405822  0.535038011
25        2000      4       4 -0.17212378593 0.18222665 0.44458770 0.3084828275107 -0.037275759
26        2001      4       4  0.10585683784 0.19789589 0.64622134 0.1251593403093 -0.312260990
27        2002      4       4  0.04029938591 0.23506637 0.87965583 0.0144827189419 -0.478275922
28        2003      4       4 -0.04895524010 0.19718048 0.82708657 0.0298990554655 -0.455151417
29        2004      4       4  0.14601432458 0.23659618 0.60003683 0.1599705392765 -0.260044191
30        2005      4       4  0.30196159651 0.14790966 0.17796776 0.6757370105444  0.513605516
31        2006      4       4  0.01646031279 0.09695073 0.88080318 0.0142078814250 -0.478688178
32        2007      4       4 -0.20447681407 0.04145474 0.03872968 0.9240406284622  0.886060943
33        2008      4       4  0.07818648468 0.17261313 0.69497408 0.0930408091506 -0.360438786
34        2009      4       4  0.17325897985 0.15463939 0.37901744 0.3856193391122  0.078429009
35        2010      4       4  0.33147663968 0.12118578 0.11170488 0.7890682252882  0.683602338
36        2011      4       4 -0.32624410494 0.29646547 0.38588496 0.3771372798307  0.065705920
37        2012      4       4 -0.49499778375 0.26720582 0.20514528 0.6317940229513  0.447691034
38        1995      5       5 -0.79064486359 0.53889343 0.23861530 0.4177661978547  0.223688264
39        1996      5       5  0.15878525682 0.07917589 0.13858905 0.5727670238107  0.430356032
40        1997      5       5  0.17437643635 0.07081831 0.09068147 0.6689822096640  0.558642946
41        1998      5       5 -0.09340517903 0.12824930 0.51912493 0.1502462716446 -0.133004971
42        1999      5       5 -0.14232494423 0.10660601 0.27412632 0.3726964160898  0.163595221
43        2000      5       5 -0.02242008099 0.13615891 0.87968017 0.0089568133075 -0.321390916
44        2001      5       5 -0.04966473626 0.14531545 0.75506282 0.0374768102915 -0.283364253
45        2002      5       5  0.08740993573 0.13841436 0.57254519 0.1173365260190 -0.176884632
46        2003      5       5  0.09237640937 0.14006519 0.55666814 0.1266305359929 -0.164492619
47        2004      5       5  0.11465459120 0.13779355 0.46640838 0.1875091191682 -0.083321174
48        2005      5       5  0.18106343858 0.11029299 0.19919975 0.4732260886811  0.297634785
49        2006      5       5 -0.07662559300 0.07759818 0.39621735 0.2453000967268 -0.006266538
50        2007      5       5 -0.01348042840 0.11283929 0.91245746 0.0047348286067 -0.327020229
51        2008      5       5  0.09478869658 0.10011814 0.41360411 0.2300526893910 -0.026596414
52        2009      5       5  0.22320751458 0.09382288 0.09770330 0.6535711830299  0.538094911
53        2010      5       5 -0.05303484331 0.23276245 0.83440926 0.0170107806104 -0.310652293
54        2011      5       5 -0.36175439134 0.17238789 0.12674721 0.5947951946489  0.459726926
55        1995      6       6 -0.50831857544 0.38862468 0.26097881 0.2995785153930  0.124473144
56        1996      6       6  0.11489277912 0.05769593 0.11726962 0.4978327484606  0.372290936
57        1997      6       6  0.01303952710 0.10404767 0.90631432 0.0039110831928 -0.245111146
58        1998      6       6 -0.05106852526 0.08744460 0.59056224 0.0785677151482 -0.151790356
59        1999      6       6 -0.04390768118 0.08999610 0.65116654 0.0561654791220 -0.179793151
60        2000      6       6 -0.09685637140 0.09895612 0.38310772 0.1932250778012 -0.008468653
61        2001      6       6  0.00968969138 0.10111518 0.92826597 0.0022905053266 -0.247136868
62        2002      6       6  0.14939963512 0.09742540 0.19993601 0.3702327258461  0.212790907
63        2003      6       6  0.08530171844 0.09178512 0.40530748 0.1775835598112 -0.028020550
64        2004      6       6  0.08181505134 0.09217804 0.42491588 0.1645418008886 -0.044322749
65        2005      6       6  0.06754404136 0.09751373 0.52663464 0.1070991001683 -0.116126125
66        2006      6       6  0.02327147646 0.07685771 0.77714565 0.0224063625429 -0.221992047
67        2007      6       6  0.02456884098 0.07706787 0.76583474 0.0247779960290 -0.219027505
68        2008      6       6  0.15288630232 0.07362715 0.10644453 0.5187579473710  0.398447434
69        2009      6       6 -0.02050950896 0.15353152 0.90018198 0.0044414239882 -0.244448220
70        2010      6       6 -0.15645912264 0.16366070 0.39321055 0.1859876115767 -0.017515486
71        1995      7       7 -0.37446197565 0.28545946 0.24659033 0.2560392704791  0.107247125
72        1996      7       7  0.00876101149 0.07361427 0.90989928 0.0028247884329 -0.196610254
73        1997      7       7  0.01818084090 0.07363267 0.81479334 0.0120462928891 -0.185544449
74        1998      7       7 -0.00006968272 0.06848532 0.99922751 0.0000002070547 -0.199999752
75        1999      7       7 -0.09436299894 0.06998735 0.23542137 0.2666338335537  0.119960600
76        2000      7       7 -0.04054264188 0.07715721 0.62172721 0.0523308488282 -0.137202981
77        2001      7       7  0.07561202701 0.08099830 0.39341221 0.1484179606585 -0.021898447
78        2002      7       7  0.12983781048 0.06980981 0.12198971 0.4089241277403  0.290708953
79        2003      7       7  0.06801028174 0.06566520 0.34780579 0.1766430983560  0.011971718
80        2004      7       7  0.02148760023 0.07390216 0.78291123 0.0166268482480 -0.180047782
81        2005      7       7  0.10642443486 0.07251454 0.20212892 0.3010839022059  0.161300683
82        2006      7       7  0.04262045227 0.05548286 0.47707735 0.1055600431223 -0.073327948
83        2007      7       7  0.08569700918 0.06492518 0.24405525 0.2584053927565  0.110086471
84        2008      7       7 -0.01232116227 0.10866607 0.91413683 0.0025646624180 -0.196922405
85        2009      7       7 -0.10620905204 0.11930675 0.41412599 0.1368131429903 -0.035824228
86        1995      8       8 -0.34826340497 0.21330589 0.15365294 0.3076144594810  0.192216869
87        1996      8       8  0.01371059236 0.05494320 0.81126570 0.0102718614396 -0.154682828
88        1997      8       8  0.04245785928 0.05664409 0.48186677 0.0856213144834 -0.066775133
89        1998      8       8 -0.04905448508 0.05835688 0.43279018 0.1053588310712 -0.043748030
90        1999      8       8 -0.05111751431 0.05783277 0.41077329 0.1152077209407 -0.032257659
91        2000      8       8  0.02189302655 0.06787310 0.75797356 0.0170450642403 -0.146780758
92        2001      8       8  0.07679452076 0.06037643 0.25047110 0.2123713412528  0.081099898
93        2002      8       8  0.10649200593 0.05375058 0.09486270 0.3954814244694  0.294728329
94        2003      8       8  0.02415665746 0.05510497 0.67645738 0.0310348116919 -0.130459386
95        2004      8       8  0.06196267099 0.05983527 0.34033144 0.1516284085385  0.010233143
96        2005      8       8  0.10299520308 0.05408540 0.10553770 0.3767130806027  0.272831927
97        2006      8       8  0.08615311392 0.04839309 0.12532854 0.3456487409826  0.236590198
98        2007      8       8 -0.02786673147 0.08149067 0.74403889 0.0191171080258 -0.144363374
99        2008      8       8 -0.08079599505 0.09012829 0.40453991 0.1181181311803 -0.028862180
100       1995      9       9 -0.27289885699 0.17085933 0.15424957 0.2670994619532  0.162399385
101       1996      9       9  0.03402625677 0.04414554 0.46605489 0.0782309745008 -0.053450315
102       1997      9       9 -0.00523549100 0.05180106 0.92232954 0.0014571564224 -0.141191821
103       1998      9       9 -0.02351980015 0.04754635 0.63597825 0.0337763359769 -0.104255616
104       1999      9       9  0.00094599492 0.05394732 0.98649873 0.0000439259024 -0.142806942
105       2000      9       9  0.03358282165 0.05300570 0.54649705 0.0542343729346 -0.080875002
106       2001      9       9  0.06872653506 0.04699878 0.18705308 0.2339961276693  0.124567003
107       2002      9       9  0.06371276167 0.04840967 0.22959331 0.1983658008245  0.083846630
108       2003      9       9  0.05600290261 0.04647575 0.26735838 0.1717941837573  0.053479067
109       2004      9       9  0.06811163833 0.04648397 0.18626804 0.2347235205526  0.125398309
110       2005      9       9  0.12574638223 0.04390532 0.02419751 0.5395554347476  0.473777640
111       2006      9       9 -0.00478909955 0.06451328 0.94290077 0.0007866285024 -0.141958139
112       2007      9       9 -0.07953748385 0.06981685 0.29208660 0.1564075716657  0.035894368
113       1995     10      10 -0.20416614077 0.14195787 0.18831773 0.2054400761404  0.106120086
114       1996     10      10 -0.00346255664 0.04133563 0.93529997 0.0008763426534 -0.124014115
115       1997     10      10  0.00768943411 0.04199132 0.85925998 0.0041741028015 -0.120304134
116       1998     10      10  0.01405985029 0.04369602 0.75587727 0.0127762449557 -0.110626724
117       1999     10      10  0.01431892393 0.04372219 0.75169704 0.0132294930576 -0.110116820
118       2000     10      10  0.03483841500 0.04229014 0.43392634 0.0781964361960 -0.037029009
119       2001     10      10  0.04059178446 0.04085963 0.34958729 0.1098186351254 -0.001454035
120       2002     10      10  0.08257676148 0.04012397 0.07358357 0.3461665737106  0.264437395
121       2003     10      10  0.06211747015 0.03724252 0.13388775 0.2580192299744  0.165271634
122       2004     10      10  0.09306870578 0.03978250 0.04745726 0.4062186516678  0.331995983
123       2005     10      10  0.04414034061 0.05870734 0.47366624 0.0659999234189 -0.050750086
124       2006     10      10 -0.05126110275 0.05803796 0.40287019 0.0888489030302 -0.025044984
125       1995     11      11 -0.19570808569 0.11601094 0.12588204 0.2402434773298  0.155826086
 [ reached 'max' / getOption("max.print") -- omitted 65 rows ]
[1] "Stability Time"
[1] 11
[1] "Absolute Range"
[1] -2.3179242  0.5519881
[1] "Relative Range"
[1] -2.279747  0.590165
[1] "Proportion Significant"
[1] 0.07368421
[1] "Proportion Significantly Wrong"
[1] 0.07368421
[1] "GX"
[1] "Multiple Breakups"
    start_year N_data N_years        slope   slope_se    p_value      r_square adj_r_square
1         1995      3       3 -1.439542067 0.20089793 0.08827450 0.98089596335  0.961791927
2         1996      3       3 -1.042120923 0.43034913 0.24931585 0.85431246993  0.708624940
3         1997      3       3 -0.072027827 0.12973438 0.67734668 0.23561488104 -0.528770238
4         1998      3       3  0.295466263 0.08243844 0.17321894 0.92777518509  0.855550370
5         1999      3       3  0.247532251 0.11011315 0.26646207 0.83480406794  0.669608136
6         2000      3       3 -0.443326204 0.28875416 0.36752925 0.70212977187  0.404259544
7         2001      3       3 -0.574193664 0.21319780 0.22633261 0.87884019575  0.757680391
8         2002      3       3  0.702017696 0.52362317 0.40798486 0.64253243116  0.285064862
9         2003      3       3  0.012173717 0.92190478 0.99159395 0.00017434060 -0.999651319
10        2004      3       3 -0.034492199 0.89496220 0.97547656 0.00148315923 -0.997033682
11        2005      3       3  1.237661256 0.16048406 0.08209066 0.98346444136  0.966928883
12        2006      3       3 -0.514339554 0.85103408 0.65391655 0.26754051187 -0.464918976
13        2007      3       3 -0.588396334 0.80827738 0.59940837 0.34637561758 -0.307248765
14        2008      3       3 -0.178547853 0.57165125 0.80727203 0.08888344755 -0.822233105
15        2009      3       3 -0.718249319 0.26005446 0.22115173 0.88410091455  0.768201829
16        2010      3       3  0.688829502 0.55232288 0.43026244 0.60866926680  0.217338534
17        2011      3       3  0.461586780 0.68352152 0.62187303 0.31320538346 -0.373589233
18        2012      3       3 -0.745006135 0.01310522 0.01119747 0.99969066099  0.999381322
19        2013      3       3 -0.367874519 0.23084226 0.35675981 0.71748381274  0.434967625
20        1995      4       4 -1.131496297 0.19925543 0.02963909 0.94160029488  0.912400442
21        1996      4       4 -0.609142378 0.31548410 0.19325249 0.65084153754  0.476262306
22        1997      4       4  0.103527321 0.11678786 0.46889310 0.28207453713 -0.076888194
23        1998      4       4  0.238148344 0.04954123 0.04065440 0.92034397086  0.880515956
24        1999      4       4 -0.128838508 0.22280776 0.62153103 0.14323876447 -0.285141853
25        2000      4       4 -0.421819303 0.12973040 0.08298304 0.84092009662  0.761380145
26        2001      4       4  0.117679267 0.41067430 0.80141318 0.03943672553 -0.440844912
27        2002      4       4  0.106722921 0.41588644 0.82146088 0.03187621687 -0.452185675
28        2003      4       4  0.303531350 0.44528430 0.56580188 0.18852800918 -0.217207986
29        2004      4       4  0.418775874 0.47820022 0.47352900 0.27717171487 -0.084242428
30        2005      4       4  0.242054079 0.57927735 0.71664175 0.08029190011 -0.379562150
31        2006      4       4 -0.263966769 0.40712076 0.58324256 0.17368676757 -0.239469849
32        2007      4       4 -0.622482743 0.36200795 0.22765816 0.59651191667  0.394767875
33        2008      4       4 -0.304342932 0.26576650 0.37069818 0.39602078333  0.094031175
34        2009      4       4  0.035912466 0.45067985 0.94374336 0.00316480914 -0.495252786
35        2010      4       4  0.361153612 0.31113117 0.36555415 0.40252153978  0.103782310
36        2011      4       4 -0.025590168 0.41539635 0.95648051 0.00189394612 -0.497159081
37        2012      4       4 -0.514187383 0.13339208 0.06118833 0.88136734854  0.822051023
38        1995      5       5 -0.813052142 0.21687893 0.03314187 0.82408890316  0.765451871
39        1996      5       5 -0.313067429 0.24979364 0.29888120 0.34365566158  0.124874215
40        1997      5       5  0.129295022 0.06904921 0.15786135 0.53890680214  0.385209070
41        1998      5       5 -0.009637526 0.14589057 0.95148600 0.00145252693 -0.331396631
42        1999      5       5 -0.219329806 0.13884280 0.21230066 0.45409366309  0.272124884
43        2000      5       5 -0.011362136 0.24853240 0.96640885 0.00069619392 -0.332405075
44        2001      5       5 -0.084404440 0.26425442 0.77036832 0.03288830031 -0.289482266
45        2002      5       5  0.269444942 0.25783715 0.37280245 0.26687408242  0.022498777
46        2003      5       5  0.493035549 0.27939813 0.17581327 0.50931760783  0.345756810
47        2004      5       5  0.027999550 0.35654901 0.94235166 0.00205140093 -0.330598132
48        2005      5       5  0.156838058 0.33804537 0.67427180 0.06694798788 -0.244069349
49        2006      5       5 -0.394834230 0.24689647 0.20807832 0.46017988589  0.280239848
50        2007      5       5 -0.558367832 0.21225808 0.07828423 0.69758366403  0.596778219
51        2008      5       5  0.060462796 0.26058591 0.83144438 0.01762904744 -0.309827937
52        2009      5       5  0.035100885 0.26020056 0.90123363 0.00602937057 -0.325294173
53        2010      5       5  0.069846703 0.24607744 0.79499505 0.02615277545 -0.298462966
54        2011      5       5 -0.111516323 0.24490640 0.67979755 0.06464456766 -0.247140576
55        1995      6       6 -0.543310103 0.21074173 0.06145155 0.62429047182  0.530363090
56        1996      6       6 -0.175634857 0.18176198 0.38861832 0.18925226661 -0.013434667
57        1997      6       6 -0.016593936 0.09559220 0.87061775 0.00747712119 -0.240653599
58        1998      6       6 -0.108331591 0.11121411 0.38517318 0.19172887950 -0.010338901
59        1999      6       6  0.015999743 0.16346776 0.92673835 0.00238925715 -0.247013429
60        2000      6       6 -0.118838669 0.17413372 0.53242374 0.10429312952 -0.119633588
61        2001      6       6  0.086433393 0.19913773 0.68664612 0.04497891500 -0.193776356
62        2002      6       6  0.414544058 0.18843923 0.09266487 0.54748470928  0.434355887
63        2003      6       6  0.192692553 0.25204036 0.48716325 0.12749613840 -0.090629827
64        2004      6       6  0.028289400 0.23341618 0.90937915 0.00365875807 -0.245426552
65        2005      6       6 -0.056868651 0.25337399 0.83340949 0.01243731033 -0.234453362
66        2006      6       6 -0.414080297 0.16201318 0.06291449 0.62021716078  0.525271451
67        2007      6       6 -0.225213770 0.23728854 0.39630720 0.18380948349 -0.020238146
68        2008      6       6  0.052868715 0.17064986 0.77217597 0.02343299036 -0.220708762
69        2009      6       6 -0.079817557 0.18280652 0.68491931 0.04549180482 -0.193135244
70        2010      6       6 -0.018796799 0.16902954 0.91681101 0.00308206663 -0.246147417
71        1995      7       7 -0.382675006 0.17551994 0.08108879 0.48735992644  0.384831912
72        1996      7       7 -0.208819106 0.12994527 0.16896951 0.34057611086  0.208691333
73        1997      7       7 -0.088875382 0.07943847 0.31407684 0.20021789960  0.040261480
74        1998      7       7  0.040416017 0.11644558 0.74266194 0.02352619043 -0.171768571
75        1999      7       7 -0.071448126 0.12613444 0.59557106 0.06030211466 -0.127637462
76        2000      7       7  0.017898263 0.14626553 0.90737359 0.00298585754 -0.196416971
77        2001      7       7  0.241010617 0.16671120 0.20789620 0.29477971001  0.153735652
78        2002      7       7  0.208909684 0.17846523 0.29451368 0.21510537765  0.058126453
79        2003      7       7  0.151736690 0.17978126 0.43717172 0.12470323225 -0.050356121
80        2004      7       7 -0.099853467 0.18087312 0.60467203 0.05745281431 -0.131056623
81        2005      7       7 -0.155794596 0.18804601 0.44512542 0.12070887447 -0.055149351
82        2006      7       7 -0.200286634 0.16840441 0.28770877 0.22051366728  0.064616401
83        2007      7       7 -0.159490189 0.17202554 0.39640820 0.14669529892 -0.023965641
84        2008      7       7 -0.037762074 0.13152440 0.78554562 0.01621912501 -0.180537050
85        2009      7       7 -0.108884119 0.13034851 0.44160620 0.12246485226 -0.053042177
86        1995      8       8 -0.362476055 0.13134359 0.03286469 0.55934987612  0.485908189
87        1996      8       8 -0.222321304 0.09716869 0.06211479 0.46595045343  0.376942196
88        1997      8       8  0.022493600 0.08740805 0.80551428 0.01091683215 -0.153930362
89        1998      8       8 -0.033024831 0.09659684 0.74409547 0.01910843684 -0.144373490
90        1999      8       8  0.024371589 0.10908393 0.83062078 0.00825081213 -0.157040719
91        2000      8       8  0.153355022 0.13416972 0.29658939 0.17880579240  0.041940091
92        2001      8       8  0.119635757 0.14265681 0.43381155 0.10491768736 -0.044262698
93        2002      8       8  0.173451317 0.13458623 0.24493425 0.21680629741  0.086274014
94        2003      8       8  0.024637285 0.15277772 0.87717983 0.00431554984 -0.161631859
95        2004      8       8 -0.167243687 0.14031701 0.27830128 0.19144255213  0.056682977
96        2005      8       8 -0.046907458 0.15361414 0.77040901 0.01530286762 -0.148813321
97        2006      8       8 -0.154707657 0.12825000 0.27310473 0.19518762514  0.061052229
98        2007      8       8 -0.182789935 0.12892400 0.20602725 0.25095406343  0.126113074
99        2008      8       8 -0.069715063 0.09975320 0.51079767 0.07527662352 -0.078843939
100       1995      9       9 -0.342546424 0.10238691 0.01232465 0.61523853463  0.560272611
101       1996      9       9 -0.106536934 0.10066641 0.32505883 0.13793464632  0.014782453
102       1997      9       9 -0.032674595 0.07482386 0.67549153 0.02651974352 -0.112548865
103       1998      9       9  0.035946282 0.08475990 0.68422492 0.02505020524 -0.114228337
104       1999      9       9  0.131442331 0.10469462 0.24958812 0.18379129195  0.067190048
105       2000      9       9  0.073786253 0.11362792 0.53681797 0.05681704890 -0.077923373
106       2001      9       9  0.109123849 0.11066803 0.35695846 0.12195848146 -0.003476021
107       2002      9       9  0.067428867 0.12089248 0.59438865 0.04255109338 -0.094227322
108       2003      9       9 -0.054173042 0.12678712 0.68201417 0.02541772193 -0.113808318
109       2004      9       9 -0.077844159 0.12032211 0.53828317 0.05642108004 -0.078375909
110       2005      9       9 -0.041120112 0.11903591 0.73990970 0.01676152083 -0.123701119
111       2006      9       9 -0.174303960 0.09998421 0.12480413 0.30272958746  0.203119529
112       2007      9       9 -0.179346754 0.09988388 0.11563461 0.31533704504  0.217528051
113       1995     10      10 -0.225954645 0.10584075 0.06529750 0.36293586081  0.283302843
114       1996     10      10 -0.128214451 0.08127345 0.15331640 0.23727608573  0.141935596
115       1997     10      10  0.023692636 0.06798412 0.73645654 0.01495471219 -0.108175949
116       1998     10      10  0.121445126 0.08371663 0.18492337 0.20826891183  0.109302526
117       1999     10      10  0.070324736 0.09066575 0.46026889 0.06994374699 -0.046313285
118       2000     10      10  0.073521874 0.09064385 0.44076577 0.07598784182 -0.039513678
119       2001     10      10  0.034074112 0.09834275 0.73791645 0.01478446731 -0.108367474
120       2002     10      10 -0.004832597 0.10507627 0.96444450 0.00026433036 -0.124702628
121       2003     10      10 -0.001586272 0.10559980 0.98838286 0.00002820506 -0.124968269
122       2004     10      10 -0.067484202 0.09617002 0.50275508 0.05798210475 -0.059770132
123       2005     10      10 -0.077805732 0.09729130 0.44696687 0.07402595728 -0.041720798
124       2006     10      10 -0.173029716 0.07976320 0.06188672 0.37036778598  0.291663759
125       1995     11      11 -0.224116290 0.08642513 0.02906129 0.42764857415  0.364053971
 [ reached 'max' / getOption("max.print") -- omitted 65 rows ]
[1] "Stability Time"
[1] 12
[1] "Absolute Range"
[1] -1.439542  1.237661
[1] "Relative Range"
[1] -1.368972  1.308232
[1] "Proportion Significant"
[1] 0.04210526
[1] "Proportion Significantly Wrong"
[1] 0.9631579
[1] "HC"
[1] "Multiple Breakups"
    start_year N_data N_years        slope    slope_se    p_value      r_square adj_r_square
1         1991      3       3 -0.074334234 0.134324293 0.67822365 0.23444667053  -0.53110666
2         1992      3       3 -0.032822909 0.158290868 0.86983632 0.04122485854  -0.91755028
3         1993      3       3  0.310101401 0.039696575 0.08105389 0.98387723468   0.96775447
4         1994      3       3 -0.008795681 0.223811892 0.97499407 0.00154206416  -0.99691587
5         1995      3       3  0.039044244 0.251432286 0.90192436 0.02354634956  -0.95290730
6         1996      3       3  0.170496775 0.175538131 0.50927421 0.48543416833  -0.02913166
7         1997      3       3 -0.074656027 0.033999095 0.27205544 0.82822718341   0.65645437
8         1998      3       3  0.369257722 0.222294628 0.34497899 0.73399407209   0.46798814
9         1999      3       3 -0.062213356 0.471404571 0.91646521 0.01711908650  -0.96576183
10        2000      3       3 -0.535034863 0.198420947 0.22608452 0.87909440785   0.75818882
11        2001      3       3  2.189910139 1.374826784 0.35689583 0.71729140750   0.43458282
12        2002      3       3  0.032179322 2.620593252 0.99218308 0.00015076102  -0.99969848
13        2003      3       3 -2.379982669 1.227930877 0.30323410 0.78976763210   0.57953526
14        2004      3       3  0.642728328 0.517232131 0.43139093 0.60693834219   0.21387668
15        2005      3       3  1.100961876 0.252670868 0.14361732 0.94996505636   0.89993011
16        2006      3       3 -0.536322036 0.692615439 0.58053150 0.37484658268  -0.25030683
17        2007      3       3 -0.699792993 0.598235438 0.45029223 0.57776382444   0.15552765
18        2008      3       3  0.482260775 0.084223623 0.11007128 0.97040244484   0.94080489
19        2009      3       3 -0.338526469 0.558105359 0.65289465 0.26896286254  -0.46207427
20        2010      3       3 -0.441500300 0.498653390 0.53865332 0.43943261083  -0.12113478
21        2011      3       3  0.249711540 0.099582048 0.24157263 0.86278884944   0.72557770
22        2012      3       3 -0.096591599 0.100356162 0.51216720 0.48089245295  -0.03821509
23        2013      3       3 -0.282427184 0.006936063 0.01563145 0.99939723058   0.99879446
24        1991      4       4 -0.002896139 0.072867942 0.97190711 0.00078921061  -0.49881618
25        1992      4       4  0.118098112 0.112265688 0.40316671 0.35620997597   0.03431496
26        1993      4       4  0.105011855 0.119731941 0.47295374 0.27777776140  -0.08333336
27        1994      4       4  0.097438988 0.117389469 0.49381444 0.25622382592  -0.11566426
28        1995      4       4  0.030817064 0.112544218 0.80990912 0.03613454337  -0.44579818
29        1996      4       4  0.084213286 0.092974946 0.46066477 0.29088248682  -0.06367627
30        1997      4       4  0.179914590 0.147760800 0.34753471 0.42571095973   0.13856644
31        1998      4       4  0.033369957 0.217921646 0.89235119 0.01158826586  -0.48261760
32        1999      4       4 -0.182606927 0.221981961 0.49719529 0.25281258072  -0.12078113
33        2000      4       4  1.031197106 0.908607929 0.37411229 0.39173542933   0.08760314
34        2001      4       4  0.419017681 1.193056203 0.75897586 0.05809263655  -0.41286105
35        2002      4       4 -0.507317741 1.212650331 0.71633041 0.08046843692  -0.37929734
36        2003      4       4 -0.991723804 0.971588256 0.41475519 0.34251148417   0.01376723
37        2004      4       4  0.738493991 0.237829426 0.08994133 0.82820677914   0.74231017
38        2005      4       4  0.206119285 0.528850579 0.73431066 0.07059082339  -0.39411376
39        2006      4       4 -0.394475584 0.320390441 0.34337104 0.43116159496   0.14674239
40        2007      4       4 -0.197795567 0.394433264 0.66579731 0.11169144051  -0.33246284
41        2008      4       4 -0.039387490 0.303519952 0.90862333 0.00834969642  -0.48747546
42        2009      4       4 -0.206977400 0.260892131 0.51074648 0.23936900575  -0.14094649
43        2010      4       4 -0.199511797 0.263154934 0.52751763 0.22323958954  -0.16514062
44        2011      4       4  0.076425890 0.109510832 0.55747091 0.19583199505  -0.20625201
45        2012      4       4 -0.173328556 0.063064454 0.11080863 0.79066129947   0.68599195
46        1991      5       5  0.087742285 0.067144275 0.28243815 0.36273992776   0.15031990
47        1992      5       5  0.045372844 0.077228124 0.59814898 0.10318629605  -0.19575161
48        1993      5       5  0.137899122 0.071687540 0.15010402 0.55225812250   0.40301083
49        1994      5       5  0.072489286 0.069288708 0.37233964 0.26731294369   0.02308392
50        1995      5       5  0.019854642 0.065284954 0.78090888 0.02990814719  -0.29345580
51        1996      5       5  0.200970594 0.086171553 0.10194179 0.64451721075   0.52602295
52        1997      5       5  0.019103791 0.126086435 0.88918598 0.00759399852  -0.32320800
53        1998      5       5 -0.078753528 0.141493839 0.61663341 0.09359761017  -0.20853652
54        1999      5       5  0.744071741 0.550154325 0.26913522 0.37877875003   0.17170500
55        2000      5       5  0.236839811 0.696795494 0.75633913 0.03708229988  -0.28389027
56        2001      5       5 -0.069593147 0.744339449 0.93140339 0.00290540040  -0.32945947
57        2002      5       5 -0.206033474 0.721409046 0.79376960 0.02646920163  -0.29804106
58        2003      5       5 -0.383062652 0.661929538 0.60337438 0.10042299907  -0.19943600
59        2004      5       5  0.262754892 0.307077909 0.45508386 0.19617538674  -0.07176615
60        2005      5       5  0.053203146 0.317839729 0.87771063 0.00925336337  -0.32099552
61        2006      5       5 -0.161583103 0.228683874 0.53076316 0.14267420013  -0.14310107
62        2007      5       5 -0.318875630 0.238214176 0.27310047 0.37394012469   0.16525350
63        2008      5       5 -0.051401104 0.175374540 0.78855537 0.02783744903  -0.29621673
64        2009      5       5 -0.123826032 0.158091592 0.49062182 0.16977732960  -0.10696356
65        2010      5       5 -0.165294452 0.153211560 0.35966022 0.27952986420   0.03937315
66        2011      5       5 -0.032404577 0.089137895 0.74031446 0.04219340212  -0.27707546
67        1991      6       6  0.044468759 0.050560369 0.42878612 0.16204956787  -0.04743804
68        1992      6       6  0.085903467 0.055710462 0.19794318 0.37280969904   0.21601212
69        1993      6       6  0.108517868 0.049902160 0.09531694 0.54175422303   0.42719278
70        1994      6       6  0.052752636 0.046769482 0.32242380 0.24130673518   0.05163342
71        1995      6       6  0.121640903 0.072664338 0.16944154 0.41196471318   0.26495589
72        1996      6       6  0.080089736 0.089739066 0.42257800 0.16606013074  -0.04242484
73        1997      6       6 -0.056908365 0.093484156 0.57556728 0.08478862816  -0.14401421
74        1998      6       6  0.553487406 0.376594056 0.21557848 0.35065711697   0.18832140
75        1999      6       6  0.258709492 0.456334444 0.60106243 0.07437600344  -0.15703000
76        2000      6       6 -0.060117103 0.487315264 0.90776927 0.00379024131  -0.24526220
77        2001      6       6  0.020545731 0.490055685 0.96856754 0.00043923965  -0.24945095
78        2002      6       6  0.004241541 0.487627306 0.99347636 0.00001891486  -0.24997636
79        2003      6       6 -0.402431539 0.433478867 0.40576168 0.17727344444  -0.02840819
80        2004      6       6  0.137347476 0.213670944 0.55534791 0.09362627543  -0.13296716
81        2005      6       6  0.091646710 0.209255391 0.68402326 0.04575920095  -0.19280100
82        2006      6       6 -0.258415281 0.159806747 0.18117522 0.39529962818   0.24412454
83        2007      6       6 -0.247603028 0.161285377 0.19953312 0.37075214291   0.21344018
84        2008      6       6 -0.036457640 0.115133300 0.76734206 0.02445471636  -0.21943160
85        2009      6       6 -0.121009575 0.103508014 0.30728568 0.25467102164   0.06833878
86        2010      6       6 -0.173967545 0.100425427 0.15825523 0.42864351762   0.28580440
87        1991      7       7  0.075092747 0.039884646 0.11845787 0.41484474650   0.29781370
88        1992      7       7  0.076866440 0.039737267 0.11086816 0.42803371109   0.31364045
89        1993      7       7  0.084708235 0.037869235 0.07551155 0.50017740566   0.40021289
90        1994      7       7  0.120867833 0.051383385 0.06537515 0.52531026355   0.43037232
91        1995      7       7  0.050812682 0.065667841 0.47403659 0.10694202752  -0.07166957
92        1996      7       7  0.007834133 0.075939718 0.92184392 0.00212398019  -0.19745122
93        1997      7       7  0.411811045 0.278571844 0.19938261 0.30413993665   0.16496792
94        1998      7       7  0.237111803 0.322918022 0.49574800 0.09733689050  -0.08319573
95        1999      7       7  0.030524386 0.348535091 0.93361060 0.00153166974  -0.19816200
96        2000      7       7  0.005118045 0.346636156 0.98879079 0.00004359849  -0.19994768
97        2001      7       7  0.121607191 0.351399715 0.74337999 0.02339192738  -0.17192969
98        2002      7       7 -0.107111172 0.350746827 0.77238082 0.01830991979  -0.17802810
99        2003      7       7 -0.330190493 0.309340514 0.33459390 0.18558096680   0.02269716
100       2004      7       7  0.145144066 0.151155213 0.38103881 0.15569712022  -0.01316346
101       2005      7       7 -0.044284877 0.167490422 0.80202247 0.01378893718  -0.18345328
102       2006      7       7 -0.220075917 0.115148022 0.11420395 0.42215583684   0.30658700
103       2007      7       7 -0.187344949 0.119234357 0.17693017 0.33054599082   0.19665519
104       2008      7       7 -0.056187395 0.082204579 0.52466780 0.08545200753  -0.09745759
105       2009      7       7 -0.138585614 0.073891318 0.11956066 0.41298186798   0.29557824
106       1991      8       8  0.070466331 0.029848015 0.05621968 0.48157680916   0.39517294
107       1992      8       8  0.065381487 0.030351578 0.07467854 0.43610668224   0.34212446
108       1993      8       8  0.130585477 0.038707678 0.01497509 0.65480332376   0.59727054
109       1994      8       8  0.065951010 0.049720143 0.23294442 0.22674981805   0.09787479
110       1995      8       8  0.001119892 0.056734711 0.98489155 0.00006493439  -0.16659091
111       1996      8       8  0.358006452 0.209946068 0.13903196 0.32643386634   0.21417284
112       1997      8       8  0.197224767 0.241788055 0.44584123 0.09982284783  -0.05020668
113       1998      8       8  0.064433985 0.260519381 0.81289951 0.01009237375  -0.15489223
114       1999      8       8  0.061120281 0.260382598 0.82222176 0.00909966689  -0.15605039
115       2000      8       8  0.087149777 0.262672322 0.75133731 0.01801594789  -0.14564806
116       2001      8       8  0.008918269 0.269877581 0.97471009 0.00018196894  -0.16645437
117       2002      8       8 -0.116550440 0.261488046 0.67143187 0.03204984265  -0.12927518
118       2003      8       8 -0.220229152 0.239149479 0.39263134 0.12383549392  -0.02219192
119       2004      8       8  0.027531198 0.131545452 0.84114659 0.00724750093  -0.15821125
120       2005      8       8 -0.062049906 0.125260615 0.63795859 0.03929106052  -0.12082710
121       2006      8       8 -0.179325658 0.088992563 0.09051732 0.40360701857   0.30420819
122       2007      8       8 -0.169159801 0.089490073 0.10761281 0.37324347507   0.26878405
123       2008      8       8 -0.084262577 0.063379467 0.23199735 0.22755590514   0.09881522
124       1991      9       9  0.062558390 0.023566663 0.03272587 0.50165607927   0.43046409
125       1992      9       9  0.105948631 0.033185770 0.01522170 0.59284914848   0.53468474
 [ reached 'max' / getOption("max.print") -- omitted 151 rows ]
[1] "Stability Time"
[1] 14
[1] "Absolute Range"
[1] -2.379983  2.189910
[1] "Relative Range"
[1] -2.397696  2.172197
[1] "Proportion Significant"
[1] 0.03623188
[1] "Proportion Significantly Wrong"
[1] 0.03623188
[1] "HX"
[1] "Multiple Breakups"
    start_year N_data N_years        slope   slope_se    p_value     r_square  adj_r_square
1         1995      3       3 -0.062144048 2.34200230 0.98311152 0.0007035886 -0.9985928229
2         1996      3       3 -2.031939326 1.20474047 0.34070864 0.7399007974  0.4798015948
3         1997      3       3 -0.282213795 0.19453596 0.38421467 0.6778908401  0.3557816801
4         1998      3       3  0.165337375 0.45292975 0.77717674 0.1175853203 -0.7648293595
5         1999      3       3  0.031357089 0.53028330 0.96239873 0.0034844932 -0.9930310136
6         2000      3       3 -0.551314626 0.19387763 0.21527721 0.8899427953  0.7798855907
7         2001      3       3  0.309579981 0.30316010 0.49333017 0.5104761805  0.0209523609
8         2002      3       3  0.116306291 0.41474672 0.82594505 0.0729061553 -0.8541876893
9         2003      3       3 -0.278793022 0.18663602 0.37555613 0.6905343588  0.3810687176
10        2004      3       3  0.306159208 0.15108630 0.29184275 0.8041612290  0.6083224580
11        2005      3       3  0.379135705 0.10895330 0.17814682 0.9237165759  0.8474331517
12        2006      3       3 -0.086659590 0.15997373 0.68394546 0.2268745829 -0.5462508342
13        2007      3       3 -0.156215313 0.11981572 0.41653196 0.6296138923  0.2592277846
14        2008      3       3 -0.043329795 0.05464123 0.57317818 0.3860618470 -0.2278763061
15        2009      3       3 -0.242304774 0.06023702 0.15511929 0.9417951067  0.8835902134
16        2010      3       3  0.377995447 0.41836752 0.53224620 0.4494343842 -0.1011312317
17        2011      3       3  0.408212278 0.40092183 0.49426409 0.5090094562  0.0180189123
18        2012      3       3 -0.548107651 0.15120974 0.17136558 0.9292751352  0.8585502704
19        2013      3       3 -0.483255491 0.18865215 0.23693959 0.8677582236  0.7355164471
20        1995      4       4 -0.432727820 1.06900533 0.72481771 0.0757252931 -0.3864120604
21        1996      4       4 -1.399438348 0.65087051 0.16452447 0.6980193574  0.5470290362
22        1997      4       4  0.053706140 0.21256273 0.82412703 0.0309313021 -0.4536030469
23        1998      4       4 -0.071950265 0.24453537 0.79630801 0.0414904253 -0.4377643620
24        1999      4       4 -0.134550415 0.25576391 0.65135144 0.1215558165 -0.3176662753
25        2000      4       4 -0.101939044 0.27355166 0.74519427 0.0649259624 -0.4026110564
26        2001      4       4  0.088598028 0.18616897 0.68106133 0.1017218763 -0.3474171856
27        2002      4       4  0.022919181 0.19315802 0.91639195 0.0069903064 -0.4895145404
28        2003      4       4  0.007525701 0.18518299 0.97127555 0.0008250938 -0.4987623594
29        2004      4       4  0.297607275 0.06774801 0.04811194 0.9060908845  0.8591363268
30        2005      4       4  0.137401060 0.14782662 0.45076680 0.3016571116 -0.0475143326
31        2006      4       4 -0.072976497 0.07197728 0.41734334 0.3394887779  0.0092331668
32        2007      4       4 -0.129989384 0.05568148 0.14469738 0.7315425658  0.5973138487
33        2008      4       4 -0.143786503 0.06293634 0.14972092 0.7229745177  0.5844617765
34        2009      4       4  0.150742076 0.22851909 0.57728225 0.1786902947 -0.2319645579
35        2010      4       4  0.251198784 0.20091144 0.33764578 0.4387131152  0.1580696727
36        2011      4       4 -0.026696285 0.30853873 0.93893184 0.0037293198 -0.4944060203
37        2012      4       4 -0.456815765 0.08573766 0.03346747 0.9341851265  0.9012776897
38        1995      5       5 -0.544131003 0.62053285 0.44510509 0.2040145929 -0.0613138761
39        1996      5       5 -0.803083540 0.50966377 0.21317595 0.4528412727  0.2704550303
40        1997      5       5 -0.067275208 0.14120836 0.66632056 0.0703384651 -0.2395487132
41        1998      5       5 -0.148119483 0.14787303 0.39031363 0.2506250025  0.0008333366
42        1999      5       5  0.026111903 0.17438230 0.89047058 0.0074185181 -0.3234419758
43        2000      5       5 -0.112087338 0.15804377 0.52933903 0.1435884779 -0.1418820295
44        2001      5       5  0.035576042 0.11175899 0.77110947 0.0326739732 -0.2897680357
45        2002      5       5  0.113227595 0.12310650 0.42553203 0.2199578398 -0.0400562135
46        2003      5       5  0.101368915 0.11986004 0.45982408 0.1925183647 -0.0766421804
47        2004      5       5  0.163626988 0.08668047 0.15550679 0.5429214364  0.3905619152
48        2005      5       5  0.071836239 0.09336569 0.49768041 0.1648077862 -0.1135896184
49        2006      5       5 -0.083238816 0.04197636 0.14164472 0.5672407550  0.4229876734
50        2007      5       5 -0.168073994 0.03894811 0.02292197 0.8612529787  0.8150039716
51        2008      5       5  0.085405306 0.13722229 0.57778755 0.1143558538 -0.1808588616
52        2009      5       5  0.141962091 0.13203290 0.36106010 0.2781625133  0.0375500177
53        2010      5       5  0.013597574 0.17964757 0.94443040 0.0019060327 -0.3307919564
54        2011      5       5 -0.139638816 0.18969463 0.51499018 0.1529919265 -0.1293440980
55        1995      6       6 -0.362536810 0.41954535 0.43626255 0.1573093608 -0.0533632990
56        1996      6       6 -0.644701737 0.34595678 0.13584383 0.4647220890  0.3309026113
57        1997      6       6 -0.123017523 0.09788444 0.27722395 0.2830837975  0.1038547469
58        1998      6       6 -0.029483808 0.11858669 0.81589309 0.0152186141 -0.2309767324
59        1999      6       6 -0.017722863 0.11693162 0.88686624 0.0057102722 -0.2428621598
60        2000      6       6 -0.092621509 0.10407253 0.42377149 0.1652838080 -0.0433952400
61        2001      6       6  0.096465806 0.08117107 0.30040152 0.2609503570  0.0761879463
62        2002      6       6  0.150057921 0.08335015 0.14618194 0.4476049446  0.3095061808
63        2003      6       6  0.061736813 0.08173499 0.49208931 0.1248264355 -0.0939669556
64        2004      6       6  0.109301851 0.06483682 0.16711417 0.4153686678  0.2692108348
65        2005      6       6  0.023130943 0.06728044 0.74830926 0.0287013180 -0.2141233525
66        2006      6       6 -0.123799414 0.03610452 0.02656199 0.7461522004  0.6826902505
67        2007      6       6  0.002573725 0.10176937 0.98103519 0.0001598676 -0.2498001654
68        2008      6       6  0.097801537 0.09011772 0.33883625 0.2274708928  0.0343386160
69        2009      6       6  0.003457424 0.11775256 0.97798262 0.0002154820 -0.2497306475
70        2010      6       6 -0.078588194 0.12908962 0.57554379 0.0847985927 -0.1440017592
71        1995      7       7 -0.353887140 0.29670539 0.28648748 0.2214974442  0.0657969330
72        1996      7       7 -0.542151841 0.25169136 0.08381646 0.4813204867  0.3775845841
73        1997      7       7 -0.040316256 0.08408636 0.65184646 0.0439559079 -0.1472529105
74        1998      7       7 -0.048460955 0.08456622 0.59141623 0.0616302737 -0.1260436716
75        1999      7       7 -0.026714610 0.08284596 0.76015039 0.0203725782 -0.1755529062
76        2000      7       7 -0.014904798 0.08619073 0.86949030 0.0059452671 -0.1928656795
77        2001      7       7  0.128278998 0.06026384 0.08655494 0.4753980264  0.3704776316
78        2002      7       7  0.108161593 0.06370812 0.15030871 0.3656766738  0.2388120085
79        2003      7       7  0.046465504 0.05846402 0.46278630 0.1121624307 -0.0654050831
80        2004      7       7  0.063406476 0.05295314 0.28481362 0.2228523980  0.0674228776
81        2005      7       7 -0.033881945 0.05785169 0.58353457 0.0641975786 -0.1229629057
82        2006      7       7 -0.006882270 0.07216861 0.92772995 0.0018155473 -0.1978213432
83        2007      7       7  0.032578793 0.07401759 0.67820503 0.0373010109 -0.1552387870
84        2008      7       7  0.004963176 0.08326817 0.95477943 0.0007100398 -0.1991479522
85        2009      7       7 -0.063146864 0.09171447 0.52176435 0.0866001804 -0.0960797835
86        1995      8       8 -0.338751576 0.22132372 0.17675199 0.2808037407  0.1609376975
87        1996      8       8 -0.384687674 0.20846732 0.11453155 0.3620539529  0.2557296117
88        1997      8       8 -0.052669049 0.06307874 0.43571186 0.1041005250 -0.0452160541
89        1998      8       8 -0.048623849 0.06303201 0.46974126 0.0902310935 -0.0613970575
90        1999      8       8  0.019085743 0.06717331 0.78586368 0.0132760566 -0.1511779339
91        2000      8       8  0.034587819 0.07031103 0.64024963 0.0387682599 -0.1214370301
92        2001      8       8  0.100532726 0.04768906 0.07958290 0.4255093100  0.3297608617
93        2002      8       8  0.085967290 0.04918376 0.13107443 0.3373887050  0.2269534892
94        2003      8       8  0.024732734 0.04534700 0.60513799 0.0472368481 -0.1115570106
95        2004      8       8  0.010113000 0.05004527 0.84653400 0.0067598497 -0.1587801753
96        2005      8       8  0.037071952 0.05947685 0.55602362 0.0608129212 -0.0957182586
97        2006      8       8  0.018556338 0.05576031 0.75061469 0.0181234081 -0.1455226905
98        2007      8       8 -0.025134878 0.06445121 0.71001696 0.0247211693 -0.1378253024
99        2008      8       8 -0.047174771 0.06897910 0.51956362 0.0723158506 -0.0822981743
100       1995      9       9 -0.253460296 0.17836867 0.19829844 0.2238793106  0.1130049265
101       1996      9       9 -0.325695625 0.16503089 0.08902505 0.3574959940  0.2657097074
102       1997      9       9 -0.051957745 0.04886231 0.32292393 0.1390669527  0.0160765173
103       1998      9       9 -0.007601718 0.05426563 0.89253959 0.0027955033 -0.1396622819
104       1999      9       9  0.051881728 0.05537037 0.37995418 0.1114449449 -0.0154914916
105       2000      9       9  0.031129037 0.05449929 0.58573861 0.0445315747 -0.0919639147
106       2001      9       9  0.084303057 0.03810969 0.06260145 0.4114410638  0.3273612158
107       2002      9       9  0.060680717 0.04079905 0.18053027 0.2401283779  0.1315752890
108       2003      9       9 -0.010167298 0.04049462 0.80896483 0.0089253418 -0.1326567523
109       2004      9       9  0.058077129 0.04764000 0.26229437 0.1751278890  0.0572890160
110       2005      9       9  0.048631993 0.04655150 0.33089375 0.1348820261  0.0112937441
111       2006      9       9 -0.024810108 0.04992404 0.63444497 0.0340785879 -0.1039101852
112       2007      9       9 -0.060825625 0.05400912 0.29720019 0.1533981699  0.0324550513
113       1995     10      10 -0.229053596 0.14298501 0.14783624 0.2428699084  0.1482286469
114       1996     10      10 -0.275472453 0.13480458 0.07526447 0.3429627936  0.2608331428
115       1997     10      10 -0.017788021 0.04368666 0.69455808 0.0203029608 -0.1021591691
116       1998     10      10  0.024083626 0.04699565 0.62217098 0.0317841522 -0.0892428287
117       1999     10      10  0.045907468 0.04430474 0.33042307 0.1183269901  0.0081178638
118       2000     10      10  0.030469069 0.04347706 0.50329299 0.0578405578 -0.0599293725
119       2001     10      10  0.063916630 0.03259996 0.08557398 0.3245576725  0.2401273815
120       2002     10      10  0.025590148 0.03833688 0.52323284 0.0527573910 -0.0656479351
121       2003     10      10  0.032763406 0.04071691 0.44426734 0.0748753395 -0.0407652431
122       2004     10      10  0.063716221 0.03814278 0.13337414 0.2586041826  0.1659297055
123       2005     10      10  0.007682055 0.04402264 0.86580596 0.0037919511 -0.1207340550
124       2006     10      10 -0.054070677 0.04326052 0.24666572 0.1633735426  0.0587952355
125       1995     11      11 -0.203307958 0.11768923 0.11814796 0.2490143732  0.1655715258
 [ reached 'max' / getOption("max.print") -- omitted 65 rows ]
[1] "Stability Time"
[1] 11
[1] "Absolute Range"
[1] -2.0319393  0.4082123
[1] "Relative Range"
[1] -1.9810474  0.4591042
[1] "Proportion Significant"
[1] 0.02631579
[1] "Proportion Significantly Wrong"
[1] 0.02631579
[1] "TC"
[1] "Multiple Breakups"
    start_year N_data N_years        slope   slope_se    p_value       r_square  adj_r_square
1         1991      3       3 -0.135555321 0.11426912 0.44588775 0.584590508011  0.1691810160
2         1992      3       3  0.205283500 0.08251426 0.24330883 0.860906750046  0.7218135001
3         1993      3       3  0.526345739 0.10285111 0.12285130 0.963220856338  0.9264417127
4         1994      3       3  0.060632257 0.37173091 0.89706869 0.025914753706 -0.9481704926
5         1995      3       3 -0.449689242 0.07709666 0.10809393 0.971446139500  0.9428922790
6         1996      3       3  0.159430355 0.27457871 0.66509995 0.252134302286 -0.4957313954
7         1997      3       3  0.127760828 0.29286312 0.73812088 0.159884101730 -0.6802317965
8         1998      3       3  1.030838602 0.81425531 0.42561186 0.615787917950  0.2315758359
9         1999      3       3  0.018767127 1.39857505 0.99145787 0.000180030404 -0.9996399392
10        2000      3       3 -1.537460811 0.50008643 0.20020040 0.904323386918  0.8086467738
11        2001      3       3  0.052692319 0.41798891 0.92016785 0.015642918338 -0.9687141633
12        2002      3       3  0.121264515 0.37839873 0.80256702 0.093134580439 -0.8137308391
13        2003      3       3  0.018045315 0.31880510 0.96400384 0.003193663822 -0.9936126724
14        2004      3       3  0.431643927 0.08001383 0.11668571 0.966779492348  0.9335589847
15        2005      3       3  1.489099368 0.69053601 0.27642713 0.823016141485  0.6460322830
16        2006      3       3 -0.409267737 1.78655877 0.85663580 0.049861716251 -0.9002765675
17        2007      3       3 -1.037966501 1.42357937 0.59892551 0.347097577514 -0.3058048450
18        2008      3       3  0.033203379 0.80513915 0.97376111 0.001697792861 -0.9966044143
19        2009      3       3 -0.657571267 0.40632022 0.35235952 0.723686688875  0.4473733778
20        2010      3       3  0.983108744 0.54092682 0.32022781 0.767611189918  0.5352223798
21        2011      3       3  0.055579569 1.07643604 0.96715861 0.002658873161 -0.9946822537
22        2012      3       3 -1.030928828 0.44914013 0.26156773 0.840474262228  0.6809485245
23        2013      3       3  1.163020532 0.81753713 0.39005591 0.669286322415  0.3385726448
24        1991      4       4  0.029363986 0.10806300 0.81130924 0.035604202468 -0.4465936963
25        1992      4       4  0.369337065 0.10165093 0.06810195 0.868433984209  0.8026509763
26        1993      4       4  0.211288981 0.18762353 0.37707336 0.388037603974  0.0820564060
27        1994      4       4 -0.116789277 0.19526796 0.61048354 0.151723074728 -0.2724153879
28        1995      4       4 -0.110924549 0.19860166 0.63267095 0.134930631229 -0.2976040532
29        1996      4       4  0.045311785 0.13935462 0.77592731 0.050208572306 -0.4246871415
30        1997      4       4  0.771058251 0.39382435 0.18935886 0.657139049782  0.4857085747
31        1998      4       4  0.141529403 0.62946482 0.84298553 0.024653542909 -0.4630196856
32        1999      4       4 -0.430489027 0.67711112 0.58996949 0.168125020487 -0.2478124693
33        2000      4       4 -0.756603954 0.50325252 0.27161203 0.530549040798  0.2958235612
34        2001      4       4 -0.050959969 0.19627585 0.81942860 0.032606030703 -0.4510909539
35        2002      4       4  0.190414161 0.17387067 0.38773131 0.374872951365  0.0623094270
36        2003      4       4  0.155767156 0.16324758 0.44069497 0.312822111460 -0.0307668328
37        2004      4       4  1.093834795 0.38398701 0.10430628 0.802267231180  0.7034008468
38        2005      4       4  0.110870413 0.85354536 0.90853607 0.008365649974 -0.4874515250
39        2006      4       4 -0.167604883 0.81106438 0.85541319 0.020905346028 -0.4686419810
40        2007      4       4 -0.888406933 0.64247309 0.30088085 0.488767579409  0.2331513691
41        2008      4       4 -0.102353025 0.36847658 0.80726703 0.037145997767 -0.4442810033
42        2009      4       4  0.186083285 0.51987520 0.75463635 0.060203319020 -0.4096950215
43        2010      4       4  0.239208692 0.49293285 0.67543438 0.105342842470 -0.3419857363
44        2011      4       4 -0.223437086 0.50763472 0.70282528 0.088312816951 -0.3675307746
45        2012      4       4  0.129854085 0.69963159 0.86987437 0.016932678914 -0.4746009816
46        1991      5       5  0.197372867 0.11533227 0.18554191 0.493985922590  0.3253145635
47        1992      5       5  0.211635451 0.10832468 0.14574390 0.559923621551  0.4132314954
48        1993      5       5  0.042789050 0.14559626 0.78800308 0.027984450527 -0.2960207326
49        1994      5       5 -0.001912803 0.13080033 0.98925045 0.000071280502 -0.3332382927
50        1995      5       5 -0.096885295 0.11494886 0.46120231 0.191463072973 -0.0780492360
51        1996      5       5  0.501659748 0.27548332 0.16615188 0.525023518583  0.3666980248
52        1997      5       5  0.264778902 0.37032256 0.52623093 0.145595709674 -0.1392057204
53        1998      5       5 -0.198895458 0.41316463 0.66316758 0.071707876748 -0.2377228310
54        1999      5       5 -0.278908384 0.40060627 0.53638565 0.139097786374 -0.1478696182
55        2000      5       5 -0.555940055 0.31279871 0.17358626 0.512894363096  0.3505258175
56        2001      5       5  0.052547956 0.12811206 0.70921329 0.053102310637 -0.2625302525
57        2002      5       5  0.224772440 0.10232547 0.11553405 0.616625037009  0.4888333827
58        2003      5       5  0.689186659 0.32206942 0.12186805 0.604171668125  0.4722288908
59        2004      5       5  0.306770350 0.50560738 0.58686310 0.109297756366 -0.1876029915
60        2005      5       5  0.098599599 0.49284557 0.85422605 0.013165928027 -0.3157787626
61        2006      5       5 -0.358019043 0.48099999 0.51068138 0.155884439918 -0.1254874134
62        2007      5       5 -0.671574431 0.39148776 0.18477193 0.495182377569  0.3269098368
63        2008      5       5  0.275010596 0.30450960 0.43302833 0.213761668076 -0.0483177759
64        2009      5       5 -0.044174930 0.32827279 0.90147447 0.005999943115 -0.3253334092
65        2010      5       5 -0.008012120 0.31838181 0.98150358 0.000211050046 -0.3330519333
66        2011      5       5  0.281254275 0.41328214 0.54498061 0.133732178506 -0.1550237620
67        1991      6       6  0.133861485 0.08393582 0.18598336 0.388698065732  0.2358725822
68        1992      6       6  0.091179366 0.09932530 0.41056925 0.174014626159 -0.0324817173
69        1993      6       6  0.079249866 0.09761201 0.46240734 0.141476071156 -0.0731549111
70        1994      6       6 -0.023030977 0.08649260 0.80318847 0.017417106683 -0.2282286166
71        1995      6       6  0.269705273 0.22463088 0.29612205 0.264919924700  0.0811499059
72        1996      6       6  0.217002643 0.24399719 0.42406061 0.165096126815 -0.0436298415
73        1997      6       6 -0.013595856 0.29086871 0.96495927 0.000545911116 -0.2493176111
74        1998      6       6 -0.156793161 0.27156981 0.59463705 0.076925124173 -0.1538435948
75        1999      6       6 -0.272061476 0.26228816 0.35820007 0.211964267148  0.0149553339
76        2000      6       6 -0.337725798 0.24042715 0.23280601 0.330337275077  0.1629215938
77        2001      6       6  0.116479928 0.09163213 0.27255992 0.287732908115  0.1096661351
78        2002      6       6  0.586070575 0.21908782 0.05551361 0.641444864891  0.5518060811
79        2003      6       6  0.242611522 0.33306398 0.50670895 0.117114795323 -0.1036065058
80        2004      6       6  0.242034072 0.33310122 0.50770669 0.116599862187 -0.1042501723
81        2005      6       6 -0.113468939 0.34509365 0.75879658 0.026317074264 -0.2171036572
82        2006      6       6 -0.354678082 0.31489432 0.32302165 0.240791066746  0.0509888334
83        2007      6       6 -0.239394300 0.35769245 0.53996847 0.100704837454 -0.1241189532
84        2008      6       6  0.085132639 0.22750305 0.72724405 0.033823176054 -0.2077210299
85        2009      6       6 -0.139794475 0.22188252 0.56286787 0.090278116543 -0.1371523543
86        2010      6       6  0.290931719 0.27061435 0.34286480 0.224173833904  0.0302172924
87        1991      7       7  0.062962913 0.07209817 0.42245441 0.132342518849 -0.0411889774
88        1992      7       7  0.106427399 0.07078318 0.19301681 0.311363067278  0.1736356807
89        1993      7       7  0.043120568 0.07210521 0.57587952 0.066751782316 -0.1198978612
90        1994      7       7  0.233448369 0.16021143 0.20486874 0.298070099326  0.1576841192
91        1995      7       7  0.114201063 0.18245557 0.55883127 0.072659942103 -0.1128080695
92        1996      7       7  0.020165639 0.20659683 0.92603509 0.001901866037 -0.1977177608
93        1997      7       7 -0.028344034 0.20585142 0.89585720 0.003777477920 -0.1954670265
94        1998      7       7 -0.182186786 0.19258771 0.38758988 0.151809816630 -0.0178282200
95        1999      7       7 -0.179370428 0.19303216 0.39542106 0.147261206788 -0.0232865519
96        2000      7       7 -0.192208380 0.18963398 0.35729332 0.170446048666  0.0045352584
97        2001      7       7  0.414526657 0.18387181 0.07386525 0.504089669371  0.4049076032
98        2002      7       7  0.276918243 0.23634323 0.29411453 0.215419221425  0.0585030657
99        2003      7       7  0.210099021 0.23625867 0.41458660 0.136563036890 -0.0361243557
100       2004      7       7  0.047124050 0.26103930 0.86382959 0.006475628760 -0.1922292455
101       2005      7       7 -0.172100744 0.24635485 0.51595874 0.088925657322 -0.0932892112
102       2006      7       7 -0.109767071 0.26376698 0.69455857 0.033476923509 -0.1598276918
103       2007      7       7 -0.253201544 0.25305235 0.36295850 0.166830456386  0.0001965477
104       2008      7       7 -0.018908912 0.17171789 0.91660050 0.002419246187 -0.1970969046
105       2009      7       7  0.117358993 0.21600593 0.61024972 0.055746790517 -0.1331038514
106       1991      8       8  0.081092817 0.05474873 0.18906318 0.267747866920  0.1457058447
107       1992      8       8  0.072287382 0.05632043 0.24665548 0.215417314409  0.0846535335
108       1993      8       8  0.227904161 0.11945745 0.10502385 0.377580739016  0.2738441955
109       1994      8       8  0.120557740 0.13604387 0.40963579 0.115734702267 -0.0316428474
110       1995      8       8 -0.016049589 0.15540123 0.92110752 0.001774582932 -0.1645963199
111       1996      8       8  0.001192280 0.15437732 0.99408826 0.000009941084 -0.1666550687
112       1997      8       8 -0.076638881 0.15594558 0.64056935 0.038695624099 -0.1215217719
113       1998      8       8 -0.130065902 0.14666662 0.40931483 0.115883728216 -0.0314689837
114       1999      8       8 -0.101380297 0.15075899 0.52632191 0.070086139949 -0.0848995034
115       2000      8       8  0.108203144 0.22374253 0.64580811 0.037516698497 -0.1228971851
116       2001      8       8  0.212195715 0.18007950 0.28327058 0.187926756531  0.0525812160
117       2002      8       8  0.244007027 0.17718166 0.21763481 0.240175699961  0.1135383166
118       2003      8       8  0.065599015 0.19485937 0.74784496 0.018538478593 -0.1450384416
119       2004      8       8 -0.034165796 0.20014764 0.87006830 0.004833111317 -0.1610280368
120       2005      8       8 -0.022187144 0.20299858 0.91653069 0.001987017724 -0.1643484793
121       2006      8       8 -0.149312090 0.19792156 0.47916067 0.086635628910 -0.0655917663
122       2007      8       8 -0.258937376 0.18864315 0.21896344 0.238976086303  0.1121387674
123       2008      8       8  0.154235883 0.16240297 0.37892770 0.130680576887 -0.0142059936
124       1991      9       9  0.058847720 0.04431030 0.22581589 0.201259960459  0.0871542405
125       1992      9       9  0.214280894 0.09286503 0.05439119 0.432016421721  0.3508759105
 [ reached 'max' / getOption("max.print") -- omitted 151 rows ]
[1] "Stability Time"
[1] 11
[1] "Absolute Range"
[1] -1.537461  1.489099
[1] "Relative Range"
[1] -1.575889  1.450671
[1] "Proportion Significant"
[1] 0
[1] "Proportion Significantly Wrong"
[1] 0
[1] "TX"
[1] "Multiple Breakups"
    start_year N_data N_years         slope   slope_se     p_value       r_square adj_r_square
1         1995      3       3 -0.3571599278 2.41823846 0.906649781 0.021347918148 -0.957304164
2         1996      3       3 -2.0557978933 1.43752937 0.388482306 0.671610074804  0.343220150
3         1997      3       3  0.0712735998 0.20946408 0.791203142 0.103766991246 -0.792466018
4         1998      3       3  0.1032972241 0.22795292 0.729136318 0.170362935364 -0.659274129
5         1999      3       3  0.2110490483 0.16574238 0.423816457 0.618529609251  0.237059219
6         2000      3       3 -0.2478737414 0.09921682 0.242386922 0.861907470899  0.723814942
7         2001      3       3  0.2355988436 0.37834984 0.645438166 0.279412538384 -0.441174923
8         2002      3       3  0.0158385777 0.50522849 0.980048927 0.000981815953 -0.998036368
9         2003      3       3 -0.3009329768 0.32234035 0.521857188 0.465693783848 -0.068612432
10        2004      3       3  0.5761282647 0.18403119 0.196832335 0.907413095942  0.814826192
11        2005      3       3  0.8049957130 0.05189451 0.040983349 0.995861389111  0.991722778
12        2006      3       3 -0.3512204611 0.61564721 0.669952024 0.245544161144 -0.508911678
13        2007      3       3 -0.5717726559 0.48831134 0.449981560 0.578245841321  0.156491683
14        2008      3       3  0.1936266128 0.04640787 0.149758212 0.945675558870  0.891351118
15        2009      3       3 -0.3524083544 0.26884557 0.414881276 0.632116396814  0.264232794
16        2010      3       3 -0.1607615639 0.37949290 0.744904582 0.152151251448 -0.695697497
17        2011      3       3  0.0213820799 0.27433221 0.950480514 0.006038317217 -0.987923366
18        2012      3       3 -0.3321646723 0.07021190 0.132614560 0.957230788784  0.914461578
19        2013      3       3 -0.0718675464 0.08007071 0.534337854 0.446166777784 -0.107666444
20        1995      4       4 -0.5386403312 1.08653294 0.669193329 0.109433053835 -0.335850419
21        1996      4       4 -1.2775297803 0.78434594 0.244908045 0.570163860941  0.355245791
22        1997      4       4  0.1630482586 0.10762234 0.268995287 0.534367890673  0.301551836
23        1998      4       4  0.0889831095 0.10227808 0.476022145 0.274552792659 -0.088170811
24        1999      4       4 -0.0068897813 0.14603613 0.966658235 0.001111673288 -0.498332490
25        2000      4       4  0.0765795233 0.19250654 0.729219969 0.073321825133 -0.390017262
26        2001      4       4 -0.0273215466 0.22731498 0.915316384 0.007171314747 -0.489243028
27        2002      4       4  0.0007919289 0.22611199 0.997523455 0.000006133276 -0.499990800
28        2003      4       4  0.1136417952 0.27941261 0.723610744 0.076391020645 -0.385413469
29        2004      4       4  0.6496984583 0.09261580 0.019721908 0.960945137022  0.941417706
30        2005      4       4  0.1292427943 0.39083578 0.772313354 0.051841208587 -0.422238187
31        2006      4       4 -0.2702853289 0.27926295 0.435223623 0.318972355601 -0.021541467
32        2007      4       4 -0.2816891048 0.27520734 0.413690642 0.343758662845  0.015637994
33        2008      4       4 -0.1179182112 0.18106388 0.581716076 0.174961440698 -0.237557839
34        2009      4       4 -0.1442894431 0.16998063 0.485357139 0.264857274413 -0.102714088
35        2010      4       4 -0.1829355728 0.17019655 0.394900119 0.366145865411  0.049218798
36        2011      4       4 -0.0957145050 0.14007915 0.564959259 0.189260446456 -0.216109330
37        2012      4       4 -0.2003085127 0.08234860 0.135492931 0.747372472486  0.621058709
38        1995      5       5 -0.5255141099 0.62735586 0.463702582 0.189557791467 -0.080589611
39        1996      5       5 -0.7667455477 0.54040081 0.250992773 0.401570770382  0.202094361
40        1997      5       5  0.1335885040 0.06442165 0.129787014 0.589044470395  0.452059294
41        1998      5       5 -0.0156207973 0.08446455 0.865073121 0.011272308211 -0.318303589
42        1999      5       5  0.1290844085 0.11520349 0.344116172 0.295029766231  0.060039688
43        2000      5       5 -0.0456942967 0.13166834 0.751478600 0.038596311017 -0.281871585
44        2001      5       5 -0.0229659377 0.13126445 0.872253427 0.010100524860 -0.319865967
45        2002      5       5  0.1766001416 0.16536340 0.363847687 0.275453513140  0.033938018
46        2003      5       5  0.3168507474 0.19947037 0.210390912 0.456837192559  0.275782923
47        2004      5       5  0.2509622641 0.23633891 0.366200317 0.273181421155  0.030908562
48        2005      5       5  0.0230451306 0.23383082 0.927707835 0.003227228834 -0.329030362
49        2006      5       5 -0.1773920705 0.16991856 0.373212371 0.266485780282  0.021981040
50        2007      5       5 -0.3309470816 0.16141606 0.132729148 0.583542827713  0.444723770
51        2008      5       5 -0.0573356513 0.11023366 0.638918962 0.082718465848 -0.223042046
52        2009      5       5 -0.1645628226 0.09883391 0.194493206 0.480282976465  0.307043969
53        2010      5       5 -0.1928940785 0.09843109 0.144896530 0.561427304828  0.415236406
54        2011      5       5 -0.0866271210 0.08104474 0.363489577 0.275800502648  0.034400670
55        1995      6       6 -0.3755298496 0.41973037 0.421521866 0.166749237790 -0.041563453
56        1996      6       6 -0.5221328563 0.38092274 0.242348799 0.319592881619  0.149491102
57        1997      6       6  0.0461270293 0.06579112 0.521874975 0.109440785206 -0.113199018
58        1998      6       6  0.0839982000 0.07978422 0.351819610 0.216979649133  0.021224561
59        1999      6       6  0.0267445698 0.09580752 0.793968993 0.019108777546 -0.226114028
60        2000      6       6 -0.0373337904 0.08633221 0.687712725 0.044663705684 -0.194170368
61        2001      6       6  0.1093993190 0.11499837 0.395315984 0.184504661938 -0.019369173
62        2002      6       6  0.3037612942 0.13080250 0.080933183 0.574152278408  0.467690348
63        2003      6       6  0.1271385261 0.17043794 0.497148029 0.122122503256 -0.097346871
64        2004      6       6  0.1403297987 0.16738628 0.449004368 0.149451175492 -0.063186031
65        2005      6       6  0.0055887553 0.15340962 0.972684842 0.000331681266 -0.249585398
66        2006      6       6 -0.2423754923 0.11739449 0.107885393 0.515895152138  0.394868940
67        2007      6       6 -0.2268084330 0.12157896 0.135531166 0.465253432376  0.331566790
68        2008      6       6 -0.0966605772 0.07565217 0.270471310 0.289837080055  0.112296350
69        2009      6       6 -0.1769253982 0.06509448 0.053097594 0.648734814021  0.560918518
70        2010      6       6 -0.1586374975 0.06740521 0.078216642 0.580665131939  0.475831415
71        1995      7       7 -0.2898742556 0.30088606 0.379592492 0.156565636349 -0.012121236
72        1996      7       7 -0.4237986223 0.27527128 0.184288923 0.321598535611  0.185918243
73        1997      7       7  0.1054043206 0.05775380 0.127575401 0.399821476920  0.279785772
74        1998      7       7  0.0185148731 0.06791256 0.796040014 0.014647478138 -0.182423026
75        1999      7       7  0.0149052330 0.06809011 0.835379445 0.009492858793 -0.188608569
76        2000      7       7  0.0655321153 0.08516899 0.476391509 0.105870684956 -0.072955178
77        2001      7       7  0.2215703891 0.10395398 0.086248074 0.476054883530  0.371265860
78        2002      7       7  0.1647494915 0.12245846 0.236302249 0.265782014491  0.118938417
79        2003      7       7  0.0751201115 0.12420354 0.571697939 0.068172621627 -0.118192854
80        2004      7       7  0.0979163502 0.12086653 0.454684059 0.116028956055 -0.060765253
81        2005      7       7 -0.0888940175 0.12142043 0.496955815 0.096820156176 -0.083815813
82        2006      7       7 -0.1864144032 0.08907645 0.090583445 0.466927472524  0.360312967
83        2007      7       7 -0.2139339320 0.08629005 0.055892984 0.551434420969  0.461721305
84        2008      7       7 -0.1229080702 0.05559918 0.078044633 0.494274843504  0.393129812
85        2009      7       7 -0.1552251325 0.04770338 0.022596300 0.679246368642  0.615095642
86        1995      8       8 -0.2650050959 0.22472638 0.282942042 0.188157261688  0.052850139
87        1996      8       8 -0.2732661398 0.22282316 0.265996636 0.200427596053  0.067165529
88        1997      8       8  0.0497159285 0.05372885 0.390502441 0.124879891382 -0.020973460
89        1998      8       8  0.0111353215 0.05079803 0.833755031 0.007945044470 -0.157397448
90        1999      8       8  0.0833033767 0.06430503 0.242773271 0.218563529666  0.088324118
91        2000      8       8  0.1625245485 0.08465051 0.103273624 0.380561974144  0.277322303
92        2001      8       8  0.1317147437 0.09324654 0.207498948 0.249557011260  0.124483180
93        2002      8       8  0.1159327323 0.09552754 0.270499512 0.197092174447  0.063274204
94        2003      8       8  0.0566229154 0.09318979 0.565718606 0.057964717350 -0.099041163
95        2004      8       8  0.0039125058 0.10517380 0.971532047 0.000230591582 -0.166397643
96        2005      8       8 -0.0794757204 0.09066465 0.414423719 0.113528860904 -0.034216329
97        2006      8       8 -0.1853773535 0.06639637 0.031495154 0.565064684621  0.492575465
98        2007      8       8 -0.2082879033 0.06439936 0.017813595 0.635497741107  0.574747365
99        2008      8       8 -0.1180339365 0.04153662 0.029501695 0.573717277160  0.502670157
100       1995      9       9 -0.1763378152 0.18144365 0.363496769 0.118888585619 -0.006984474
101       1996      9       9 -0.2420827614 0.17353453 0.205676238 0.217532522781  0.105751455
102       1997      9       9  0.0375720761 0.04220463 0.402897173 0.101702640323 -0.026625554
103       1998      9       9  0.0666078187 0.05073457 0.230628050 0.197581178239  0.082949918
104       1999      9       9  0.1573430709 0.06563821 0.047667001 0.450817316371  0.372362647
105       2000      9       9  0.1024492003 0.07417844 0.209721343 0.214144296130  0.101879196
106       2001      9       9  0.0992682859 0.07461819 0.225106268 0.201808945383  0.087781652
107       2002      9       9  0.0929724513 0.07517334 0.256051889 0.179329457760  0.062090809
108       2003      9       9 -0.0103214732 0.08188072 0.903232584 0.002264838835 -0.140268756
109       2004      9       9 -0.0071141612 0.08171564 0.933061934 0.001081605724 -0.141621022
110       2005      9       9 -0.1000338171 0.07122448 0.202957723 0.219845555913  0.108394921
111       2006      9       9 -0.1865718462 0.05143503 0.008427677 0.652735181385  0.603125922
112       2007      9       9 -0.1873126297 0.05133245 0.008188664 0.655431695091  0.606207652
113       1995     10      10 -0.1684474737 0.14481363 0.278266766 0.144662981064  0.037745854
114       1996     10      10 -0.1989643334 0.14065324 0.194913603 0.200081417915  0.100091595
115       1997     10      10  0.0781519821 0.04101732 0.093197891 0.312143044211  0.226160925
116       1998     10      10  0.1302213064 0.05465244 0.044357175 0.415090959067  0.341977329
117       1999     10      10  0.1091326001 0.05929960 0.102988546 0.297439768306  0.209619739
118       2000     10      10  0.0812231063 0.06042959 0.215786920 0.184222121296  0.082249886
119       2001     10      10  0.0835125007 0.06021579 0.202893895 0.193829233166  0.093057887
120       2002     10      10  0.0315907632 0.06965641 0.662221573 0.025065904774 -0.096800857
121       2003     10      10 -0.0167552954 0.06542375 0.804332881 0.008131995688 -0.115851505
122       2004     10      10 -0.0370910693 0.06744496 0.597371168 0.036427886865 -0.084018627
123       2005     10      10 -0.1165281360 0.05761001 0.077731677 0.338369510517  0.255665699
124       2006     10      10 -0.1733586327 0.04173411 0.003191902 0.683227906703  0.643631395
125       1995     11      11 -0.1447879983 0.11902625 0.254756785 0.141198450057  0.045776056
 [ reached 'max' / getOption("max.print") -- omitted 65 rows ]
[1] "Stability Time"
[1] 12
[1] "Absolute Range"
[1] -2.0557979  0.8049957
[1] "Relative Range"
[1] -2.0103373  0.8504563
[1] "Proportion Significant"
[1] 0.08421053
[1] "Proportion Significantly Wrong"
[1] 0.08421053
[1] "Cary Forest"
[1] "Multiple Breakups"
    start_year N_data N_years        slope   slope_se    p_value     r_square adj_r_square
1         1991      3       3 -0.052690613 0.02258527 0.25779866 0.8447860134  0.689572027
2         1992      3       3  0.030340462 0.07052329 0.74135225 0.1561811269 -0.687637746
3         1993      3       3  1.261624720 0.64035901 0.29900938 0.7951500871  0.590300174
4         1994      3       3  1.760228406 0.35249004 0.12582044 0.9614450523  0.922890105
5         1995      3       3 -0.909046366 1.18861647 0.58434966 0.3690490986 -0.261901803
6         1996      3       3 -1.346823189 0.93586590 0.38660273 0.6743801585  0.348760317
7         1997      3       3  0.018971910 0.14732373 0.91846673 0.0163129919 -0.967374016
8         1998      3       3  0.510453833 0.43108095 0.44645854 0.5837067071  0.167413414
9         1999      3       3  0.092086732 0.67262531 0.91338116 0.0183985212 -0.963202958
10        2000      3       3 -0.884674758 0.10869180 0.07782556 0.9851297005  0.970259401
11        2001      3       3  0.825569962 0.87871845 0.51984665 0.4688451506 -0.062309699
12        2002      3       3  0.262833923 1.20361425 0.86312957 0.0455152752 -0.908969450
13        2003      3       3 -1.043892865 0.44917519 0.25868509 0.8437762807  0.687552561
14        2004      3       3  0.574556998 0.48523727 0.44647203 0.5836858132  0.167371626
15        2005      3       3  1.360869700 0.03125943 0.01462070 0.9994726490  0.998945298
16        2006      3       3 -0.471524933 1.02667411 0.72591002 0.1741903385 -0.651619323
17        2007      3       3 -0.813311189 0.82934372 0.50621330 0.4902407947 -0.019518411
18        2008      3       3  0.161699048 0.26642130 0.65272428 0.2692002388 -0.461599522
19        2009      3       3 -0.498377483 0.11467406 0.14397692 0.9497184722  0.899436944
20        2010      3       3  0.255099221 0.54969404 0.72339075 0.1772022735 -0.645595453
21        2011      3       3  0.309825884 0.51809759 0.65689210 0.2634125988 -0.473174802
22        2012      3       3 -0.725803254 0.07982317 0.06973460 0.9880491521  0.976098304
23        2013      3       3 -0.227626436 0.36744569 0.64691645 0.2773310358 -0.445337928
24        1991      4       4  0.004951800 0.03477885 0.89982877 0.0100342748 -0.484948588
25        1992      4       4  0.744681034 0.41362889 0.21360628 0.6184150780  0.427622617
26        1993      4       4  1.338960062 0.28983705 0.04380120 0.9143161533  0.871474230
27        1994      4       4  0.280769675 0.86859037 0.77717605 0.0496505118 -0.425524232
28        1995      4       4 -0.759963637 0.53848897 0.29362546 0.4989649893  0.248447484
29        1996      4       4 -0.851539588 0.50689014 0.23498476 0.5852483113  0.377872467
30        1997      4       4  0.364895502 0.21030589 0.22486403 0.6008357660  0.401253649
31        1998      4       4  0.110102750 0.30098697 0.74957815 0.0627111017 -0.405933347
32        1999      4       4 -0.260965919 0.36336440 0.54720335 0.2050248100 -0.192462785
33        2000      4       4  0.103820129 0.57277409 0.87287088 0.0161618130 -0.475757281
34        2001      4       4  0.183531339 0.54021639 0.76641548 0.0545617294 -0.418157406
35        2002      4       4 -0.104257943 0.57849483 0.87358561 0.0159805972 -0.476029104
36        2003      4       4 -0.228421797 0.51187501 0.69908233 0.0905514433 -0.364172835
37        2004      4       4  0.878253496 0.27898906 0.08782061 0.8320712382  0.748106857
38        2005      4       4  0.272261503 0.62866369 0.70718854 0.0857385500 -0.371392175
39        2006      4       4 -0.320946342 0.46730067 0.56314475 0.1908425090 -0.213736236
40        2007      4       4 -0.515598139 0.40878669 0.33439592 0.4430287887  0.164543183
41        2008      4       4 -0.142055825 0.21201824 0.57184771 0.1833143805 -0.225028429
42        2009      4       4 -0.006567200 0.28854083 0.98390831 0.0002589425 -0.499611586
43        2010      4       4  0.097515617 0.26212638 0.74559873 0.0647200053 -0.402919992
44        2011      4       4 -0.132077330 0.34464161 0.73844796 0.0684094677 -0.397385798
45        2012      4       4 -0.399245604 0.19188794 0.17296131 0.6839929925  0.525989489
46        1991      5       5  0.489641735 0.28055534 0.17928118 0.5037983368  0.338397782
47        1992      5       5  0.968552491 0.27154330 0.03763642 0.8091891184  0.745585491
48        1993      5       5  0.493077023 0.51624401 0.40997768 0.2331801470 -0.022426471
49        1994      5       5 -0.016447187 0.53002739 0.97719396 0.0003208677 -0.332905510
50        1995      5       5 -0.625394420 0.32045761 0.14604998 0.5593816054  0.412508807
51        1996      5       5 -0.330753361 0.41958547 0.48807824 0.1715899177 -0.104546776
52        1997      5       5  0.146514224 0.17504185 0.46401223 0.1893226458 -0.080903139
53        1998      5       5 -0.131271024 0.22275132 0.59708582 0.1037536348 -0.194995154
54        1999      5       5  0.190127726 0.33442446 0.60945390 0.0972604041 -0.203652795
55        2000      5       5 -0.083622342 0.34794868 0.82556149 0.0188890939 -0.308147875
56        2001      5       5 -0.034762377 0.33639555 0.92421554 0.0035469415 -0.328604078
57        2002      5       5  0.126177795 0.35951676 0.74881467 0.0394394707 -0.280747372
58        2003      5       5  0.241702134 0.40126157 0.58942196 0.1078948313 -0.189473558
59        2004      5       5  0.313386766 0.36373494 0.45228055 0.1983582749 -0.068855633
60        2005      5       5  0.124718418 0.37282122 0.76000531 0.0359611213 -0.285385172
61        2006      5       5 -0.286592591 0.27052424 0.36716361 0.2722548418  0.029673122
62        2007      5       5 -0.492335659 0.23639494 0.12867241 0.5911451566  0.454860209
63        2008      5       5  0.067043811 0.17192478 0.72260386 0.0482441560 -0.269007792
64        2009      5       5 -0.024400795 0.16690701 0.89303923 0.0070738281 -0.323901562
65        2010      5       5 -0.126316436 0.19900672 0.57070019 0.1183958804 -0.175472160
66        2011      5       5 -0.112280871 0.19930691 0.61255387 0.0956693477 -0.205774203
67        1991      6       6  0.722418290 0.22758527 0.03371944 0.7158288286  0.644786036
68        1992      6       6  0.470181055 0.33821946 0.23683812 0.3257548572  0.157193572
69        1993      6       6  0.220120022 0.37289789 0.58672828 0.0801317931 -0.149835259
70        1994      6       6 -0.132759589 0.35342281 0.72625671 0.0340742577 -0.207407178
71        1995      6       6 -0.318017163 0.27478158 0.31153511 0.2508589086  0.063573636
72        1996      6       6 -0.287983170 0.27579088 0.35533811 0.2142027116  0.017753390
73        1997      6       6 -0.036298893 0.15579310 0.82720288 0.0133898558 -0.233262680
74        1998      6       6  0.153883039 0.21992999 0.52267378 0.1090455838 -0.113693020
75        1999      6       6  0.031580933 0.23729799 0.90055244 0.0044084205 -0.244489474
76        2000      6       6 -0.163216801 0.23237505 0.52116136 0.1097945937 -0.112756758
77        2001      6       6  0.109978703 0.23554471 0.66486060 0.0516848386 -0.185393952
78        2002      6       6  0.360666434 0.27151823 0.25478831 0.3060936563  0.132617070
79        2003      6       6  0.020097716 0.29218856 0.94846325 0.0011813909 -0.248523261
80        2004      6       6  0.196248773 0.24753808 0.47226352 0.1357957747 -0.080255282
81        2005      6       6  0.021924023 0.25118081 0.93464082 0.0019009960 -0.247623755
82        2006      6       6 -0.335406691 0.17932811 0.13477623 0.4665398153  0.333174769
83        2007      6       6 -0.242898823 0.21139832 0.31458541 0.2481520166  0.060190021
84        2008      6       6  0.033273811 0.11422744 0.78530714 0.0207724556 -0.224034431
85        2009      6       6 -0.149447573 0.13096318 0.31749016 0.2455968669  0.056996084
86        2010      6       6 -0.113822078 0.13048004 0.43226114 0.1598342540 -0.050207183
87        1991      7       7  0.410173263 0.24165371 0.15038781 0.3655651579  0.238678189
88        1992      7       7  0.271187296 0.26532189 0.35361175 0.1728293901  0.007395268
89        1993      7       7  0.073743918 0.27689060 0.80062011 0.0139877637 -0.183214684
90        1994      7       7 -0.025385354 0.25748187 0.92529369 0.0019402588 -0.197671689
91        1995      7       7 -0.289123569 0.19501471 0.19829079 0.3053648303  0.166437796
92        1996      7       7 -0.316468659 0.19570585 0.16678792 0.3433919026  0.212070283
93        1997      7       7  0.153823621 0.15551399 0.36801911 0.1636528883 -0.003616534
94        1998      7       7  0.044034116 0.16794899 0.80363608 0.0135619947 -0.183725606
95        1999      7       7 -0.056915730 0.17540160 0.75870429 0.0206241890 -0.175250973
96        2000      7       7 -0.022547385 0.18328951 0.90688690 0.0030174128 -0.196379105
97        2001      7       7  0.289894955 0.19629215 0.19975114 0.3037277760  0.164473331
98        2002      7       7  0.164722045 0.22284331 0.49301463 0.0985130317 -0.081784362
99        2003      7       7  0.005566483 0.20677878 0.97956494 0.0001449162 -0.199826101
100       2004      7       7  0.101270388 0.18342441 0.60464275 0.0574618502 -0.131045780
101       2005      7       7 -0.091815705 0.18936246 0.64826596 0.0449077686 -0.146110678
102       2006      7       7 -0.187561306 0.15285736 0.27442941 0.2314331009  0.077719721
103       2007      7       7 -0.190740665 0.15248426 0.26631834 0.2383528598  0.086023432
104       2008      7       7 -0.074929923 0.10211090 0.49601017 0.0972245753 -0.083330510
105       2009      7       7 -0.134294020 0.09301731 0.20840924 0.2942261862  0.153071423
106       1991      8       8  0.268735405 0.19776433 0.22304849 0.2353297331  0.107884689
107       1992      8       8  0.145990932 0.21055507 0.51401334 0.0741813997 -0.080121700
108       1993      8       8  0.111367544 0.20752206 0.61081158 0.0458011507 -0.113231991
109       1994      8       8 -0.067941850 0.19348205 0.73747500 0.0201375769 -0.143172827
110       1995      8       8 -0.311025528 0.14590437 0.07702741 0.4309656707  0.336126616
111       1996      8       8 -0.106335645 0.18972833 0.59545584 0.0497485770 -0.108626660
112       1997      8       8  0.068398774 0.12596967 0.60671107 0.0468361259 -0.112024520
113       1998      8       8 -0.027563996 0.13183036 0.84129846 0.0072335148 -0.158227566
114       1999      8       8  0.028871355 0.13980418 0.84321997 0.0070577580 -0.158432616
115       2000      8       8  0.146837719 0.16801097 0.41573710 0.1129293807 -0.034915722
116       2001      8       8  0.153220759 0.16623028 0.39222041 0.1240365520 -0.021957356
117       2002      8       8  0.121281236 0.16798050 0.49745787 0.0799349640 -0.073409209
118       2003      8       8 -0.025931752 0.15519297 0.87278566 0.0046318246 -0.161262871
119       2004      8       8 -0.004826371 0.14981179 0.97534456 0.0001729510 -0.166464891
120       2005      8       8 -0.030956181 0.14545039 0.83850652 0.0074928551 -0.157925002
121       2006      8       8 -0.159291075 0.11509632 0.21564597 0.2419841880  0.115648219
122       2007      8       8 -0.225118130 0.11537508 0.09889635 0.3881997954  0.286233095
123       2008      8       8 -0.079703305 0.07615885 0.33562852 0.1543634118  0.013423980
124       1991      9       9  0.169068692 0.16363859 0.33588707 0.1323176110  0.008362984
125       1992      9       9  0.161640430 0.16334533 0.35535219 0.1227228223 -0.002602489
 [ reached 'max' / getOption("max.print") -- omitted 151 rows ]
[1] "Stability Time"
[1] 12
[1] "Absolute Range"
[1] -1.346823  1.760228
[1] "Relative Range"
[1] -1.361976  1.745075
[1] "Proportion Significant"
[1] 0.1090909
[1] "Proportion Significantly Wrong"
[1] 0.1090909
null device 
          1 
