[1] "GC"
[1] "Multiple Breakups"
    start_year N_data N_years                 slope   slope_se    p_value     r_square  adj_r_square
1         1995      3       3 -0.065979898705095547 1.23169036 0.96592975 2.861381e-03 -0.9942772373
2         1996      3       3 -0.783511378768611988 0.81742336 0.51348326 4.788269e-01 -0.0423462289
3         1997      3       3  0.175946406442866216 0.26348015 0.62517610 3.084028e-01 -0.3831944937
4         1998      3       3  1.223377409721264630 0.86821472 0.39292019 6.650461e-01  0.3300921055
5         1999      3       3  0.175946416339762546 1.47294929 0.92431326 1.406800e-02 -0.9718640087
6         2000      3       3 -1.385578011357051942 0.57140274 0.24901012 8.546512e-01  0.7093023256
7         2001      3       3  0.725778955030950135 0.64758977 0.46379479 5.567485e-01  0.1134969309
8         2002      3       3 -0.131959807306789717 1.14280548 0.92681361 1.315789e-02 -0.9736842116
9         2003      3       3  0.461859340417984487 1.48564712 0.80811697 8.812950e-02 -0.8237410037
10        2004      3       3 -0.021993299568352848 1.76499957 0.99206762 1.552473e-04 -0.9996895053
11        2005      3       3 -1.209631595016972927 1.07931628 0.46379479 5.567485e-01  0.1134969354
12        2006      3       3  0.879732061905525109 0.12697839 0.09125790 9.795918e-01  0.9591836735
13        2007      3       3 -0.000000000000186527 0.63489193 1.00000000 8.625432e-26 -1.0000000000
14        2008      3       3 -0.747772254598913610 0.20316542 0.16888904 9.312567e-01  0.8625134285
15        2009      3       3 -0.065979908601672632 0.19046758 0.78770437 1.071429e-01 -0.7857142628
16        2010      3       3 -0.065979908601775883 0.19046758 0.78770437 1.071429e-01 -0.7857142628
17        2011      3       3  0.395879431816352712 0.45712219 0.54562895 4.285714e-01 -0.1428571429
18        2012      3       3 -0.065979898704946624 0.72377680 0.94212535 8.241757e-03 -0.9835164866
19        2013      3       3 -0.593819147724260810 0.41902867 0.39120798 6.675824e-01  0.3351648513
20        1995      4       4 -0.069828731572483677 0.55083315 0.91071855 7.971177e-03 -0.4880432344
21        1996      4       4 -0.491000466799386637 0.40268731 0.34701126 4.263943e-01  0.1395914476
22        1997      4       4  0.895677210525238188 0.43192033 0.17383216 6.825533e-01  0.5238299603
23        1998      4       4  0.294160410921231796 0.66224928 0.70034735 8.979171e-02 -0.3653124322
24        1999      4       4 -0.250723638830628370 0.70327688 0.75555834 5.975172e-02 -0.4103724149
25        2000      4       4 -0.316703547432314658 0.66793045 0.68211223 1.010526e-01 -0.3484210505
26        2001      4       4 -0.013195979740940120 0.51565734 0.98190768 3.273322e-04 -0.4995090017
27        2002      4       4  0.620211111164895024 0.67066229 0.45271084 2.995254e-01 -0.0507118605
28        2003      4       4 -0.343095502955400755 0.81081044 0.71334376 8.217180e-02 -0.3767423038
29        2004      4       4 -0.123162489458490870 0.79149001 0.89062834 1.196216e-02 -0.4820567593
30        2005      4       4 -0.329899529152652082 0.70068602 0.68412301 9.977827e-02 -0.3503325907
31        2006      4       4  0.307906221666829794 0.33499199 0.45505074 2.969697e-01 -0.0545454545
32        2007      4       4 -0.228730337282997576 0.31314013 0.54109707 2.105919e-01 -0.1841121474
33        2008      4       4 -0.409075411557087210 0.21562410 0.19824607 6.428094e-01  0.4642140535
34        2009      4       4 -0.131959813244578561 0.09330968 0.29289321 5.000000e-01  0.2500000225
35        2010      4       4  0.277115600291905850 0.21562411 0.32746176 4.523077e-01  0.1784615319
36        2011      4       4 -0.039587939222820362 0.32404128 0.91393371 7.407406e-03 -0.4888888910
37        2012      4       4 -0.131959809285784158 0.32591669 0.72475906 7.575757e-02 -0.3863636376
38        1995      5       5 -0.112715672658487365 0.31898613 0.74719379 3.995714e-02 -0.2800571483
39        1996      5       5  0.211135693669631447 0.46731583 0.68207491 6.370778e-02 -0.2483896229
40        1997      5       5  0.385432611057295982 0.38596404 0.39157195 2.494837e-01 -0.0006884427
41        1998      5       5 -0.029690957386189730 0.42561869 0.94877479 1.619503e-03 -0.3311739955
42        1999      5       5  0.083574546276870873 0.44957522 0.86438504 1.138801e-02 -0.3181493167
43        2000      5       5 -0.461859336459040426 0.39463118 0.32637106 3.134596e-01  0.0846127607
44        2001      5       5  0.448663356718109474 0.39967342 0.34335548 2.958035e-01  0.0610713095
45        2002      5       5  0.030790625333677778 0.51549472 0.95612676 1.187821e-03 -0.3317495714
46        2003      5       5 -0.303507561753185218 0.46867927 0.56339597 1.226430e-01 -0.1698093782
47        2004      5       5  0.101169185931457323 0.47496706 0.84497822 1.489805e-02 -0.3134692659
48        2005      5       5 -0.307906225625650287 0.40474049 0.50213618 1.617162e-01 -0.1177117683
49        2006      5       5  0.052783922922550977 0.24310973 0.84204284 1.547056e-02 -0.3127059167
50        2007      5       5 -0.175946414360491132 0.18334202 0.40802033 2.348796e-01 -0.0201604959
51        2008      5       5 -0.338696847000550527 0.13095406 0.08132874 6.903819e-01  0.5871759115
52        2009      5       5  0.118763827565451618 0.15445500 0.49792934 1.646341e-01 -0.1138211447
53        2010      5       5  0.026391963440677936 0.19092415 0.89881345 6.329115e-03 -0.3248945138
54        2011      5       5 -0.092371866104171710 0.18955113 0.65942171 7.335329e-02 -0.2355289440
55        1995      6       6  0.280728786493461724 0.30855725 0.41438633 1.714577e-01 -0.0356778442
56        1996      6       6  0.042258556008454698 0.32109138 0.90164773 4.311570e-03 -0.2446105371
57        1997      6       6  0.128032433655955957 0.29313560 0.68482219 4.552075e-02 -0.1930990683
58        1998      6       6  0.145941265849317270 0.29651051 0.64837139 5.710565e-02 -0.1786179399
59        1999      6       6 -0.134473329802040381 0.32010973 0.69600710 4.225373e-02 -0.1971828393
60        2000      6       6 -0.003770279925825926 0.36971823 0.99235188 2.599766e-05 -0.2499675029
61        2001      6       6  0.076662368109201851 0.33850812 0.83193736 1.265998e-02 -0.2341750250
62        2002      6       6 -0.047756881890200234 0.34050391 0.89523871 4.893698e-03 -0.2438828770
63        2003      6       6 -0.091743487247559652 0.33028491 0.79495421 1.892412e-02 -0.2263448528
64        2004      6       6 -0.006283801573273835 0.31706740 0.98513734 9.818364e-05 -0.2498772705
65        2005      6       6 -0.314190025502230408 0.26498969 0.30137394 2.600555e-01  0.0750693509
66        2006      6       6  0.010054079237054491 0.16105337 0.95321772 9.733344e-04 -0.2487833320
67        2007      6       6 -0.192284296019139156 0.12039561 0.18548087 3.893821e-01  0.2367275724
68        2008      6       6 -0.100540808205947560 0.16203597 0.56854316 8.779953e-02 -0.1402505933
69        2009      6       6 -0.015081120835011482 0.12726209 0.91138075 3.498542e-03 -0.2456268223
70        2010      6       6 -0.030162242235575992 0.12918369 0.82684821 1.344538e-02 -0.2331932773
71        1995      7       7  0.136672660041578214 0.23349771 0.58374699 6.412756e-02 -0.1230469287
72        1996      7       7 -0.064998063280370985 0.23533911 0.79345512 1.502682e-02 -0.1819678192
73        1997      7       7  0.220325753322068385 0.21401774 0.35045787 1.748926e-01  0.0098711289
74        1998      7       7 -0.033186321102927310 0.23378367 0.89265954 4.013961e-03 -0.1951832473
75        1999      7       7  0.127246960933556807 0.27215368 0.65977169 4.189013e-02 -0.1497318412
76        2000      7       7 -0.169662612221648357 0.27842271 0.56890358 6.913229e-02 -0.1170412528
77        2001      7       7  0.006283801997435779 0.24278575 0.98035261 1.339585e-04 -0.1998392498
78        2002      7       7  0.047128504023288206 0.24692618 0.85614256 7.232866e-03 -0.1913205605
79        2003      7       7 -0.124105059581380309 0.23429287 0.61898743 5.313479e-02 -0.1362382508
80        2004      7       7 -0.086402257493779680 0.22892253 0.72134405 2.770147e-02 -0.1667582411
81        2005      7       7 -0.254493921160186154 0.19051940 0.23919130 2.630081e-01  0.1156097207
82        2006      7       7 -0.048699455406260812 0.11882657 0.69889418 3.250136e-02 -0.1609983737
83        2007      7       7 -0.050270404668510425 0.11819560 0.68829093 3.491544e-02 -0.1581014716
84        2008      7       7 -0.146098360563473612 0.11755704 0.26904828 2.360020e-01  0.0832023566
85        2009      7       7 -0.047128504023275709 0.09187037 0.62981187 5.000000e-02 -0.1399999989
86        1995      8       8  0.032269933031804400 0.18418158 0.86667998 5.090216e-03 -0.1607280815
87        1996      8       8  0.049681295779132405 0.18749120 0.79989357 1.156698e-02 -0.1531718551
88        1997      8       8  0.064474410698587503 0.18314745 0.73684616 2.023685e-02 -0.1430570105
89        1998      8       8  0.147865680869351923 0.20320037 0.49421220 8.109690e-02 -0.0720536174
90        1999      8       8 -0.030895351042934588 0.22245227 0.89408510 3.204553e-03 -0.1629280220
91        2000      8       8 -0.169662612457308820 0.20752404 0.44485474 1.002337e-01 -0.0497273029
92        2001      8       8  0.068074505732852730 0.18444478 0.72474380 2.219910e-02 -0.1407677120
93        2002      8       8 -0.008902050296483287 0.18686922 0.96355094 3.780847e-04 -0.1662255679
94        2003      8       8 -0.160236912406677978 0.17587315 0.39737171 1.215345e-01 -0.0248764352
95        2004      8       8 -0.090591458118473300 0.17064592 0.61457296 4.486387e-02 -0.1143254867
96        2005      8       8 -0.241402670238964279 0.14220578 0.14051238 3.244541e-01  0.2118631131
97        2006      8       8  0.029848051063529210 0.09950315 0.77432036 1.477550e-02 -0.1494285818
98        2007      8       8 -0.096875257288218761 0.09211529 0.33344901 1.556453e-01  0.0149195136
99        2008      8       8 -0.141909160881344615 0.08765522 0.15658594 3.040242e-01  0.1880282450
100       1995      9       9  0.104559821016971935 0.14864607 0.50451431 6.601813e-02 -0.0674078556
101       1996      9       9 -0.040870886811076694 0.15435350 0.79880057 9.916738e-03 -0.1315237281
102       1997      9       9  0.189783865916113820 0.15924806 0.27219188 1.686725e-01  0.0499114590
103       1998      9       9  0.017228087300979158 0.17453642 0.92413752 1.389952e-03 -0.1412686259
104       1999      9       9 -0.058648803467216196 0.17305420 0.74462115 1.614314e-02 -0.1244078455
105       2000      9       9 -0.085040766577991297 0.16800800 0.62828492 3.530894e-02 -0.1025040735
106       2001      9       9  0.019060861935099090 0.14564582 0.89955885 2.440786e-03 -0.1400676734
107       2002      9       9 -0.060848134413738118 0.14782263 0.69292263 2.363347e-02 -0.1158474590
108       2003      9       9 -0.148821341923859068 0.13639009 0.31133666 1.453614e-01  0.0232702217
109       2004      9       9 -0.112898949989881328 0.13280773 0.42339280 9.357639e-02 -0.0359126961
110       2005      9       9 -0.140024022096565642 0.12473719 0.29865000 1.525551e-01  0.0314915000
111       2006      9       9 -0.023459522178645321 0.08299252 0.78560544 1.128582e-02 -0.1299590632
112       2007      9       9 -0.103368518197582901 0.07145061 0.19122787 2.301752e-01  0.1202002404
113       1995     10      10  0.020493757945389057 0.12812717 0.87688637 3.187749e-03 -0.1214137825
114       1996     10      10  0.080808721550457902 0.14176274 0.58430747 3.903117e-02 -0.0810899324
115       1997     10      10  0.075277073897125249 0.14320876 0.61338869 3.338488e-02 -0.0874420047
116       1998     10      10 -0.014228998926854593 0.14041143 0.92177606 1.282025e-03 -0.1235577214
117       1999     10      10 -0.009597076655081660 0.14092440 0.94737667 5.793804e-04 -0.1243481970
118       2000     10      10 -0.097303698356011409 0.13421089 0.48910876 6.165332e-02 -0.0556400123
119       2001     10      10 -0.028524645475644178 0.11938923 0.81717334 7.084878e-03 -0.1170295124
120       2002     10      10 -0.069578809108327186 0.11802935 0.57179127 4.163099e-02 -0.0781651341
121       2003     10      10 -0.156485674581273493 0.10889160 0.18863090 2.051816e-01  0.1058292668
122       2004     10      10 -0.053317096100482547 0.11138871 0.64499038 2.784182e-02 -0.0936779581
123       2005     10      10 -0.152753477811048283 0.09977689 0.16431443 2.265905e-01  0.1299143496
124       2006     10      10 -0.042120505669849276 0.06707605 0.54753832 4.697497e-02 -0.0721531617
125       1995     11      11  0.111665990787269007 0.11711180 0.36524280 9.174949e-02 -0.0091672281
 [ reached 'max' / getOption("max.print") -- omitted 65 rows ]
[1] "Stability Time"
[1] 10
[1] "Absolute Range"
[1] -1.385578  1.223377
[1] "Relative Range"
[1] -1.353609  1.255346
[1] "Proportion Significant"
[1] 0
[1] "Proportion Significantly Wrong"
[1] 0
[1] "GX"
[1] "Multiple Breakups"
    start_year N_data N_years        slope   slope_se    p_value      r_square  adj_r_square
1         1995      3       3  0.141422860 0.40825261 0.78770437 0.10714286862 -0.7857142628
2         1996      3       3 -0.259275225 0.17690946 0.38118465 0.68233083252  0.3646616650
3         1997      3       3  0.824966642 0.44907787 0.31735614 0.77141057715  0.5428211543
4         1998      3       3  1.367087576 0.13608421 0.06316306 0.99018838238  0.9803767648
5         1999      3       3  0.212134279 0.53072839 0.75792456 0.13775510387 -0.7244897923
6         2000      3       3 -1.484939951 0.44907787 0.18696054 0.91620498475  0.8324099695
7         2001      3       3 -0.659973320 0.92537258 0.60559592 0.33715596922 -0.3256880616
8         2002      3       3 -0.212134279 0.66681259 0.80391643 0.09190620409 -0.8161875918
9         2003      3       3  0.612832363 1.14310730 0.68670836 0.22324967232 -0.5535006554
10        2004      3       3  0.070711430 1.45610097 0.96910863 0.00235273640 -0.9952945272
11        2005      3       3 -1.060671394 0.80289679 0.41249602 0.63572624922  0.2714524984
12        2006      3       3  0.565691407 0.13608421 0.15029122 0.94529540055  0.8905908011
13        2007      3       3  0.282845709 0.29938525 0.51807971 0.47161572562 -0.0567685488
14        2008      3       3 -0.494979987 0.14969263 0.18696055 0.91620498376  0.8324099675
15        2009      3       3 -0.471409514 0.16330105 0.21229562 0.89285714286  0.7857142857
16        2010      3       3 -0.070711419 0.06804211 0.48775435 0.51923067936  0.0384613587
17        2011      3       3  0.659973320 0.35381892 0.31329163 0.77675033926  0.5535006785
18        2012      3       3 -0.141422860 0.81650522 0.89081744 0.02912621614 -0.9417475677
19        2013      3       3 -0.542120944 0.58516208 0.52429517 0.46187427874 -0.0762514425
20        1995      4       4  0.042426860 0.19131329 0.84508065 0.02400000499 -0.4639999925
21        1996      4       4  0.329986661 0.34928868 0.44451441 0.30856423879 -0.0371536418
22        1997      4       4  0.994674063 0.22346004 0.04694503 0.90831378071  0.8624706711
23        1998      4       4  0.721256550 0.37780465 0.19646004 0.64567646000  0.4685146900
24        1999      4       4 -0.622260552 0.53703455 0.36623368 0.40165975220  0.1024896283
25        2000      4       4 -0.834394833 0.42591529 0.18919012 0.65741265635  0.4861189845
26        2001      4       4 -0.711828361 0.41492071 0.22837567 0.59540410243  0.3931061536
27        2002      4       4  0.513836364 0.51439829 0.42307042 0.33284773878 -0.0007283918
28        2003      4       4 -0.108424182 0.65935008 0.88450084 0.01334005700 -0.4799899145
29        2004      4       4 -0.103710092 0.65892865 0.88938996 0.01223458050 -0.4816481292
30        2005      4       4 -0.362985321 0.53961462 0.57046202 0.18450287936 -0.2232456810
31        2006      4       4  0.348843035 0.13920556 0.12911037 0.75844875356  0.6376731303
32        2007      4       4 -0.080139617 0.24868807 0.77782997 0.04935952153 -0.4259607177
33        2008      4       4 -0.428982656 0.07702895 0.03076244 0.93942143987  0.9091321598
34        2009      4       4 -0.287559799 0.12884235 0.15529965 0.71351868208  0.5702780231
35        2010      4       4  0.344128947 0.24143347 0.29012370 0.50392435921  0.2558865388
36        2011      4       4  0.056569142 0.38262658 0.89602495 0.01081081091 -0.4837837836
37        2012      4       4 -0.098996004 0.36597291 0.81213270 0.03529412217 -0.4470588167
38        1995      5       5  0.334700756 0.20168028 0.19558534 0.47863654372  0.3048487250
39        1996      5       5  0.608118269 0.25778529 0.09948910 0.64973450330  0.5329793377
40        1997      5       5  0.688257883 0.21895606 0.05152928 0.76709371023  0.6894582803
41        1998      5       5 -0.004714095 0.47250035 0.99266608 0.00003317849 -0.3332890953
42        1999      5       5 -0.476123607 0.32133166 0.23501778 0.42257664017  0.2301021869
43        2000      5       5 -0.810824356 0.24627857 0.04599827 0.78322567116  0.7109675616
44        2001      5       5 -0.061283238 0.44548406 0.89929776 0.00626854647 -0.3249752714
45        2002      5       5  0.065997333 0.39377040 0.87755641 0.00927678970 -0.3209642804
46        2003      5       5 -0.164993326 0.38207442 0.69501561 0.05852283507 -0.2553028866
47        2004      5       5  0.042426856 0.38967635 0.92017392 0.00393586008 -0.3280855199
48        2005      5       5 -0.197991993 0.32578456 0.58627852 0.10961968669 -0.1871737511
49        2006      5       5  0.084853709 0.17230646 0.65618287 0.07479223991 -0.2336103468
50        2007      5       5 -0.174421520 0.15355220 0.33852835 0.30074692462  0.0676625662
51        2008      5       5 -0.320558465 0.07678816 0.02503094 0.85313652366  0.8041820315
52        2009      5       5  0.061283238 0.21470275 0.79388508 0.02643930076 -0.2980809323
53        2010      5       5  0.047140952 0.22097661 0.84474459 0.01494321658 -0.3134090446
54        2011      5       5  0.018856378 0.22197999 0.93765545 0.00239951958 -0.3301339739
55        1995      6       6  0.532019305 0.17438554 0.03799767 0.69941799630  0.6242724954
56        1996      6       6  0.499694082 0.17999602 0.05001564 0.65832264220  0.5729033027
57        1997      6       6  0.179135613 0.32702950 0.61298398 0.06977771643 -0.1627778545
58        1998      6       6 -0.076772407 0.31210926 0.81780470 0.01490104999 -0.2313736875
59        1999      6       6 -0.561650759 0.21607875 0.06009319 0.62812472029  0.5351559004
60        2000      6       6 -0.317864699 0.32710438 0.38619997 0.19098827401 -0.0112646575
61        2001      6       6 -0.216848374 0.30515476 0.51655967 0.11209323474 -0.1098834566
62        2002      6       6 -0.024243917 0.26299562 0.93098433 0.00211995629 -0.2473500546
63        2003      6       6 -0.043100297 0.25983815 0.87630277 0.00683152428 -0.2414605947
64        2004      6       6  0.044447183 0.25510572 0.87014704 0.00753190182 -0.2405851227
65        2005      6       6 -0.230317218 0.21409106 0.34258171 0.22440428411  0.0305053551
66        2006      6       6 -0.029631457 0.13074032 0.83181217 0.01267901007 -0.2341512374
67        2007      6       6 -0.169707422 0.10056035 0.16675811 0.41589241426  0.2698655178
68        2008      6       6 -0.061956677 0.15753941 0.71417572 0.03722730266 -0.2034658717
69        2009      6       6 -0.070037984 0.15970095 0.68362888 0.04587716205 -0.1926535474
70        2010      6       6  0.022897033 0.14533874 0.88245011 0.00616664853 -0.2422916893
71        1995      7       7  0.469725906 0.12844706 0.01464132 0.72786692489  0.6734403099
72        1996      7       7  0.164993330 0.23138888 0.50769815 0.09230355371 -0.0892357356
73        1997      7       7  0.079129452 0.23834406 0.75335683 0.02156889481 -0.1741173262
74        1998      7       7 -0.240755571 0.24014493 0.36210168 0.16737329824  0.0008479579
75        1999      7       7 -0.254224415 0.23419792 0.32723680 0.19072035838  0.0288644301
76        2000      7       7 -0.370393185 0.23327748 0.17320026 0.33519862641  0.2022383517
77        2001      7       7 -0.213817885 0.21578410 0.36723914 0.16413946204 -0.0030326456
78        2002      7       7  0.031988503 0.18877864 0.87208517 0.00570985726 -0.1931481713
79        2003      7       7 -0.020203263 0.18420828 0.91693211 0.00239999971 -0.1971200003
80        2004      7       7 -0.040406530 0.18692115 0.83739852 0.00925925952 -0.1888888886
81        2005      7       7 -0.237388361 0.15144028 0.17777384 0.32950477678  0.1954057321
82        2006      7       7 -0.062293400 0.09435102 0.53830310 0.08018978576 -0.1037722571
83        2007      7       7 -0.013468842 0.11486089 0.91121699 0.00274254313 -0.1967089482
84        2008      7       7 -0.129637615 0.11805184 0.32218805 0.19431698727  0.0331803847
85        2009      7       7 -0.058926189 0.11310771 0.62462641 0.05148789583 -0.1382145250
86        1995      8       8  0.216062693 0.17496930 0.26304418 0.20264515598  0.0697526820
87        1996      8       8  0.090353489 0.17776932 0.62941010 0.04127790978 -0.1185091053
88        1997      8       8 -0.083057867 0.20081878 0.69354626 0.02771998607 -0.1343266829
89        1998      8       8 -0.072956234 0.20352936 0.73227714 0.02096607768 -0.1422062427
90        1999      8       8 -0.309222190 0.17742529 0.13199281 0.33609649047  0.2254459056
91        2000      8       8 -0.333915069 0.17514562 0.10521733 0.37725363933  0.2734625792
92        2001      8       8 -0.127954010 0.16830254 0.47590102 0.08786840074 -0.0641535325
93        2002      8       8  0.033110907 0.14070878 0.82178991 0.00914447581 -0.1559981116
94        2003      8       8 -0.071833829 0.14049935 0.62742206 0.04174820589 -0.1179604265
95        2004      8       8 -0.088108683 0.14201880 0.55780697 0.06028257065 -0.0963370009
96        2005      8       8 -0.216623893 0.11351176 0.10494297 0.37771761278  0.2740038816
97        2006      8       8  0.035355713 0.09013362 0.70842183 0.02500330748 -0.1374961413
98        2007      8       8 -0.076884646 0.09311272 0.44055429 0.10203926070 -0.0476208625
99        2008      8       8 -0.107750746 0.08889337 0.27102204 0.19670871506  0.0628268342
100       1995      9       9  0.146136949 0.14141579 0.33579914 0.13236239436  0.0084141650
101       1996      9       9 -0.041641173 0.15738072 0.79894764 0.00990200209 -0.1315405690
102       1997      9       9  0.019642062 0.16647122 0.90938935 0.00198488294 -0.1405887052
103       1998      9       9 -0.153208090 0.16432074 0.38217765 0.11046928292 -0.0166065338
104       1999      9       9 -0.292273896 0.13778094 0.07158458 0.39129844859  0.3043410841
105       2000      9       9 -0.241204532 0.14584469 0.14213566 0.28096009448  0.1782401080
106       2001      9       9 -0.095067584 0.13174199 0.49392092 0.06923986390 -0.0637258698
107       2002      9       9 -0.018856380 0.11304679 0.87224227 0.00395894425 -0.1383326351
108       2003      9       9 -0.103710092 0.11037544 0.37869941 0.11199862947 -0.0148587092
109       2004      9       9 -0.101353044 0.11027273 0.38861016 0.10768550524 -0.0197879940
110       2005      9       9 -0.107638504 0.10812134 0.35263675 0.12402422794 -0.0011151681
111       2006      9       9 -0.025141841 0.07806681 0.75681526 0.01460076068 -0.1261705592
112       2007      9       9 -0.069925744 0.07223662 0.36528704 0.11805941944 -0.0079320921
113       1995     10      10  0.027998869 0.13182743 0.83711428 0.00560708844 -0.1186920255
114       1996     10      10  0.034855733 0.13308826 0.80001616 0.00850102348 -0.1154363486
115       1997     10      10 -0.062854601 0.14108118 0.66775312 0.02421041068 -0.0977632880
116       1998     10      10 -0.167707504 0.13134964 0.23748379 0.16928203003  0.0654422838
117       1999     10      10 -0.223990943 0.11676751 0.09135977 0.31505310354  0.2294347415
118       2000     10      10 -0.193706453 0.11953203 0.14377510 0.24714034121  0.1530328839
119       2001     10      10 -0.114281093 0.10567757 0.31103109 0.12753800713  0.0184802580
120       2002     10      10 -0.054569222 0.09250726 0.57154419 0.04168337787 -0.0781061999
121       2003     10      10 -0.111709768 0.08817020 0.24080082 0.16712086731  0.0630109757
122       2004     10      10 -0.033141517 0.09638033 0.73981334 0.01456485095 -0.1086145427
123       2005     10      10 -0.131137554 0.08731152 0.17150948 0.21995771636  0.1224524309
124       2006     10      10 -0.028855977 0.06231268 0.65564123 0.02610600682 -0.0956307423
125       1995     11      11  0.080139617 0.11176702 0.49154751 0.05403789139 -0.0510690096
 [ reached 'max' / getOption("max.print") -- omitted 65 rows ]
[1] "Stability Time"
[1] 11
[1] "Absolute Range"
[1] -1.484940  1.367088
[1] "Relative Range"
[1] -1.428616  1.423412
[1] "Proportion Significant"
[1] 0.1052632
[1] "Proportion Significantly Wrong"
[1] 0.1052632
[1] "HC"
[1] "Multiple Breakups"
    start_year N_data N_years         slope   slope_se    p_value     r_square adj_r_square
1         1991      3       3  2.558933e-01 0.06500564 0.15837309 9.393788e-01   0.87875752
2         1992      3       3  7.472085e-01 0.34866660 0.27794399 8.211938e-01   0.64238751
3         1993      3       3 -2.627172e-01 0.93174747 0.82503975 7.364730e-02  -0.85270541
4         1994      3       3  1.762821e-01 1.18520379 0.90600105 2.164349e-02  -0.95671301
5         1995      3       3  1.819686e-01 1.18192068 0.90274957 2.315485e-02  -0.95369030
6         1996      3       3  5.402193e-02 1.10805063 0.96898678 2.371318e-03  -0.99525736
7         1997      3       3  5.459058e-01 0.82406136 0.62752458 3.050006e-01  -0.38999880
8         1998      3       3  4.918839e-01 0.79287179 0.64650284 2.779129e-01  -0.44417413
9         1999      3       3  1.592225e-01 0.98493390 0.89796797 2.546778e-02  -0.94906445
10        2000      3       3 -1.205542e+00 0.19698678 0.10311306 9.739945e-01   0.94798890
11        2001      3       3 -2.502068e-01 0.35457620 0.60879202 3.324176e-01  -0.33516485
12        2002      3       3  6.823822e-02 0.17072188 0.75792459 1.377551e-01  -0.72448986
13        2003      3       3  6.823822e-01 0.52529808 0.41765656 6.279070e-01   0.25581393
14        2004      3       3 -2.502068e-01 1.06372861 0.85292977 5.242634e-02  -0.89514732
15        2005      3       3 -1.000827e+00 0.63035769 0.35782475 7.159763e-01   0.43195267
16        2006      3       3  7.506204e-01 0.38084111 0.29890887 7.952775e-01   0.59055501
17        2007      3       3 -4.549214e-02 0.84047692 0.96557554 2.921129e-03  -0.99415774
18        2008      3       3 -9.780812e-01 0.30204639 0.19068318 9.129361e-01   0.82587228
19        2009      3       3  8.870969e-01 0.77481466 0.45705390 5.672551e-01   0.13451020
20        2010      3       3  2.047147e-01 1.16878822 0.88961499 2.976482e-02  -0.94047036
21        2011      3       3  2.729529e-01 1.20818558 0.85854969 4.856115e-02  -0.90287770
22        2012      3       3 -1.364765e-01 1.44456971 0.94003302 8.846659e-03  -0.98230668
23        2013      3       3 -1.296526e+00 0.77481467 0.34292094 7.368461e-01   0.47369216
24        1991      4       4  5.732011e-01 0.18549001 0.09069819 8.268298e-01   0.74024467
25        1992      4       4  2.047146e-02 0.44761881 0.96767797 1.044714e-03  -0.49843293
26        1993      4       4  3.234492e-01 0.53680629 0.60803148 1.536393e-01  -0.26954102
27        1994      4       4 -2.308727e-01 0.57982750 0.72898501 7.344913e-02  -0.38982631
28        1995      4       4  5.146299e-01 0.56238346 0.45674542 2.951255e-01  -0.05731170
29        1996      4       4 -3.468776e-02 0.49817505 0.95082396 2.418283e-03  -0.49637258
30        1997      4       4  7.989559e-01 0.39643437 0.18142986 6.700571e-01   0.50508561
31        1998      4       4  1.762821e-02 0.44799770 0.97218690 7.735684e-04  -0.49883965
32        1999      4       4 -3.184450e-01 0.51968682 0.60242672 1.580645e-01  -0.26290323
33        2000      4       4 -7.005791e-01 0.30455966 0.14811750 7.257038e-01   0.58855569
34        2001      4       4 -1.819686e-01 0.16339219 0.38131177 3.827751e-01   0.07416269
35        2002      4       4  4.958644e-01 0.25842584 0.19501824 6.479956e-01   0.47199344
36        2003      4       4 -5.913979e-02 0.48833654 0.91467839 7.279777e-03  -0.48908034
37        2004      4       4 -3.320927e-01 0.47805733 0.55911154 1.943826e-01  -0.20842605
38        2005      4       4 -1.683209e-01 0.55721846 0.79111375 4.363347e-02  -0.43454980
39        2006      4       4  1.410257e-01 0.39099436 0.75286838 6.107404e-02  -0.40838894
40        2007      4       4 -3.138958e-01 0.40656341 0.52082178 2.296118e-01  -0.15558236
41        2008      4       4  3.639372e-02 0.60108195 0.95722597 1.829617e-03  -0.49725557
42        2009      4       4  2.092639e-01 0.52270458 0.72761507 7.419355e-02  -0.38870968
43        2010      4       4  6.505377e-01 0.58263703 0.38033661 3.839827e-01   0.07597408
44        2011      4       4 -3.912325e-01 0.66256311 0.61470214 1.484544e-01  -0.27731834
45        2012      4       4 -3.320927e-01 0.65582892 0.66289935 1.136368e-01  -0.32954473
46        1991      5       5  1.467122e-01 0.26851401 0.62281508 9.050593e-02  -0.21265876
47        1992      5       5  3.168528e-01 0.30994865 0.38189371 2.583522e-01   0.01113621
48        1993      5       5  2.956989e-03 0.36095994 0.99397810 2.236920e-05  -0.33330351
49        1994      5       5  1.285153e-01 0.39385261 0.76563300 3.427478e-02  -0.28763363
50        1995      5       5  3.019541e-01 0.34713405 0.44838925 2.014134e-01  -0.06478217
51        1996      5       5  3.275435e-01 0.35561676 0.42494902 2.204445e-01  -0.03940736
52        1997      5       5  3.804281e-01 0.33282913 0.33598491 3.033752e-01   0.07116699
53        1998      5       5 -2.536187e-01 0.30236669 0.46316520 1.899663e-01  -0.08004493
54        1999      5       5 -2.775021e-01 0.30097105 0.42451808 2.208046e-01  -0.03892714
55        2000      5       5 -5.049628e-01 0.20898349 0.09448325 6.605726e-01   0.54743013
56        2001      5       5  1.865178e-01 0.23272246 0.48147027 1.763533e-01  -0.09819556
57        2002      5       5  6.368900e-02 0.29072295 0.84065280 1.574550e-02  -0.31233933
58        2003      5       5 -1.774194e-01 0.29009346 0.58403515 1.108601e-01  -0.18551992
59        2004      5       5 -2.878883e-15 0.33606763 1.00000000 2.274116e-29  -0.33333333
60        2005      5       5 -2.684037e-01 0.32685826 0.47173019 1.835196e-01  -0.08864052
61        2006      5       5 -1.000827e-01 0.26521051 0.73101279 4.531835e-02  -0.27290887
62        2007      5       5  1.410257e-01 0.35225339 0.71570137 5.071776e-02  -0.26570966
63        2008      5       5 -1.319272e-01 0.36038473 0.73860242 4.275981e-02  -0.27632025
64        2009      5       5  5.049628e-01 0.34672658 0.24132118 4.141791e-01   0.21890547
65        2010      5       5  8.188586e-02 0.47004639 0.87279463 1.001484e-02  -0.31998022
66        2011      5       5 -4.367246e-01 0.38343162 0.33742334 3.018868e-01   0.06918239
67        1991      6       6  3.223444e-01 0.20293379 0.18738824 3.867930e-01   0.23349120
68        1992      6       6  8.981450e-02 0.24156615 0.72889902 3.340454e-02  -0.20824432
69        1993      6       6  1.928542e-01 0.26049910 0.50020195 1.205084e-01  -0.09936444
70        1994      6       6  8.692250e-02 0.25895290 0.75398803 2.739672e-02  -0.21575410
71        1995      6       6  4.645073e-01 0.24586903 0.13186514 4.715463e-01   0.33943293
72        1996      6       6  1.632843e-01 0.25138066 0.55139764 9.541459e-02  -0.13073176
73        1997      6       6  8.302317e-02 0.27741364 0.77963530 2.190109e-02  -0.22262363
74        1998      6       6 -2.428956e-01 0.19804225 0.28727649 2.732904e-01   0.09161301
75        1999      6       6 -2.586554e-01 0.19733203 0.26012761 3.004666e-01   0.12558327
76        2000      6       6 -1.494742e-01 0.24666076 0.57722624 8.408660e-02  -0.14489175
77        2001      6       6 -3.379417e-02 0.19847025 0.87306063 7.196083e-03  -0.24100490
78        2002      6       6 -5.589036e-02 0.20245788 0.79617837 1.869597e-02  -0.22663004
79        2003      6       6  1.559731e-02 0.22019212 0.94692922 1.252827e-03  -0.24843397
80        2004      6       6 -1.195794e-01 0.23058597 0.63141485 6.299806e-02  -0.17125242
81        2005      6       6 -3.236441e-01 0.21634270 0.20899059 3.587640e-01   0.19845502
82        2006      6       6  1.637717e-01 0.23097761 0.51744076 1.116508e-01  -0.11043649
83        2007      6       6 -9.098426e-03 0.24635464 0.97230870 3.408812e-04  -0.24957390
84        2008      6       6  1.767695e-01 0.29567920 0.58214684 8.202460e-02  -0.14746925
85        2009      6       6  1.403758e-01 0.30956498 0.67372797 4.889336e-02  -0.18888330
86        2010      6       6 -8.578519e-02 0.32258536 0.80343728 1.737258e-02  -0.22828428
87        1991      7       7  1.506927e-01 0.17439177 0.42703066 1.299319e-01  -0.04408167
88        1992      7       7  2.105230e-01 0.18448293 0.30549735 2.066297e-01   0.04795567
89        1993      7       7  1.455749e-01 0.18621225 0.46973286 1.089190e-01  -0.06929723
90        1994      7       7  2.625953e-01 0.20932100 0.26510569 2.394044e-01   0.08728528
91        1995      7       7  3.070720e-01 0.19618295 0.17830210 3.288549e-01   0.19462588
92        1996      7       7 -5.483427e-03 0.20270743 0.97946557 1.463293e-04  -0.19982440
93        1997      7       7  6.905060e-03 0.20102360 0.97392755 2.359220e-04  -0.19971689
94        1998      7       7 -2.374121e-01 0.14007280 0.15086162 3.648981e-01   0.23787775
95        1999      7       7 -5.361575e-02 0.18298555 0.78128891 1.688058e-02  -0.17974330
96        2000      7       7 -2.307102e-01 0.18061153 0.25756410 2.460465e-01   0.09525576
97        2001      7       7 -9.910790e-02 0.14531752 0.52553801 8.510979e-02  -0.09786825
98        2002      7       7  5.848990e-02 0.15765641 0.72584043 2.679014e-02  -0.16785183
99        2003      7       7 -7.798654e-02 0.16480776 0.65601036 4.286352e-02  -0.14856377
100       2004      7       7 -1.982158e-01 0.16925180 0.29431582 2.152609e-01   0.05831308
101       2005      7       7 -6.986294e-02 0.21182630 0.75491086 2.129203e-02  -0.17444956
102       2006      7       7  4.549215e-02 0.17702734 0.80743539 1.303538e-02  -0.18435754
103       2007      7       7  1.917169e-01 0.20925480 0.40159649 1.437479e-01  -0.02750247
104       2008      7       7 -1.462248e-02 0.23648127 0.95309100 7.640934e-04  -0.19908309
105       2009      7       7 -7.310983e-10 0.23341742 1.00000000 1.962072e-18  -0.20000000
106       1991      8       8  2.310487e-01 0.13801516 0.14513820 3.183793e-01   0.20477586
107       1992      8       8  1.698238e-01 0.13949872 0.26916012 1.980785e-01   0.06442491
108       1993      8       8  2.691754e-01 0.15606491 0.13533031 3.314627e-01   0.22003982
109       1994      8       8  1.850149e-01 0.16232085 0.29781411 1.779884e-01   0.04098645
110       1995      8       8  1.438554e-01 0.17395969 0.43990820 1.023125e-01  -0.04730203
111       1996      8       8 -4.501827e-02 0.15280362 0.77821542 1.426006e-02  -0.15002993
112       1997      8       8 -4.434130e-02 0.15272743 0.78133727 1.385393e-02  -0.15050375
113       1998      8       8 -8.265761e-02 0.13741618 0.56951230 5.687334e-02  -0.10031444
114       1999      8       8 -1.381012e-01 0.14484932 0.37719521 1.315670e-01  -0.01317187
115       2000      8       8 -2.377506e-01 0.13468124 0.12795632 3.418330e-01   0.23213850
116       2001      8       8 -5.415748e-04 0.12235280 0.99661180 3.265401e-06  -0.16666286
117       2002      8       8 -2.382922e-02 0.12675744 0.85708063 5.855595e-03  -0.15983514
118       2003      8       8 -1.483911e-01 0.12939104 0.29511394 1.797952e-01   0.04309439
119       2004      8       8 -2.870338e-02 0.15966431 0.86324827 5.357547e-03  -0.16041619
120       2005      8       8 -1.099394e-01 0.15957244 0.51658936 7.331166e-02  -0.08113639
121       2006      8       8  1.895506e-01 0.15597433 0.26990977 1.975258e-01   0.06378016
122       2007      8       8  3.953484e-02 0.17901459 0.83253501 8.063357e-03  -0.15725942
123       2008      8       8 -8.935958e-02 0.18146743 0.63991528 3.884430e-02  -0.12134831
124       1991      9       9  1.943842e-01 0.10898168 0.11766697 3.124700e-01   0.21425144
125       1992      9       9  2.638545e-01 0.12092638 0.06545270 4.048062e-01   0.31977848
 [ reached 'max' / getOption("max.print") -- omitted 151 rows ]
[1] "Stability Time"
[1] 14
[1] "Absolute Range"
[1] -1.2965262  0.8870969
[1] "Relative Range"
[1] -1.3010885  0.8825346
[1] "Proportion Significant"
[1] 0.01086957
[1] "Proportion Significantly Wrong"
[1] 0.01086957
[1] "HX"
[1] "Multiple Breakups"
    start_year N_data N_years        slope   slope_se   p_value      r_square adj_r_square
1         1995      3       3 -0.047662652 1.25665750 0.9758658 0.00143647556 -0.997127049
2         1996      3       3 -0.401160691 1.05256531 0.7681869 0.12683393886 -0.746332122
3         1997      3       3  0.270088381 0.66501948 0.7544017 0.14159147028 -0.716817059
4         1998      3       3  1.004887676 1.08925605 0.5256341 0.45977751760 -0.080444965
5         1999      3       3  0.015887558 1.66025554 0.9939082 0.00009156398 -0.999816872
6         2000      3       3 -1.096241102 1.01816775 0.4765039 0.53687415777  0.073748316
7         2001      3       3  0.889702916 0.12841756 0.0912579 0.97959183545  0.959183671
8         2002      3       3 -0.587839427 0.98147703 0.6564577 0.26401388390 -0.471972232
9         2003      3       3 -0.190650628 1.21079409 0.9005747 0.02419354903 -0.951612902
10        2004      3       3  0.095325310 1.04568580 0.9421253 0.00824175785 -0.983516484
11        2005      3       3 -1.016803335 0.40359803 0.2405503 0.86389201260  0.727784025
12        2006      3       3  0.492514117 0.46780681 0.4836245 0.52571116201  0.051422324
13        2007      3       3  0.842040265 0.26600779 0.1947975 0.90925766222  0.818515324
14        2008      3       3 -0.667277187 0.60539705 0.4690705 0.54850745979  0.097014920
15        2009      3       3 -0.317751047 0.80719606 0.7612558 0.13416816099 -0.731663678
16        2010      3       3 -0.079437760 0.66960582 0.9248268 0.01387860837 -0.972242783
17        2011      3       3  0.270088388 0.87140483 0.8086599 0.08764658488 -0.824706830
18        2012      3       3  0.254200830 0.88057752 0.8210876 0.07692307493 -0.846153850
19        2013      3       3 -0.730827396 0.31187121 0.2567749 0.84594882519  0.691897650
20        1995      4       4  0.175557453 0.57658190 0.7895233 0.04430042868 -0.433549357
21        1996      4       4 -0.363030568 0.47123602 0.5216312 0.22883674851 -0.156744877
22        1997      4       4  0.941337463 0.48850994 0.1938169 0.64993115030  0.474896725
23        1998      4       4  0.034158240 0.74256378 0.9674900 0.00105690076 -0.498414649
24        1999      4       4 -0.076260250 0.74439243 0.9277489 0.00522022830 -0.492169658
25        2000      4       4 -0.257378347 0.66475310 0.7359405 0.06972740461 -0.395408893
26        2001      4       4 -0.041307637 0.54057848 0.9460460 0.00291103287 -0.495633451
27        2002      4       4 -0.009532532 0.55148804 0.9877785 0.00014936521 -0.499775952
28        2003      4       4 -0.438496441 0.56007170 0.5156553 0.23458980243 -0.148115296
29        2004      4       4 -0.209715689 0.49970835 0.7155067 0.08093645547 -0.378595317
30        2005      4       4 -0.251023323 0.47754715 0.6515968 0.12138480933 -0.317922786
31        2006      4       4  0.540176774 0.21101157 0.1246876 0.76617179423  0.649257691
32        2007      4       4  0.028597595 0.48447396 0.9582971 0.00173913061 -0.497391304
33        2008      4       4 -0.247845814 0.36323823 0.5654579 0.18882681752 -0.216759774
34        2009      4       4 -0.454383991 0.36950771 0.3438365 0.43055058654  0.145825880
35        2010      4       4  0.362236188 0.39331880 0.4542893 0.29780018510 -0.053299722
36        2011      4       4 -0.041307636 0.42917569 0.9320989 0.00461055797 -0.493084163
37        2012      4       4 -0.031775105 0.42701768 0.9474557 0.00276090579 -0.495858641
38        1995      5       5  0.008738154 0.34654262 0.9814668 0.00021189111 -0.333050812
39        1996      5       5  0.295508470 0.46752435 0.5722236 0.11752077252 -0.176638970
40        1997      5       5  0.315367910 0.45843205 0.5409164 0.13625415861 -0.151661122
41        1998      5       5 -0.033363859 0.43048817 0.9431035 0.00199820563 -0.330669059
42        1999      5       5  0.142987969 0.44802897 0.7705451 0.03283712773 -0.289550496
43        2000      5       5 -0.495691628 0.40771310 0.3110095 0.33007812693  0.106770836
44        2001      5       5  0.162053030 0.33345697 0.6602680 0.07297979658 -0.236026938
45        2002      5       5 -0.235135772 0.34401351 0.5433446 0.13474409537 -0.153674540
46        2003      5       5 -0.463916523 0.32369044 0.2472419 0.40642159998  0.208562133
47        2004      5       5  0.031775104 0.32043004 0.9272629 0.00326711965 -0.328977174
48        2005      5       5  0.028597595 0.31949916 0.9343194 0.00266342260 -0.329782103
49        2006      5       5  0.098502825 0.28260795 0.7504540 0.03891948931 -0.281440681
50        2007      5       5  0.076260250 0.28106153 0.8037370 0.02395209554 -0.301397206
51        2008      5       5 -0.362236188 0.21986903 0.1980104 0.47500000094  0.300000001
52        2009      5       5 -0.034952615 0.32272725 0.9205920 0.00389468283 -0.328140423
53        2010      5       5  0.123922906 0.26551391 0.6724987 0.06769627863 -0.243071628
54        2011      5       5 -0.133455437 0.25343177 0.6349286 0.08461243284 -0.220516756
55        1995      6       6  0.372903546 0.30931115 0.2944124 0.26652016100  0.083150201
56        1996      6       6  0.032909930 0.34155925 0.9278754 0.00231555470 -0.247105557
57        1997      6       6  0.186792220 0.30915873 0.5783082 0.08363058611 -0.145461767
58        1998      6       6  0.110985900 0.29388519 0.7248743 0.03442747214 -0.206965660
59        1999      6       6 -0.141626179 0.33619765 0.6952172 0.04248010050 -0.196899874
60        2000      6       6 -0.220610012 0.31058769 0.5167375 0.11200387140 -0.109995161
61        2001      6       6 -0.048116588 0.24975615 0.8566158 0.00919360977 -0.238507988
62        2002      6       6 -0.311396022 0.22947321 0.2463045 0.31523961433  0.144049518
63        2003      6       6 -0.218794290 0.25481775 0.4389523 0.15562760500 -0.055465494
64        2004      6       6  0.150704781 0.22072268 0.5322401 0.10438142446 -0.119523219
65        2005      6       6 -0.140718317 0.23087747 0.5751198 0.08497856955 -0.143776788
66        2006      6       6  0.112574655 0.18518863 0.5760824 0.08457025551 -0.144287181
67        2007      6       6 -0.098048893 0.20972158 0.6644619 0.05181236649 -0.185234542
68        2008      6       6 -0.088970292 0.21356400 0.6983570 0.04158415870 -0.198019802
69        2009      6       6 -0.091693873 0.21379929 0.6901001 0.04396256480 -0.195046794
70        2010      6       6  0.010894321 0.18566572 0.9560237 0.00086000952 -0.248924988
71        1995      7       7  0.156605872 0.25185628 0.5613203 0.07177815357 -0.113866216
72        1996      7       7  0.007092657 0.24197838 0.9777504 0.00017179883 -0.199793841
73        1997      7       7  0.240015519 0.22075733 0.3265429 0.19121126337  0.029453516
74        1998      7       7 -0.094474194 0.23928129 0.7092522 0.03023469238 -0.163718369
75        1999      7       7 -0.023831329 0.24726431 0.9269627 0.00185437491 -0.197774750
76        2000      7       7 -0.282571465 0.22251314 0.2600067 0.24387567527  0.092650810
77        2001      7       7 -0.152066572 0.18652328 0.4519898 0.11733493839 -0.059198074
78        2002      7       7 -0.165684473 0.18277380 0.4062354 0.14115060708 -0.030619272
79        2003      7       7 -0.066954684 0.20037748 0.7518313 0.02184252794 -0.173788966
80        2004      7       7 -0.006808950 0.18063622 0.9713901 0.00028409085 -0.199659091
81        2005      7       7 -0.070359159 0.16823300 0.6931384 0.03379994340 -0.159440068
82        2006      7       7 -0.027235803 0.15382805 0.8664150 0.00623052930 -0.192523365
83        2007      7       7  0.040853705 0.16859087 0.8181546 0.01160791062 -0.186070507
84        2008      7       7 -0.118021816 0.15194118 0.4724290 0.10767760553 -0.070786873
85        2009      7       7 -0.122561117 0.15222570 0.4573076 0.11476700385 -0.062279595
86        1995      8       8  0.109037784 0.18972088 0.5863633 0.05217935273 -0.105790755
87        1996      8       8  0.088421793 0.18637208 0.6519625 0.03615857212 -0.124481666
88        1997      8       8  0.051539975 0.19726972 0.8026237 0.01124872641 -0.153543153
89        1998      8       8 -0.013334196 0.18439956 0.9447043 0.00087073169 -0.165650813
90        1999      8       8 -0.115752166 0.19178881 0.5682492 0.05723527926 -0.099892174
91        2000      8       8 -0.311320368 0.16667999 0.1110211 0.36766060751  0.262270709
92        2001      8       8 -0.074141911 0.14612454 0.6299875 0.04114189865 -0.118667785
93        2002      8       8 -0.059389183 0.14941641 0.7047725 0.02565543700 -0.136735323
94        2003      8       8 -0.141096594 0.15536578 0.3988017 0.12084691552 -0.025678599
95        2004      8       8  0.018157202 0.13540767 0.8977140 0.00298786184 -0.163180828
96        2005      8       8 -0.138448668 0.13141125 0.3326544 0.15611495588  0.015467449
97        2006      8       8  0.065063309 0.12643519 0.6252332 0.04226962080 -0.117352109
98        2007      8       8 -0.010591702 0.12912281 0.9372923 0.00112017930 -0.165359791
99        2008      8       8 -0.136179018 0.11373442 0.2763268 0.19285714403  0.058333335
100       1995      9       9  0.153712067 0.14920346 0.3371833 0.13165896790  0.007610249
101       1996      9       9 -0.032039897 0.16024275 0.8472074 0.00567876818 -0.136367122
102       1997      9       9  0.087249140 0.15418902 0.5891609 0.04374140435 -0.092866966
103       1998      9       9 -0.088970293 0.14936150 0.5701448 0.04824368036 -0.087721508
104       1999      9       9 -0.172115149 0.15208122 0.2950228 0.15467276567  0.033911732
105       2000      9       9 -0.217129880 0.14009502 0.1651045 0.25548665787  0.149127609
106       2001      9       9 -0.007414191 0.11956431 0.9522882 0.00054901967 -0.142229692
107       2002      9       9 -0.120215811 0.12094813 0.3533578 0.12367751473 -0.001511412
108       2003      9       9 -0.094266143 0.12334564 0.4696947 0.07701257476 -0.054842772
109       2004      9       9 -0.054017677 0.11286074 0.6467955 0.03168859614 -0.106641604
110       2005      9       9 -0.042366805 0.11592494 0.7255560 0.01872366953 -0.121458663
111       2006      9       9  0.019065063 0.10147312 0.8562988 0.00501755112 -0.137122799
112       2007      9       9 -0.046603486 0.10215627 0.6620643 0.02887253949 -0.109859955
113       1995     10      10  0.043281544 0.13502402 0.7567665 0.01268092643 -0.110733958
114       1996     10      10  0.012373033 0.13037592 0.9267261 0.00112455028 -0.123734881
115       1997     10      10  0.007077181 0.13142140 0.9583743 0.00036236070 -0.124592344
116       1998     10      10 -0.139954892 0.12273150 0.2871341 0.13981836622  0.032295662
117       1999     10      10 -0.120360244 0.12494446 0.3636025 0.10393924838 -0.008068346
118       2000     10      10 -0.136536661 0.12105682 0.2920613 0.13719620731  0.029345733
119       2001     10      10 -0.066631431 0.10132181 0.5292446 0.05128587425 -0.067303391
120       2002     10      10 -0.085696493 0.09852009 0.4097278 0.08640524099 -0.027794104
121       2003     10      10 -0.132877709 0.10088945 0.2242903 0.17819367509  0.075467884
122       2004     10      10  0.009243667 0.09715818 0.9265433 0.00113018300 -0.123728544
123       2005     10      10 -0.060468986 0.09306482 0.5340608 0.05012679634 -0.068607354
124       2006     10      10 -0.015791264 0.08341159 0.8545590 0.00446015177 -0.119982329
125       1995     11      11  0.067738745 0.11114724 0.5572961 0.03963429063 -0.067073010
 [ reached 'max' / getOption("max.print") -- omitted 65 rows ]
[1] "Stability Time"
[1] 10
[1] "Absolute Range"
[1] -1.096241  1.004888
[1] "Relative Range"
[1] -1.053396  1.047732
[1] "Proportion Significant"
[1] 0
[1] "Proportion Significantly Wrong"
[1] 0
[1] "TC"
[1] "Multiple Breakups"
    start_year N_data N_years        slope    slope_se     p_value      r_square adj_r_square
1         1991      3       3  0.275670504 0.004174566 0.009639798 0.99977073255  0.999541465
2         1992      3       3  0.764187906 0.286220219 0.228144658 0.87697645613  0.753952912
3         1993      3       3 -0.054361496 0.758809937 0.954470050 0.00510614952 -0.989787701
4         1994      3       3  0.604952024 1.139464776 0.689286315 0.21988621840 -0.560227563
5         1995      3       3 -0.067350521 1.527618831 0.971950513 0.00194003048 -0.996119939
6         1996      3       3 -1.070392251 0.948512419 0.461614306 0.56015007123  0.120300142
7         1997      3       3  0.298266605 0.158316860 0.310654498 0.78019078783  0.560381576
8         1998      3       3  0.695153622 0.387459685 0.323712269 0.76297182838  0.525943657
9         1999      3       3 -0.144322554 0.872131481 0.895596677 0.02665455781 -0.946690884
10        2000      3       3 -0.865935305 0.455508165 0.308285864 0.78326456605  0.566529132
11        2001      3       3  0.279023601 0.205534167 0.404178632 0.64825283702  0.296505674
12        2002      3       3  0.038486010 0.344408610 0.929154701 0.01233298827 -0.975334023
13        2003      3       3  0.490696671 0.605492557 0.566426412 0.39641332768 -0.207173345
14        2004      3       3 -0.115458038 0.955456141 0.923441596 0.01439232340 -0.971215353
15        2005      3       3 -0.865935305 0.522167889 0.345448988 0.73334138264  0.466682765
16        2006      3       3  1.837707145 1.038780807 0.327530033 0.75785253225  0.515705065
17        2007      3       3  0.182808563 1.994236948 0.941804710 0.00833307676 -0.983333846
18        2008      3       3 -1.962786689 0.755476951 0.233908050 0.87096774119  0.741935482
19        2009      3       3 -0.259780591 0.227754078 0.458239975 0.56540848583  0.130816972
20        2010      3       3  0.067350521 0.038884842 0.333333333 0.75000000000  0.500000000
21        2011      3       3  0.365617131 0.211089149 0.333333333 0.75000000000  0.500000000
22        2012      3       3 -0.057729019 0.455508163 0.919745579 0.01580796162 -0.968384077
23        2013      3       3 -0.423346150 0.244419014 0.333333333 0.75000000000  0.500000000
24        1991      4       4  0.570227058 0.170072552 0.078609436 0.84896057151  0.773440857
25        1992      4       4  0.173908673 0.364043396 0.679970549 0.10241884979 -0.346371725
26        1993      4       4  0.604086089 0.509584385 0.357599638 0.41267822529  0.119017338
27        1994      4       4 -0.193151680 0.687021957 0.805017209 0.03801828879 -0.442972567
28        1995      4       4 -0.139992873 0.684458055 0.856863964 0.02048792485 -0.469268113
29        1996      4       4 -0.577771277 0.510712218 0.375327129 0.39021619545  0.085324293
30        1997      4       4  0.591241384 0.183369170 0.084215649 0.83866097753  0.757991466
31        1998      4       4  0.057247944 0.407021153 0.901032958 0.00979447538 -0.485308287
32        1999      4       4 -0.275174997 0.397278389 0.560145727 0.19347178151 -0.209792328
33        2000      4       4 -0.336752619 0.367208809 0.455920572 0.29602242413 -0.055966364
34        2001      4       4  0.063501922 0.154699892 0.721248389 0.07770246059 -0.383446309
35        2002      4       4  0.429119049 0.273108370 0.256728606 0.55245236483  0.328678547
36        2003      4       4 -0.082744929 0.427710186 0.864465213 0.01836967842 -0.472445482
37        2004      4       4 -0.234764682 0.432809403 0.641888270 0.12824401084 -0.307633984
38        2005      4       4  0.575365902 0.864280963 0.574096112 0.18139412197 -0.227908817
39        2006      4       4  0.484923769 0.908746793 0.646970175 0.12463005767 -0.313054913
40        2007      4       4 -0.413724645 0.956040528 0.707393610 0.08561849966 -0.371572251
41        2008      4       4 -1.202687923 0.553834328 0.162031991 0.70219038476  0.553285577
42        2009      4       4 -0.142398251 0.122340734 0.364520012 0.40383481456  0.105752222
43        2010      4       4  0.259780591 0.112452287 0.147122684 0.72739971611  0.591099574
44        2011      4       4  0.038486015 0.211147614 0.872172498 0.01633987028 -0.475490195
45        2012      4       4 -0.119306641 0.206788471 0.622260075 0.14268745112 -0.285968823
46        1991      5       5  0.241361185 0.213757990 0.340973113 0.29823595471  0.064314606
47        1992      5       5  0.536783673 0.296763576 0.168193567 0.52166305189  0.362217403
48        1993      5       5  0.072305598 0.425231990 0.875800389 0.00954564323 -0.320605809
49        1994      5       5 -0.199646195 0.396670034 0.649379658 0.07786404941 -0.229514601
50        1995      5       5 -0.121712016 0.395312964 0.778306249 0.03063041874 -0.292492775
51        1996      5       5 -0.090442131 0.407560493 0.838631295 0.01614972632 -0.311800365
52        1997      5       5  0.200608345 0.249144151 0.479613399 0.17770612573 -0.096391832
53        1998      5       5 -0.097177184 0.251338642 0.724817541 0.04746461402 -0.270047181
54        1999      5       5 -0.119306642 0.246390653 0.661381311 0.07249000523 -0.236679993
55        2000      5       5 -0.275174998 0.214968302 0.290527893 0.35325110626  0.137668142
56        2001      5       5  0.315585311 0.170761131 0.161728187 0.53238321371  0.376510952
57        2002      5       5  0.067350523 0.261702533 0.813547056 0.02160036641 -0.304532845
58        2003      5       5 -0.173187061 0.252399011 0.541884176 0.13565112551 -0.152465166
59        2004      5       5  0.515712582 0.500180002 0.378359824 0.26164247882  0.015523305
60        2005      5       5  0.094290732 0.571085196 0.879357553 0.00900505559 -0.321326593
61        2006      5       5 -0.013470105 0.598391507 0.983454261 0.00016887934 -0.333108161
62        2007      5       5 -0.423346149 0.551998208 0.498950000 0.16392332191 -0.114768904
63        2008      5       5 -0.810130585 0.391932701 0.130614982 0.58748989080  0.449986521
64        2009      5       5  0.055804720 0.134476358 0.706049501 0.05428608394 -0.260951888
65        2010      5       5  0.076972027 0.123914605 0.578489352 0.11396011366 -0.181386515
66        2011      5       5 -0.034637411 0.129009496 0.805728358 0.02346465683 -0.302047124
67        1991      6       6  0.481285467 0.196901950 0.070879889 0.59897954731  0.498724434
68        1992      6       6  0.176169727 0.284765109 0.569637767 0.08732620754 -0.140842241
69        1993      6       6 -0.008178278 0.282231228 0.978270882 0.00020987583 -0.249737655
70        1994      6       6 -0.169544634 0.260262392 0.550296805 0.09591659815 -0.130104252
71        1995      6       6  0.096077585 0.287723183 0.755209726 0.02712024573 -0.216099693
72        1996      6       6 -0.174699011 0.271209334 0.554556887 0.09398274188 -0.132521573
73        1997      6       6  0.049344568 0.185012276 0.802877808 0.01747278770 -0.228159015
74        1998      6       6 -0.036699163 0.168203838 0.837965831 0.01176095339 -0.235298808
75        1999      6       6 -0.137450049 0.161640322 0.443038692 0.15309621896 -0.058629726
76        2000      6       6  0.001649400 0.212952551 0.994191033 0.00001499753 -0.249981253
77        2001      6       6  0.089617432 0.171806182 0.629485109 0.06368942785 -0.170388215
78        2002      6       6 -0.040135415 0.182217365 0.836452795 0.01198340492 -0.235020744
79        2003      6       6  0.345274521 0.341910893 0.369698129 0.20315109887  0.003938874
80        2004      6       6  0.189131266 0.377851558 0.642979507 0.05894401270 -0.176319984
81        2005      6       6 -0.150095453 0.399602002 0.726275418 0.03406949155 -0.207413136
82        2006      6       6 -0.134701048 0.397942934 0.752013101 0.02784678612 -0.215191517
83        2007      6       6 -0.365617129 0.362901447 0.370700229 0.20239639930  0.002995499
84        2008      6       6 -0.477776368 0.320395326 0.210171925 0.35729591707  0.196619896
85        2009      6       6 -0.016494005 0.097430014 0.873784326 0.00711387433 -0.241107657
86        2010      6       6  0.013745005 0.088956131 0.884687000 0.00593326273 -0.242583422
87        1991      7       7  0.224699559 0.203299365 0.319370474 0.19634943170  0.035619318
88        1992      7       7  0.089840788 0.207436284 0.682988233 0.03615872996 -0.156609524
89        1993      7       7 -0.033469086 0.200101078 0.873719069 0.00556410921 -0.193323069
90        1994      7       7  0.005755722 0.210027763 0.979197204 0.00015017959 -0.199819784
91        1995      7       7 -0.013745004 0.213102437 0.951071807 0.00083134584 -0.199002385
92        1996      7       7 -0.194320005 0.192108248 0.358188168 0.16987078631  0.003844944
93        1997      7       7  0.058072646 0.130920450 0.675888593 0.03786133370 -0.154566400
94        1998      7       7 -0.070958588 0.120571563 0.581763367 0.06478320700 -0.122260152
95        1999      7       7  0.035737012 0.151860845 0.823289203 0.01095446392 -0.186854643
96        2000      7       7 -0.089342532 0.159481154 0.599507923 0.05905952118 -0.129128575
97        2001      7       7  0.003436251 0.131279908 0.980130315 0.00013700732 -0.199835591
98        2002      7       7  0.315447860 0.242380017 0.249838323 0.25303987444  0.103647849
99        2003      7       7  0.142948050 0.268508590 0.617263216 0.05364440715 -0.135626711
100       2004      7       7 -0.017868506 0.292692447 0.953685495 0.00074483462 -0.199106198
101       2005      7       7 -0.206862323 0.284455689 0.499699654 0.09565300971 -0.085216388
102       2006      7       7 -0.163565558 0.281881197 0.586903320 0.06309256539 -0.124288922
103       2007      7       7 -0.227479830 0.268718008 0.435885033 0.12535812992 -0.049570244
104       2008      7       7 -0.398605140 0.231118895 0.145184389 0.37300193324  0.247602320
105       2009      7       7 -0.040547764 0.070279192 0.588973241 0.06241930746 -0.125096831
106       1991      8       8  0.146770422 0.158068906 0.388964214 0.12563880963 -0.020088055
107       1992      8       8  0.048388144 0.156455185 0.767568732 0.01569198138 -0.148359355
108       1993      8       8  0.072636624 0.161237393 0.668174583 0.03271762655 -0.128496102
109       1994      8       8 -0.059590323 0.161027473 0.724046865 0.02231511712 -0.140632363
110       1995      8       8 -0.064773335 0.161546318 0.702339391 0.02609537620 -0.136222061
111       1996      8       8 -0.133383817 0.147447751 0.400531008 0.12001949208 -0.026643926
112       1997      8       8  0.010366024 0.101395039 0.921902035 0.00173893719 -0.164637907
113       1998      8       8  0.048966579 0.113447808 0.681094410 0.03011455883 -0.131533015
114       1999      8       8 -0.042609515 0.121893905 0.738609470 0.01995915433 -0.143380987
115       2000      8       8 -0.116603458 0.119907680 0.368385542 0.13614953968 -0.007825537
116       2001      8       8  0.270318428 0.182528646 0.189119048 0.26769036506  0.145638759
117       2002      8       8  0.164710974 0.200528521 0.442833489 0.10107944097 -0.048740652
118       2003      8       8 -0.007788836 0.218237674 0.972687532 0.00021224733 -0.166419045
119       2004      8       8 -0.091404282 0.222252827 0.695165971 0.02741663083 -0.134680597
120       2005      8       8 -0.213276659 0.212053093 0.353350005 0.14427196450  0.001650625
121       2006      8       8 -0.101025786 0.213181904 0.652327367 0.03607896013 -0.124574547
122       2007      8       8 -0.221523661 0.200320096 0.311149962 0.16930880931  0.030860278
123       2008      8       8 -0.332400033 0.176455555 0.108587388 0.37163262101  0.266904725
124       1991      9       9  0.102222380 0.125111857 0.440818207 0.08706376485 -0.043355697
125       1992      9       9  0.116901267 0.127481833 0.389640757 0.10724478705 -0.020291672
 [ reached 'max' / getOption("max.print") -- omitted 151 rows ]
[1] "Stability Time"
[1] 12
[1] "Absolute Range"
[1] -1.962787  1.837707
[1] "Relative Range"
[1] -1.950337  1.850157
[1] "Proportion Significant"
[1] 0.003623188
[1] "Proportion Significantly Wrong"
[1] 0.003623188
[1] "TX"
[1] "Multiple Breakups"
    start_year N_data N_years         slope   slope_se    p_value     r_square   adj_r_square
1         1995      3       3 -1.581300e-01 2.12790799 0.95277805 5.492006e-03 -0.98901598847
2         1996      3       3 -1.561533e+00 1.31765259 0.44620366 5.841014e-01  0.16820276677
3         1997      3       3  1.824577e-01 0.31075884 0.66201419 2.563555e-01 -0.48728904584
4         1998      3       3  2.113468e-01 0.32743799 0.63510600 2.940911e-01 -0.41181783277
5         1999      3       3  2.432769e-02 0.43541352 0.96446734 3.112033e-03 -0.99377593487
6         2000      3       3 -3.892430e-01 0.19663836 0.29780067 7.966805e-01  0.59336098674
7         2001      3       3  6.325199e-01 0.39327672 0.35413079 7.211949e-01  0.44238976415
8         2002      3       3 -1.946215e-01 0.87082703 0.86002186 4.757185e-02 -0.90485629139
9         2003      3       3  3.649153e-01 1.19387577 0.81115458 8.544304e-02 -0.82911392350
10        2004      3       3  2.432769e-02 1.39051413 0.98886318 3.059976e-04 -0.99938800475
11        2005      3       3 -1.119074e+00 0.73037106 0.36811944 7.012815e-01  0.40256297219
12        2006      3       3  8.879606e-01 0.42839072 0.28616308 8.111934e-01  0.62238684513
13        2007      3       3  2.554407e-01 0.79357625 0.80174870 9.388306e-02 -0.81223388899
14        2008      3       3 -1.009599e+00 0.06320519 0.03980316 9.960960e-01  0.99219201847
15        2009      3       3 -2.554407e-01 0.37220833 0.61709781 3.201839e-01 -0.35963212743
16        2010      3       3  4.987176e-01 0.06320519 0.08025443 9.841920e-01  0.96838407175
17        2011      3       3  4.014069e-01 0.11938758 0.18404090 9.187289e-01  0.83745781873
18        2012      3       3 -3.770792e-01 0.33007154 0.45774306 5.661822e-01  0.13236448968
19        2013      3       3 -6.325199e-01 0.18259277 0.17891238 9.230769e-01  0.84615384615
20        1995      4       4 -2.630431e-01 0.95355514 0.80854909 3.665345e-02 -0.44501982576
21        1996      4       4 -9.715870e-01 0.68062761 0.28959811 5.046708e-01  0.25700625960
22        1997      4       4  3.074412e-01 0.15659237 0.18858759 6.583901e-01  0.48758514558
23        1998      4       4 -1.429252e-02 0.19599530 0.94850424 2.651814e-03 -0.49602227964
24        1999      4       4 -7.298306e-02 0.20266585 0.75323473 6.089310e-02 -0.40866035094
25        2000      4       4  1.556972e-01 0.32668018 0.68063809 1.019920e-01 -0.34701195105
26        2001      4       4  6.206335e-17 0.40533170 1.00000000 2.063156e-32 -0.50000000000
27        2002      4       4  4.427639e-01 0.53580594 0.49549441 2.545259e-01 -0.11821115820
28        2003      4       4 -2.530080e-01 0.64214038 0.73161626 7.202983e-02 -0.39195524921
29        2004      4       4 -1.800249e-01 0.63295016 0.80283134 3.887548e-02 -0.44168678180
30        2005      4       4 -1.678610e-01 0.63897589 0.81736506 3.335552e-02 -0.44996672057
31        2006      4       4  3.600498e-01 0.36000047 0.42259701 3.333942e-01  0.00009132502
32        2007      4       4 -2.286803e-01 0.45174886 0.66299368 1.135733e-01 -0.32964010542
33        2008      4       4 -5.789990e-01 0.25020882 0.14672866 7.280720e-01  0.59210797275
34        2009      4       4  6.811753e-02 0.25020882 0.81096609 3.573382e-02 -0.44639927109
35        2010      4       4  4.184362e-01 0.05428946 0.01641996 9.674297e-01  0.95114453908
36        2011      4       4 -2.432769e-02 0.25152994 0.93176883 4.655493e-03 -0.49301676062
37        2012      4       4 -4.160035e-01 0.14931335 0.10829794 7.951326e-01  0.69269884293
38        1995      5       5 -3.025756e-01 0.55100823 0.62114728 9.133443e-02 -0.21155409653
39        1996      5       5 -5.035831e-01 0.47689328 0.36850171 2.709713e-01  0.02796176416
40        1997      5       5  1.249835e-01 0.13881879 0.43429810 2.127233e-01 -0.04970230664
41        1998      5       5 -6.629295e-02 0.11707292 0.61081404 9.656053e-02 -0.20458596619
42        1999      5       5  1.848904e-01 0.18936049 0.40087891 2.411490e-01 -0.01180138076
43        2000      5       5 -1.070418e-01 0.24204114 0.68825132 6.120384e-02 -0.25172820775
44        2001      5       5  3.600498e-01 0.31301205 0.33340450 3.060586e-01  0.07474476518
45        2002      5       5  4.865538e-03 0.39951763 0.99104779 4.943644e-05 -0.33326741808
46        2003      5       5 -2.967978e-01 0.37160096 0.48284831 1.753534e-01 -0.09952874764
47        2004      5       5  1.411006e-01 0.40977534 0.75331723 3.801989e-02 -0.28264014476
48        2005      5       5 -1.678610e-01 0.36891290 0.68000802 6.455768e-02 -0.24725642220
49        2006      5       5  2.432770e-03 0.29296773 0.99389587 2.298429e-05 -0.33330268761
50        2007      5       5 -2.019198e-01 0.26127454 0.49592984 1.660320e-01 -0.11195732575
51        2008      5       5 -2.554407e-01 0.23614572 0.35857663 2.805915e-01  0.04078862524
52        2009      5       5  1.581300e-01 0.15352166 0.37877547 2.612540e-01  0.01500536057
53        2010      5       5  1.289367e-01 0.17005617 0.50345424 1.608083e-01 -0.11892221973
54        2011      5       5 -1.678610e-01 0.16720161 0.38937462 2.514790e-01  0.00197196587
55        1995      6       6 -1.594332e-01 0.37006556 0.68879638 4.434470e-02 -0.19456912654
56        1996      6       6 -4.021888e-01 0.31764089 0.27416830 2.861220e-01  0.10765245750
57        1997      6       6  4.804718e-02 0.10115294 0.65956335 5.339349e-02 -0.18325813747
58        1998      6       6  1.159909e-01 0.13019153 0.42331592 1.655798e-01 -0.04302519555
59        1999      6       6 -1.112123e-02 0.16785205 0.95035329 1.096266e-03 -0.24862966759
60        2000      6       6  1.807200e-01 0.22958588 0.47521063 1.341270e-01 -0.08234126956
61        2001      6       6  7.089783e-02 0.26430960 0.80178139 1.767004e-02 -0.22791245317
62        2002      6       6 -1.000911e-01 0.26847366 0.72820037 3.358093e-02 -0.20802383848
63        2003      6       6 -3.405876e-02 0.28668948 0.91116088 3.515965e-03 -0.24560504332
64        2004      6       6  5.282584e-02 0.27305934 0.85602593 9.269879e-03 -0.23841265075
65        2005      6       6 -2.724701e-01 0.24894749 0.33522491 2.304591e-01  0.03807390797
66        2006      6       6 -4.448492e-02 0.19369584 0.82961911 1.301474e-02 -0.23373157093
67        2007      6       6 -7.854368e-02 0.18528371 0.69343419 4.299351e-02 -0.19625811675
68        2008      6       6 -9.870091e-02 0.17913214 0.61096489 7.054461e-02 -0.16181924327
69        2009      6       6  2.571784e-02 0.12627462 0.84855632 1.026352e-02 -0.23717059619
70        2010      6       6 -1.737692e-02 0.13974905 0.90704137 3.850459e-03 -0.24518692687
71        1995      7       7 -1.694250e-01 0.26173944 0.54597616 7.732094e-02 -0.10721486606
72        1996      7       7 -3.280980e-01 0.22864314 0.21076383 2.917007e-01  0.15004088753
73        1997      7       7  1.561751e-01 0.09493773 0.16088391 3.511644e-01  0.22139723466
74        1998      7       7 -1.379293e-02 0.11869935 0.91201645 2.693241e-03 -0.19676811091
75        1999      7       7  1.807200e-01 0.16234173 0.31625379 1.986191e-01  0.03834288187
76        2000      7       7  8.688461e-03 0.19031496 0.96535403 4.166667e-04 -0.19949999992
77        2001      7       7 -2.432769e-02 0.19481380 0.90548659 3.109137e-03 -0.19626903570
78        2002      7       7  4.778653e-02 0.20815454 0.82751982 1.043075e-02 -0.18748310400
79        2003      7       7 -5.647499e-02 0.20313278 0.79212704 1.522369e-02 -0.18173157320
80        2004      7       7 -8.080268e-02 0.20792521 0.71355865 2.931864e-02 -0.16481762775
81        2005      7       7 -2.389327e-01 0.17709418 0.23515273 2.668942e-01  0.12027301790
82        2006      7       7  8.688460e-03 0.14036207 0.95304041 7.657437e-04 -0.19908110751
83        2007      7       7 -5.213075e-03 0.13768619 0.97126290 2.866241e-04 -0.19965605108
84        2008      7       7 -1.338023e-01 0.12827651 0.34469675 1.787135e-01  0.01445623216
85        2009      7       7 -5.821268e-02 0.10159110 0.59144363 6.162146e-02 -0.12605425012
86        1995      8       8 -1.635241e-01 0.19511881 0.43409830 1.047941e-01 -0.04440690811
87        1996      8       8 -1.604107e-01 0.19600042 0.44439809 1.004244e-01 -0.04950491889
88        1997      8       8  4.630225e-02 0.09503331 0.64338952 3.805835e-02 -0.12226525600
89        1998      8       8  1.360106e-01 0.12372504 0.31377904 1.676441e-01  0.02891806051
90        1999      8       8  4.691768e-02 0.14355926 0.75490603 1.749026e-02 -0.14626135935
91        2000      8       8 -5.155153e-02 0.14605383 0.73618570 2.034139e-02 -0.14293504029
92        2001      8       8  7.385191e-02 0.15587737 0.65240317 3.606243e-02 -0.12459382951
93        2002      8       8  1.216384e-02 0.15650648 0.94057701 1.005747e-03 -0.16549329501
94        2003      8       8 -1.361192e-01 0.15823479 0.42269533 1.097930e-01 -0.03857483589
95        2004      8       8 -9.731075e-02 0.15527110 0.55392761 6.144000e-02 -0.09498666714
96        2005      8       8 -1.543650e-01 0.14073885 0.31477863 1.670150e-01  0.02818416136
97        2006      8       8  4.633845e-02 0.10685406 0.67969269 3.039110e-02 -0.13121038780
98        2007      8       8 -5.328922e-02 0.10631263 0.63405076 4.019222e-02 -0.11977574015
99        2008      8       8 -1.636327e-01 0.09715044 0.14310260 3.210321e-01  0.20787077046
100       1995      9       9 -6.228902e-02 0.16204625 0.71209987 2.067166e-02 -0.11923239212
101       1996      9       9 -1.849918e-01 0.15248315 0.26440048 1.737334e-01  0.05569534655
102       1997      9       9  1.541260e-01 0.09640602 0.15391570 2.674682e-01  0.16282080084
103       1998      9       9  3.791065e-02 0.11132205 0.74343467 1.629768e-02 -0.12423122721
104       1999      9       9 -8.920152e-03 0.11577929 0.94074408 8.472598e-04 -0.14188884595
105       2000      9       9  3.243692e-02 0.12308690 0.79973225 9.823585e-03 -0.13163018870
106       2001      9       9  4.014069e-02 0.12230073 0.75234998 1.515587e-02 -0.12553614480
107       2002      9       9 -6.527930e-02 0.12921189 0.62892510 3.517987e-02 -0.10265157339
108       2003      9       9 -1.382624e-01 0.12257438 0.29649796 1.538081e-01  0.03292358091
109       2004      9       9 -5.798099e-02 0.12239722 0.65012395 3.106177e-02 -0.10735797516
110       2005      9       9 -9.163429e-02 0.11487457 0.45125740 8.332681e-02 -0.04762650617
111       2006      9       9 -2.432768e-03 0.08742741 0.97857750 1.106013e-04 -0.14273074137
112       2007      9       9 -9.325614e-02 0.08552121 0.31162440 1.452020e-01  0.02308802168
113       1995     10      10 -1.002411e-01 0.13111211 0.46649316 6.809102e-02 -0.04839760444
114       1996     10      10 -5.471887e-02 0.14301459 0.71197362 1.797001e-02 -0.10478373987
115       1997     10      10  7.056873e-02 0.09078390 0.45933296 7.022546e-02 -0.04599635930
116       1998     10      10 -6.137212e-03 0.09237390 0.94865884 5.514602e-04 -0.12437960726
117       1999     10      10  5.204651e-02 0.09883994 0.61277288 3.349891e-02 -0.08731372953
118       2000     10      10  1.238501e-02 0.09886952 0.90340351 1.957612e-03 -0.12279768673
119       2001     10      10 -2.830858e-02 0.10526232 0.79478632 8.959664e-03 -0.11492037837
120       2002     10      10 -7.991277e-02 0.10342110 0.46192009 6.944874e-02 -0.04687016870
121       2003     10      10 -9.863772e-02 0.10042113 0.35474970 1.076206e-01 -0.00392683553
122       2004     10      10 -2.418025e-02 0.09957029 0.81423522 7.317827e-03 -0.11676744495
123       2005     10      10 -1.064521e-01 0.09203668 0.28079331 1.432658e-01  0.03617400125
124       2006     10      10 -4.437960e-02 0.07382811 0.56439938 4.321624e-02 -0.07638172459
125       1995     11      11 -5.805471e-03 0.12013724 0.96251367 2.593968e-04 -0.11082289249
 [ reached 'max' / getOption("max.print") -- omitted 65 rows ]
[1] "Stability Time"
[1] 10
[1] "Absolute Range"
[1] -1.5615335  0.8879606
[1] "Relative Range"
[1] -1.5123923  0.9371018
[1] "Proportion Significant"
[1] 0.01052632
[1] "Proportion Significantly Wrong"
[1] 0.01052632
[1] "Cary Forest"
[1] "Multiple Breakups"
    start_year N_data N_years        slope    slope_se    p_value       r_square adj_r_square
1         1991      3       3  0.118877382 0.009807053 0.05240070 0.993240215460  0.986480431
2         1992      3       3  0.334497652 0.134295474 0.24305193 0.861185918572  0.722371837
3         1993      3       3  0.169222591 0.229717074 0.59580598 0.351770239911 -0.296459520
4         1994      3       3  1.256135136 0.857246325 0.38123873 0.682251736434  0.364503473
5         1995      3       3 -0.035751248 1.603117277 0.98580504 0.000497090998 -0.999005818
6         1996      3       3 -0.920967148 1.092037638 0.55397196 0.415626693894 -0.168746612
7         1997      3       3  0.387305228 0.336706230 0.45558077 0.569547329958  0.139094660
8         1998      3       3  0.858402459 0.608694343 0.39267228 0.665413592814  0.330827186
9         1999      3       3  0.035751252 1.083652239 0.97900461 0.001087251993 -0.997825496
10        2000      3       3 -1.102330272 0.426580565 0.23506085 0.869751208661  0.739502417
11        2001      3       3  0.390284501 0.435180977 0.53459121 0.445771136549 -0.108457727
12        2002      3       3 -0.181735533 0.765436898 0.85159701 0.053363482718 -0.893273035
13        2003      3       3  0.434973566 1.121494062 0.76445693 0.130759100796 -0.738481798
14        2004      3       3 -0.038730521 1.394987244 0.98232938 0.000770249723 -0.998459501
15        2005      3       3 -1.161915692 0.746515983 0.36355807 0.707819365762  0.415638732
16        2006      3       3  1.167874230 0.598588856 0.30152457 0.791951841486  0.583903683
17        2007      3       3  0.306864915 1.095692816 0.82615905 0.072731470012 -0.854537060
18        2008      3       3 -1.272148716 0.184048871 0.09146869 0.979498098312  0.958996197
19        2009      3       3 -0.154922094 0.460982219 0.79360078 0.101481188010 -0.797037624
20        2010      3       3  0.137046466 0.292414093 0.72098669 0.180095326868 -0.639809346
21        2011      3       3  0.434973569 0.464422386 0.52083732 0.467292182230 -0.065415636
22        2012      3       3 -0.107253757 0.777477478 0.91272852 0.018675069605 -0.962649861
23        2013      3       3 -0.741838481 0.411099818 0.32215134 0.765054046326  0.530108093
24        1991      4       4  0.251646807 0.076779830 0.08182801 0.843039805789  0.764559709
25        1992      4       4  0.188811299 0.103353242 0.20925008 0.625285443457  0.437928165
26        1993      4       4  0.900946447 0.434772646 0.17402011 0.682242786051  0.523364179
27        1994      4       4  0.184044468 0.728079931 0.82404582 0.030959873585 -0.453560190
28        1995      4       4 -0.011544674 0.717072047 0.98861650 0.000129584023 -0.499805624
29        1996      4       4 -0.514296657 0.541882094 0.44274798 0.310529811654 -0.034205283
30        1997      4       4  0.786602026 0.275354671 0.10380673 0.803162371749  0.704743558
31        1998      4       4  0.153953829 0.489405474 0.78286993 0.047145468359 -0.429281797
32        1999      4       4 -0.271709515 0.516111561 0.65112892 0.121711033935 -0.317433449
33        2000      4       4 -0.354533250 0.472010937 0.53093663 0.220020447561 -0.169969329
34        2001      4       4 -0.103678632 0.345267561 0.79229710 0.043140496552 -0.435289255
35        2002      4       4  0.453445046 0.501660760 0.46145737 0.290028169113 -0.064957746
36        2003      4       4 -0.237745825 0.634350255 0.74382914 0.065623511738 -0.401564732
37        2004      4       4 -0.229403867 0.633495586 0.75194282 0.061532362176 -0.407701457
38        2005      4       4 -0.022642461 0.737634770 0.97829974 0.000470901341 -0.499293648
39        2006      4       4  0.443911379 0.496355847 0.46551432 0.285674947407 -0.071487579
40        2007      4       4 -0.260984138 0.589569955 0.70127814 0.089234747070 -0.366147879
41        2008      4       4 -0.665569142 0.359751382 0.20552736 0.631186782058  0.446780173
42        2009      4       4 -0.139429883 0.206351458 0.56889333 0.185852964956 -0.221220553
43        2010      4       4  0.417097941 0.207952262 0.18272469 0.667938932779  0.501908399
44        2011      4       4 -0.051243461 0.349199032 0.89678927 0.010652455460 -0.484021317
45        2012      4       4 -0.218678493 0.353599684 0.59933519 0.160532291869 -0.259201562
46        1991      5       5  0.182139520 0.059795221 0.05560081 0.755669483345  0.674225978
47        1992      5       5  0.670097633 0.284205576 0.09959909 0.649499261587  0.532665682
48        1993      5       5  0.304615564 0.426082064 0.52627013 0.145570293872 -0.139239608
49        1994      5       5  0.126916945 0.421649119 0.78306960 0.029315261584 -0.294246318
50        1995      5       5 -0.043571838 0.414414470 0.92289975 0.003671329035 -0.328438228
51        1996      5       5  0.052435170 0.452703423 0.91510797 0.004452036726 -0.327397284
52        1997      5       5  0.340903084 0.302471895 0.34172544 0.297466271706  0.063288362
53        1998      5       5 -0.090420875 0.315825223 0.79328080 0.026595960188 -0.297872053
54        1999      5       5 -0.050051753 0.324295805 0.88714032 0.007877707970 -0.322829723
55        2000      5       5 -0.435569422 0.276502673 0.21327092 0.452705588797  0.270274118
56        2001      5       5  0.293756120 0.303953983 0.40510931 0.237422095312 -0.016770540
57        2002      5       5 -0.001191708 0.390878539 0.99775882 0.000003098373 -0.333329202
58        2003      5       5 -0.298522954 0.367919423 0.47654431 0.179955864376 -0.093392181
59        2004      5       5  0.219274346 0.448192219 0.65820874 0.073890421446 -0.234812771
60        2005      5       5 -0.108445465 0.428745150 0.81665852 0.020880401122 -0.305492799
61        2006      5       5  0.019663189 0.376986142 0.96168087 0.000906029232 -0.332125294
62        2007      5       5 -0.193652615 0.342600966 0.61142087 0.096249175234 -0.205001100
63        2008      5       5 -0.485025319 0.232391286 0.12813019 0.592170363873  0.456227152
64        2009      5       5  0.139429883 0.200286206 0.53641972 0.139076279305 -0.147898294
65        2010      5       5  0.098911797 0.219458853 0.68278234 0.063418271261 -0.248775638
66        2011      5       5 -0.144196716 0.208630672 0.53914690 0.137360677911 -0.150185763
67        1991      6       6  0.527821696 0.203382396 0.06035119 0.627392517505  0.534240647
68        1992      6       6  0.310103807 0.278954184 0.32859255 0.236028979906  0.045036225
69        1993      6       6  0.229361307 0.282299718 0.46210624 0.141652032503 -0.072934959
70        1994      6       6  0.064479937 0.278377996 0.82819432 0.013235276683 -0.233455904
71        1995      6       6  0.226743805 0.312984710 0.50889139 0.115990295951 -0.105012130
72        1996      6       6 -0.056159258 0.302923277 0.86194343 0.008519257124 -0.239350929
73        1997      6       6  0.112935651 0.237766119 0.65956930 0.053391554448 -0.183260557
74        1998      6       6  0.016109344 0.215710449 0.94405468 0.001392349425 -0.248259563
75        1999      6       6 -0.194929446 0.228185048 0.44110384 0.154291269413 -0.057135913
76        2000      6       6 -0.056861516 0.283852854 0.85100263 0.009932422531 -0.237584472
77        2001      6       6  0.014640989 0.256053288 0.95714459 0.000816705140 -0.248979119
78        2002      6       6 -0.112190834 0.263792842 0.69250136 0.043263446779 -0.195920692
79        2003      6       6  0.041709794 0.310804683 0.89972633 0.004482187500 -0.244397266
80        2004      6       6  0.088867398 0.302916631 0.78382881 0.021063627590 -0.223670466
81        2005      6       6 -0.253663645 0.292934242 0.43537235 0.157868688590 -0.052664139
82        2006      6       6 -0.012427817 0.247489855 0.96235818 0.000630000920 -0.249212499
83        2007      6       6 -0.199526035 0.224310613 0.42399257 0.165140279025 -0.043574651
84        2008      6       6 -0.187098219 0.229634833 0.46093524 0.142337744158 -0.072077820
85        2009      6       6 -0.008512203 0.156485068 0.95922793 0.000739191580 -0.249076011
86        2010      6       6 -0.010384888 0.156916728 0.95040958 0.001093779680 -0.248632775
87        1991      7       7  0.293395310 0.197486142 0.19750928 0.306245096815  0.167494116
88        1992      7       7  0.252291053 0.200054551 0.26290880 0.241320903763  0.089585085
89        1993      7       7  0.156922460 0.203950225 0.47640283 0.105865550684 -0.072961339
90        1994      7       7  0.240203725 0.221450004 0.32756891 0.190485783369  0.028582940
91        1995      7       7  0.101720825 0.232787377 0.68036120 0.036783642787 -0.155859629
92        1996      7       7 -0.127869247 0.218163616 0.58325632 0.064289364278 -0.122852763
93        1997      7       7  0.141994184 0.168961031 0.43901326 0.123770183206 -0.051475780
94        1998      7       7 -0.109089200 0.168790968 0.54657652 0.077099241950 -0.107480910
95        1999      7       7  0.028941489 0.206737208 0.89413107 0.003904231356 -0.195314922
96        2000      7       7 -0.178543455 0.212653990 0.43942200 0.123563761554 -0.051723486
97        2001      7       7 -0.072566530 0.187927362 0.71527663 0.028957489729 -0.165251012
98        2002      7       7  0.096400697 0.222028843 0.68225403 0.036332780649 -0.156400663
99        2003      7       7 -0.011704279 0.221925205 0.95998154 0.000555986865 -0.199332816
100       2004      7       7 -0.069374453 0.232864919 0.77774851 0.017441325964 -0.179070409
101       2005      7       7 -0.209400191 0.208706299 0.36175914 0.167590711038  0.001108853
102       2006      7       7 -0.062139081 0.177339648 0.74032012 0.023966934805 -0.171239678
103       2007      7       7 -0.047455530 0.181290113 0.80394345 0.013518987040 -0.183777216
104       2008      7       7 -0.216422758 0.163256611 0.24228845 0.260067639020  0.112081167
105       2009      7       7 -0.063628717 0.115136433 0.60430721 0.057565459477 -0.130921449
106       1991      8       8  0.252142834 0.149111883 0.14179717 0.322750133493  0.209875156
107       1992      8       8  0.190854229 0.153272657 0.25948474 0.205351552488  0.072910145
108       1993      8       8  0.273053735 0.166145147 0.15139202 0.310422282317  0.195492663
109       1994      8       8  0.139972536 0.174909308 0.45407198 0.096441678276 -0.054151375
110       1995      8       8  0.010861926 0.181265868 0.95416330 0.000598095490 -0.165968889
111       1996      8       8 -0.051755967 0.168442708 0.76902964 0.015491190007 -0.148593612
112       1997      8       8  0.016643129 0.145249903 0.91251413 0.002183422303 -0.164119341
113       1998      8       8  0.045957028 0.154405654 0.77601596 0.014549928357 -0.149691750
114       1999      8       8 -0.084767354 0.167494766 0.63084616 0.040940131892 -0.118903179
115       2000      8       8 -0.203441649 0.159153440 0.24837285 0.214040745355  0.083047536
116       2001      8       8  0.080865927 0.165733395 0.64291748 0.038164589534 -0.122141312
117       2002      8       8  0.042702884 0.168369436 0.80825160 0.010607312193 -0.154291469
118       2003      8       8 -0.112432013 0.175338470 0.54507375 0.064133949552 -0.091843726
119       2004      8       8 -0.075900475 0.173608154 0.67726728 0.030872956379 -0.130648218
120       2005      8       8 -0.204292869 0.155588436 0.23715151 0.223206212921  0.093740582
121       2006      8       8  0.025607544 0.141556884 0.86240248 0.005424508043 -0.160338074
122       2007      8       8 -0.101295214 0.138654911 0.49257881 0.081685941506 -0.071366402
123       2008      8       8 -0.213088812 0.121699517 0.13052040 0.338171911585  0.227867230
124       1991      9       9  0.203023018 0.118932183 0.13157343 0.293928844430  0.193061536
125       1992      9       9  0.276972895 0.128715368 0.06842902 0.398126406278  0.312144464
 [ reached 'max' / getOption("max.print") -- omitted 151 rows ]
[1] "Stability Time"
[1] 14
[1] "Absolute Range"
[1] -1.272149  1.256135
[1] "Relative Range"
[1] -1.278628  1.249656
[1] "Proportion Significant"
[1] 0.1090909
[1] "Proportion Significantly Wrong"
[1] 0.1090909
null device 
          1 
