[1] "Deer ticks found on people in Harvard forest"
[1] "Simes Tract"
[1] "Multiple Breakups"
   start_year N_data N_years       slope               slope_se               p_value     r_square adj_r_square
1        2006      3       3 -0.13060041 0.22620654661510641859 0.6666666666667814267 0.2500000000 -0.500000000
2        2007      3       3  0.26120082 0.00000000000007677752 0.0000000000001871284 1.0000000000  1.000000000
3        2008      3       3 -0.06530021 0.18850545551252775867 0.7877043849903011541 0.1071428571 -0.785714286
4        2009      3       3 -0.19590062 0.11310327330757670439 0.3333333333334476123 0.7500000000  0.500000000
5        2010      3       3  1.43660452 0.82942400425504614336 0.3333333333331461867 0.7500000000  0.500000000
6        2011      3       3  1.17540370 0.98022836866557128133 0.4425158868426950498 0.5898058252  0.179611650
7        2012      3       3 -1.17540370 0.37701091102486739004 0.1975961240028431820 0.9067164179  0.813432836
8        2013      3       3 -1.24070390 0.33930981992263981040 0.1699482700156501602 0.9304123711  0.860824742
9        2014      3       3 -0.26120082 0.22620654661512987205 0.4543710516571243252 0.5714285714  0.142857143
10       2015      3       3  0.06530021 0.03770109110254055151 0.3333333333335202209 0.7500000000  0.500000000
11       2006      4       4  0.02612008 0.13572392796900753509 0.8651600275073515478 0.0181818182 -0.472727273
12       2007      4       4  0.06530021 0.11310327330750627461 0.6220355269907729134 0.1428571429 -0.285714286
13       2008      4       4 -0.07836025 0.08463873960786856554 0.4522774424948337035 0.3000000000 -0.050000000
14       2009      4       4  0.74442234 0.54524693860667938772 0.3054459378769848188 0.4824053452  0.223608018
15       2010      4       4  0.99256312 0.45090252776675920909 0.1586658587369094708 0.7078431373  0.561764706
16       2011      4       4  0.10448033 0.75793259381833733013 0.9029857499854667680 0.0094117647 -0.485882353
17       2012      4       4 -1.08398341 0.17667296073878657747 0.0255503947968196664 0.9495520331  0.924328050
18       2013      4       4 -0.77054242 0.31098258676735557327 0.1315073268624496472 0.7542795233  0.631419285
19       2014      4       4 -0.14366045 0.12181595339745961148 0.3595552392864599378 0.4101694915  0.115254237
20       2006      5       5 -0.02612008 0.08396431659212924559 0.7760987652032795836 0.0312500000 -0.291666667
21       2007      5       5  0.01306004 0.07192909747774588192 0.8674964737865527020 0.0108695652 -0.318840580
22       2008      5       5  0.50934160 0.34281052975366871349 0.2340246197166458708 0.4239130435  0.231884058
23       2009      5       5  0.67912214 0.31704801995434722661 0.1216210891342676681 0.6046511628  0.472868217
24       2010      5       5  0.33956107 0.45815745861078566170 0.5123478877955468525 0.1547619048 -0.126984127
25       2011      5       5 -0.26120082 0.48586161265797900288 0.6281707292860339020 0.0878734622 -0.216168717
26       2012      5       5 -0.82278259 0.18206153175191644444 0.0202564897482861508 0.8719244288  0.829232572
27       2013      5       5 -0.52240164 0.22969836454413708471 0.1074986919281953612 0.6329113924  0.510548523
28       2006      6       6 -0.03731440 0.05534620384927339820 0.5371404478062458132 0.1020408163 -0.122448980
29       2007      6       6  0.40672699 0.23211038411201712073 0.1546003988242882210 0.4342735303  0.292841913
30       2008      6       6  0.52986452 0.22473475010342275349 0.0778552479885076532 0.5815420112  0.476927514
31       2009      6       6  0.30224666 0.30070717164375659891 0.3717086270596641207 0.2016390924  0.002048865
32       2010      6       6  0.01119432 0.35482707752529552003 0.9763434057242743602 0.0002487677 -0.249689040
33       2011      6       6 -0.30970955 0.31930171087879904990 0.3869928278770490282 0.1904178376 -0.011977703
34       2012      6       6 -0.63061341 0.16283508402325858055 0.0179520497920475849 0.7894504077  0.736813010
35       2006      7       7  0.27052942 0.18199141369352311859 0.1972950782922656687 0.3064868805  0.167784257
36       2007      7       7  0.44777284 0.16582883431740480518 0.0427732796715875468 0.5932028836  0.511843460
37       2008      7       7  0.28452232 0.21287817869714895092 0.2389604540207647121 0.2632286361  0.115874363
38       2009      7       7  0.06530021 0.25283778010320157037 0.8064932065937916450 0.0131649651 -0.184202042
39       2010      7       7 -0.09328601 0.25805007359925152821 0.7324970040151920214 0.0254712175 -0.169434539
40       2011      7       7 -0.29385092 0.22596597806176552115 0.2501672005549065436 0.2527381559  0.103285787
41       2006      8       8  0.33272009 0.14032003588315128395 0.0554334712515671124 0.4837537499  0.397712708
42       2007      8       8  0.27519372 0.15876140841012922889 0.1337288185558174469 0.3336741541  0.222619846
43       2008      8       8  0.10416938 0.18978559608269246484 0.6028989050087298907 0.0478107593 -0.110887448
44       2009      8       8 -0.02798580 0.19599930636380455407 0.8911341443516571648 0.0033864292 -0.162715833
45       2010      8       8 -0.12904564 0.19344406517790346811 0.5295160094759151503 0.0690481202 -0.086110526
46       2006      9       9  0.21766735 0.12738212333858581204 0.1312435026113285275 0.2943485086  0.193541153
47       2007      9       9  0.13277708 0.14793222713815673552 0.3992405700323974904 0.1032082101 -0.024904903
48       2008      9       9  0.02176674 0.15451388885288044883 0.8919389746807682151 0.0028269883 -0.139626299
49       2009      9       9 -0.06965355 0.15371457528457832531 0.6641631111531762777 0.0284972171 -0.110288895
50       2006     10      10  0.11160399 0.11864054709402391263 0.3743959836441815847 0.0995957258 -0.012954808
51       2007     10      10  0.06015534 0.12523625119008177653 0.6438487146165252639 0.0280317590 -0.093464271
52       2008     10      10 -0.02137098 0.12575045784425528672 0.8692705024568445626 0.0035972821 -0.120953058
53       2006     11      11  0.05461472 0.10230499455520947194 0.6063824692431751817 0.0306933565 -0.077007382
54       2007     11      11  0.01780915 0.10513711261653251039 0.8692362604796651793 0.0031779661 -0.107580038
55       2006     12      12  0.01963573 0.08748572179786830161 0.8269306302861952895 0.0050123026 -0.094486467
[1] "Stability Time"
[1] 9
[1] "Absolute Range"
[1] -1.240704  1.436605
[1] "Relative Range"
[1] -1.260340  1.416969
[1] "Proportion Significant"
[1] 0.09090909
[1] "Proportion Significantly Wrong"
[1] 0.09090909
[1] "Cambridge"
[1] "Multiple Breakups"
ERROR : 0 (non-NA) cases 
[1] "Shaler Hall"
[1] "Multiple Breakups"
   start_year N_data N_years         slope     slope_se    p_value     r_square  adj_r_square
1        2006      3       3  9.614813e-17 5.551115e-17 0.33333333 6.666667e-01  0.3333333333
2        2007      3       3  1.513825e+00 8.740074e-01 0.33333333 7.500000e-01  0.5000000000
3        2008      3       3 -1.158728e-13 1.748015e+00 1.00000000 4.371513e-27 -1.0000000000
4        2009      3       3 -1.513825e+00 8.740074e-01 0.33333333 7.500000e-01  0.5000000000
5        2010      3       3  6.055301e-01 3.496029e-01 0.33333333 7.500000e-01  0.5000000000
6        2011      3       3  9.082951e-01 1.748015e-01 0.12103772 9.642857e-01  0.9285714286
7        2012      3       3 -6.055301e-01 6.992059e-01 0.54562895 4.285714e-01 -0.1428571429
8        2013      3       3 -9.082951e-01 5.244044e-01 0.33333333 7.500000e-01  0.5000000000
9        2014      3       3  9.614813e-17 5.551115e-17 0.33333333 6.666667e-01  0.3333333333
10       2015      3       3  6.055301e-01 3.496029e-01 0.33333333 7.500000e-01  0.5000000000
11       2006      4       4  9.082951e-01 5.244044e-01 0.22540333 6.000000e-01  0.4000000000
12       2007      4       4  3.027650e-01 8.010410e-01 0.74180111 6.666667e-02 -0.4000000000
13       2008      4       4 -3.027650e-01 8.010410e-01 0.74180111 6.666667e-02 -0.4000000000
14       2009      4       4 -5.449771e-01 6.823977e-01 0.50827747 2.417910e-01 -0.1373134328
15       2010      4       4  6.660831e-01 1.602082e-01 0.05327074 8.962963e-01  0.8444444444
16       2011      4       4  6.055301e-02 4.956477e-01 0.91393370 7.407407e-03 -0.4888888889
17       2012      4       4 -5.449771e-01 3.146427e-01 0.22540333 6.000000e-01  0.4000000000
18       2013      4       4 -5.449771e-01 3.146427e-01 0.22540333 6.000000e-01  0.4000000000
19       2014      4       4  3.633180e-01 2.097618e-01 0.22540333 6.000000e-01  0.4000000000
20       2006      5       5  3.027650e-01 4.624812e-01 0.55940434 1.250000e-01 -0.1666666667
21       2007      5       5 -3.582806e-14 4.944132e-01 1.00000000 1.749246e-27 -0.3333333333
22       2008      5       5 -6.055301e-02 4.831609e-01 0.90819168 5.208333e-03 -0.3263888889
23       2009      5       5 -1.211060e-01 4.638007e-01 0.81090199 2.222222e-02 -0.3037037037
24       2010      5       5  1.816590e-01 2.945807e-01 0.58109067 1.125000e-01 -0.1833333333
25       2011      5       5 -1.211060e-01 3.047768e-01 0.71768564 5.000000e-02 -0.2666666667
26       2012      5       5 -4.238710e-01 1.946507e-01 0.11761376 6.125000e-01  0.4833333333
27       2013      5       5 -1.211060e-01 3.047768e-01 0.71768564 5.000000e-02 -0.2666666667
28       2006      6       6  8.650430e-02 3.275000e-01 0.80472616 1.714286e-02 -0.2285714286
29       2007      6       6  8.650430e-02 3.275000e-01 0.80472616 1.714286e-02 -0.2285714286
30       2008      6       6  1.038052e-01 3.302305e-01 0.76897437 2.410714e-02 -0.2198660714
31       2009      6       6 -2.422120e-01 3.115756e-01 0.48034829 1.312500e-01 -0.0859375000
32       2010      6       6  1.730086e-02 2.149302e-01 0.93970994 1.617251e-03 -0.2479784367
33       2011      6       6 -1.557077e-01 2.005209e-01 0.48080304 1.309973e-01 -0.0862533693
34       2012      6       6 -1.557077e-01 2.005209e-01 0.48080304 1.309973e-01 -0.0862533693
35       2006      7       7  1.297564e-01 2.329199e-01 0.60148414 5.844156e-02 -0.1298701299
36       2007      7       7  1.730086e-01 2.369018e-01 0.49797498 9.638554e-02 -0.0843373494
37       2008      7       7 -4.325215e-02 2.484647e-01 0.86863311 6.024096e-03 -0.1927710843
38       2009      7       7 -2.595129e-01 2.205435e-01 0.29227949 2.168675e-01  0.0602409639
39       2010      7       7 -4.325215e-02 1.559478e-01 0.79261287 1.515152e-02 -0.1818181818
40       2011      7       7 -2.162607e-02 1.615455e-01 0.89872692 3.571429e-03 -0.1957142857
41       2006      8       8  1.874260e-01 1.767722e-01 0.32982636 1.577965e-01  0.0174291939
42       2007      8       8  4.325215e-02 1.918108e-01 0.82907952 8.403361e-03 -0.1568627451
43       2008      8       8 -1.009217e-01 1.881639e-01 0.61100914 4.575163e-02 -0.1132897603
44       2009      8       8 -2.450955e-01 1.645941e-01 0.18703925 2.698413e-01  0.1481481481
45       2010      8       8  3.604346e-02 1.249275e-01 0.78266062 1.368363e-02 -0.1507024266
46       2006      9       9  8.073734e-02 1.501440e-01 0.60742536 3.966942e-02 -0.0975206612
47       2007      9       9 -2.018434e-02 1.530236e-01 0.89877196 2.479339e-03 -0.1400236128
48       2008      9       9 -1.211060e-01 1.462162e-01 0.43484649 8.925620e-02 -0.0408500590
49       2009      9       9 -1.412903e-01 1.408778e-01 0.34929693 1.256410e-01  0.0007326007
50       2006     10      10  2.201928e-02 1.244787e-01 0.86398966 3.896104e-03 -0.1206168831
51       2007     10      10 -5.137831e-02 1.233920e-01 0.68807667 2.121212e-02 -0.1011363636
52       2008     10      10 -5.871807e-02 1.220752e-01 0.64339678 2.810716e-02 -0.0933794466
53       2006     11      11 -1.100964e-02 1.034099e-01 0.91754798 1.257862e-03 -0.1097134871
54       2007     11      11 -1.100964e-02 1.034099e-01 0.91754798 1.257862e-03 -0.1097134871
55       2006     12      12  1.693790e-02 8.754210e-02 0.85045422 3.729604e-03 -0.0958974359
[1] "Stability Time"
[1] 6
[1] "Absolute Range"
[1] -1.513825  1.513825
[1] "Relative Range"
[1] -1.530763  1.496887
[1] "Proportion Significant"
[1] 0
[1] "Proportion Significantly Wrong"
[1] 0
[1] "Prospect Hill"
[1] "Multiple Breakups"
   start_year N_data N_years                   slope   slope_se     p_value     r_square adj_r_square
1        2006      3       3  0.40724967344853768569 0.23512571 0.333333333 7.500000e-01  0.500000000
2        2007      3       3  0.27149978229895849191 0.31350094 0.545628948 4.285714e-01 -0.142857143
3        2008      3       3 -0.06787494557472799339 0.11756285 0.666666667 2.500000e-01 -0.500000000
4        2009      3       3  0.33937472787376754546 0.11756285 0.212295615 8.928571e-01  0.785714286
5        2010      3       3  1.22174902034584254018 0.39187618 0.197596124 9.067164e-01  0.813432836
6        2011      3       3  0.61087451017260918640 0.74456474 0.562588901 4.023179e-01 -0.195364238
7        2012      3       3 -0.40724967344853002515 0.15675047 0.233908049 8.709677e-01  0.741935484
8        2013      3       3 -0.81449934689685676847 0.39187618 0.285482010 8.120301e-01  0.624060150
9        2014      3       3 -0.95024923804643290914 0.31350094 0.202871878 9.018405e-01  0.803680982
10       2015      3       3  0.00000000000006912332 0.23512571 1.000000000 8.618904e-26 -1.000000000
11       2006      4       4  0.24434980406902112593 0.14107543 0.225403331 6.000000e-01  0.400000000
12       2007      4       4  0.17647485849429309090 0.15055391 0.361855098 4.072289e-01  0.110843373
13       2008      4       4  0.13574989114945623658 0.12878365 0.402385695 3.571429e-01  0.035714286
14       2009      4       4  0.82807433601168289883 0.28700750 0.102066897 8.062839e-01  0.709425785
15       2010      4       4  0.71947442309211784295 0.33883129 0.167698954 6.927250e-01  0.539087546
16       2011      4       4  0.25792479318396677179 0.39038421 0.576731377 1.791563e-01 -0.231265509
17       2012      4       4 -0.70589943397717236362 0.18613087 0.063025039 8.779221e-01  0.816883117
18       2013      4       4 -0.76019939043695472503 0.17803431 0.050711095 9.011494e-01  0.851724138
19       2014      4       4 -0.48869960813804247390 0.30110782 0.246062965 5.684211e-01  0.352631579
20       2006      5       5  0.19004984760924165110 0.08727497 0.117613761 6.125000e-01  0.483333333
21       2007      5       5  0.23077481495409155055 0.09240304 0.087901709 6.752336e-01  0.566978193
22       2008      5       5  0.52942457548289312275 0.23914081 0.113691518 6.203100e-01  0.493746601
23       2009      5       5  0.62444949928751058987 0.20317183 0.054412449 7.589670e-01  0.678622669
24       2010      5       5  0.44797464079318349839 0.25067826 0.171896773 5.156250e-01  0.354166667
25       2011      5       5 -0.16289986937935921341 0.33140772 0.656761271 7.453416e-02 -0.233954451
26       2012      5       5 -0.70589943397726184759 0.10746271 0.007176593 9.349931e-01  0.913324112
27       2013      5       5 -0.51584958636794175924 0.17454994 0.059768703 7.443299e-01  0.659106529
28       2006      6       6  0.22495696247626575937 0.06058517 0.020598735 7.751152e-01  0.718894009
29       2007      6       6  0.48482103981954272065 0.15865826 0.037814867 7.000971e-01  0.625121350
30       2008      6       6  0.46930676654533259873 0.16035586 0.042956843 6.816637e-01  0.602079615
31       2009      6       6  0.45767106158964115936 0.16420291 0.049451801 6.601138e-01  0.575142225
32       2010      6       6  0.09308563964533557444 0.26251347 0.740798712 3.047619e-02 -0.211904762
33       2011      6       6 -0.31804260212160273547 0.23472015 0.246892287 3.145976e-01  0.143247037
34       2012      6       6 -0.54687813291647302538 0.11566547 0.009116854 8.482258e-01  0.810282301
35       2006      7       7  0.41694609424469775139 0.11883556 0.017126313 7.111538e-01  0.653384615
36       2007      7       7  0.45088356703206744491 0.11388652 0.010752932 7.581522e-01  0.709782609
37       2008      7       7  0.38300862145730368846 0.12385256 0.027083860 6.566709e-01  0.588005051
38       2009      7       7  0.18908020552959459160 0.19372226 0.373872046 1.600379e-01 -0.007954545
39       2010      7       7 -0.08726778716748405385 0.21283588 0.698765325 3.253012e-02 -0.160963855
40       2011      7       7 -0.29574083428980513233 0.16647091 0.135800234 3.869592e-01  0.264351082
41       2006      8       8  0.40563360331563569350 0.08881527 0.003821913 7.766108e-01  0.739379296
42       2007      8       8  0.38785683185556779629 0.09235668 0.005688623 7.461527e-01  0.703844759
43       2008      8       8  0.19069627566233079974 0.14439506 0.234751920 2.252200e-01  0.096089976
44       2009      8       8  0.02747319225642731039 0.17191472 0.878277153 4.238345e-03 -0.161721931
45       2010      8       8 -0.12120525995492074933 0.15984396 0.477005677 8.744928e-02 -0.064642507
46       2006      9       9  0.36426220791770747010 0.07282460 0.001561912 7.813806e-01  0.750149288
47       2007      9       9  0.23303731313989983764 0.11448820 0.081254241 3.718107e-01  0.282069426
48       2008      9       9  0.06108745101725526067 0.13457133 0.663610792 2.859571e-02 -0.110176330
49       2009      9       9 -0.02262498185824272576 0.13626963 0.872826290 3.922594e-03 -0.138374178
50       2006     10      10  0.24188162422993003675 0.09147262 0.029515420 4.663947e-01  0.399694056
51       2007     10      10  0.11929535888891625028 0.11248812 0.319875397 1.232581e-01  0.013665383
52       2008     10      10  0.01398635242145966108 0.11074157 0.902613155 1.989906e-03 -0.122761356
53       2006     11      11  0.14562261050577518517 0.09309543 0.152202350 2.137550e-01  0.126394433
54       2007     11      11  0.07034312541380982609 0.09609626 0.482789508 5.619163e-02 -0.048675968
55       2006     12      12  0.10015114347040304787 0.08178803 0.248819313 1.303933e-01  0.043432597
[1] "Stability Time"
[1] 9
[1] "Absolute Range"
[1] -0.9502492  1.2217490
[1] "Relative Range"
[1] -1.050400  1.121598
[1] "Proportion Significant"
[1] 0.2363636
[1] "Proportion Significantly Wrong"
[1] 0.2363636
[1] "Tom Swamp"
[1] "Multiple Breakups"
   start_year N_data N_years         slope   slope_se    p_value     r_square           adj_r_square
1        2006      3       3 -2.067812e-13 1.14891253 1.00000000 3.230525e-26 -1.0000000000000000000
2        2007      3       3 -9.949874e-01 0.57445626 0.33333333 7.500000e-01  0.4999999999994910738
3        2008      3       3  9.949874e-01 0.57445626 0.33333333 7.500000e-01  0.5000000000001147971
4        2009      3       3  6.633250e-01 0.76594169 0.54562895 4.285714e-01 -0.1428571428574985092
5        2010      3       3  3.316625e-01 0.57445626 0.66666667 2.500000e-01 -0.4999999999994915179
6        2011      3       3 -6.633250e-01 1.14891253 0.66666667 2.500000e-01 -0.4999999999996884714
7        2015      3       3  6.633250e-01 0.38297084 0.33333333 7.500000e-01  0.5000000000005087042
8        2006      4       4 -1.989975e-01 0.52649786 0.74180111 6.666667e-02 -0.3999999999999999112
9        2007      4       4  9.930137e-17 0.62928531 1.00000000 2.490091e-32 -0.5000000000000000000
10       2008      4       4  5.969925e-01 0.34467376 0.22540333 6.000000e-01  0.3999999999999998002
11       2009      4       4  7.296575e-01 0.34467376 0.16847816 6.914286e-01  0.5371428571428571441
12       2010      4       4 -4.643275e-01 0.52649786 0.47084974 2.800000e-01 -0.0800000000000000711
13       2006      5       5  1.989975e-01 0.38105118 0.63761809 8.333333e-02 -0.2222222222222258736
14       2007      5       5  6.633250e-02 0.36533090 0.86749647 1.086957e-02 -0.3188405797101172556
15       2008      5       5  6.633250e-01 0.20264912 0.04666188 7.812500e-01  0.7083333333333368120
16       2009      5       5  6.633250e-02 0.43158622 0.88760717 7.812500e-03 -0.3229166666666694052
17       2006      6       6  1.895214e-01 0.24951654 0.48982250 1.260504e-01 -0.0924369747899440597
18       2007      6       6  2.653300e-01 0.26532998 0.37390097 2.000000e-01  0.0000000000001029177
19       2008      6       6  2.084736e-01 0.29421636 0.51770021 1.115207e-01 -0.1105990783410399914
20       2006      7       7  3.079723e-01 0.18922506 0.16455005 3.463115e-01  0.2155737704918250230
21       2007      7       7  2.369018e-02 0.23380176 0.92322959 2.049180e-03 -0.1975409836065646907
22       2006      8       8  1.105542e-01 0.18133835 0.56444733 5.833333e-02 -0.0986111111111105387
23       2006     11      11  5.535088e-02 0.08842292 0.54687389 4.172230e-02 -0.0647530040053347911
[1] "Stability Time"
[1] 6
[1] "Absolute Range"
[1] -0.9949874  0.9949874
[1] "Relative Range"
[1] -1.0503383  0.9396366
[1] "Proportion Significant"
[1] 0.04347826
[1] "Proportion Significantly Wrong"
[1] 0.04347826
[1] "Harvard Forest/n"
[1] "Multiple Breakups"
   start_year N_data N_years       slope   slope_se    p_value     r_square adj_r_square
1        2006      3       3 -0.28373211 0.55286824 0.69814549 0.2084690554  -0.58306189
2        2007      3       3  1.43639382 0.44024693 0.18933354 0.9141278098   0.82825562
3        2008      3       3  0.31919863 1.08525988 0.81789154 0.0796199214  -0.84076016
4        2009      3       3 -0.65613051 0.52215334 0.42792249 0.6122540250   0.22450805
5        2010      3       3  0.40786491 0.09214471 0.14145031 0.9514388489   0.90287770
6        2011      3       3  0.54973097 0.01023830 0.01185516 0.9996532594   0.99930652
7        2012      3       3 -0.74479680 0.73715765 0.49671840 0.5051546392   0.01030928
8        2013      3       3 -1.25906125 0.44024693 0.21414261 0.8910558567   0.78211171
9        2014      3       3 -0.24826560 0.14333621 0.33333333 0.7500000000   0.50000000
10       2015      3       3  0.07093303 0.04095320 0.33333333 0.7500000000   0.50000000
11       2006      4       4  0.55682427 0.54465066 0.41414240 0.3432291304   0.01484370
12       2007      4       4  0.61357069 0.51423999 0.35515510 0.4158249392   0.12373741
13       2008      4       4  0.10994619 0.50015330 0.84640473 0.0235915061  -0.46461274
14       2009      4       4 -0.19861248 0.35256641 0.62994158 0.1369432314  -0.29458515
15       2010      4       4  0.46106468 0.05139586 0.01219912 0.9757505774   0.96362587
16       2011      4       4 -0.22343904 0.44641339 0.66635830 0.1113167859  -0.33302482
17       2012      4       4 -0.79799657 0.33109468 0.13751312 0.7438836235   0.61582544
18       2013      4       4 -0.80508987 0.32781114 0.13340471 0.7509873934   0.62648109
19       2014      4       4 -0.10639954 0.10400824 0.41390150 0.3435114504   0.01526718
20       2006      5       5  0.30146537 0.34730030 0.44924495 0.2007390531  -0.06568126
21       2007      5       5  0.37594505 0.32706203 0.33369261 0.3057581365   0.07434418
22       2008      5       5  0.15959931 0.29018314 0.62062285 0.0915958024  -0.21120560
23       2009      5       5  0.03901317 0.24547167 0.88381954 0.0083494342  -0.32220075
24       2010      5       5 -0.02482656 0.28209445 0.93541598 0.0025751524  -0.32989980
25       2011      5       5 -0.43269147 0.28464686 0.22581438 0.4351028999   0.24680387
26       2012      5       5 -0.64903721 0.20961280 0.05344716 0.7616675764   0.68222344
27       2013      5       5 -0.52490441 0.24897392 0.12557332 0.5970344527   0.46271260
28       2006      6       6  0.22090572 0.23207003 0.39505456 0.1846883258  -0.01913959
29       2007      6       6  0.33541189 0.21538744 0.19440444 0.3774343016   0.22179288
30       2008      6       6  0.22698569 0.19391244 0.30675609 0.2551495017   0.06893688
31       2009      6       6 -0.18746586 0.20717560 0.41670987 0.1699143602  -0.03760705
32       2010      6       6 -0.23103901 0.21972499 0.35235933 0.2165518774   0.02068985
33       2011      6       6 -0.43066481 0.18634878 0.08193606 0.5717820607   0.46472758
34       2012      6       6 -0.49349121 0.16399762 0.03958400 0.6936016728   0.61700209
35       2006      7       7  0.22926568 0.16416926 0.22138545 0.2806033301   0.13672400
36       2007      7       7  0.34199853 0.15234939 0.07476012 0.5019554919   0.40234659
37       2008      7       7  0.01013329 0.18567715 0.95859076 0.0005953267  -0.19928561
38       2009      7       7 -0.30146537 0.16060145 0.11931992 0.4133874358   0.29606492
39       2010      7       7 -0.27993213 0.15791258 0.13647156 0.3859362159   0.26312346
40       2011      7       7 -0.36859841 0.13655407 0.04282061 0.5930374251   0.51164491
41       2006      8       8  0.25797667 0.12348221 0.08169077 0.4211107539   0.32462921
42       2007      8       8  0.14777714 0.15958889 0.39017874 0.1250392981  -0.02078749
43       2008      8       8 -0.12244392 0.15815259 0.46820442 0.0908274042  -0.06070136
44       2009      8       8 -0.32384305 0.12040045 0.03606629 0.5466419869   0.47108232
45       2010      8       8 -0.26515441 0.11800991 0.06572222 0.4569389410   0.36642876
46       2006      9       9  0.11940393 0.12469769 0.37018575 0.1158151680  -0.01049695
47       2007      9       9  0.01418661 0.14570511 0.92516557 0.0013524513  -0.14131148
48       2008      9       9 -0.17615035 0.12636774 0.20598290 0.2172734390   0.10545536
49       2009      9       9 -0.30323870 0.09401741 0.01454523 0.5977671946   0.54030537
50       2006     10      10  0.01526135 0.11623412 0.89878118 0.0021502734  -0.12258094
51       2007     10      10 -0.05459694 0.12282933 0.66846429 0.0241016606  -0.09788563
52       2008     10      10 -0.18614546 0.10097162 0.10248706 0.2981624166   0.21043272
53       2006     11      11 -0.04223739 0.10054327 0.68427003 0.0192314589  -0.08974282
54       2007     11      11 -0.08318510 0.10163886 0.43424136 0.0692711152  -0.03414321
55       2006     12      12 -0.06832884 0.08500250 0.44017648 0.0606948012  -0.03323572
[1] "Stability"
[1] 9
[1] "Absolute Range"
[1] -1.259061  1.436394
[1] "Relative Range"
[1] -1.190732  1.504723
[1] "Proportion Significant"
[1] 0.1090909
[1] "Proportion Significantly Wrong"
[1] 0.1090909
null device 
          1 
[1] "Deer tick bites on people in Harvard forest"
[1] "Simes Tract"
[1] "Multiple Breakups"
[1] "Stability Time"
[1] 8
[1] "Absolute Range"
[1] -1.218606  1.421707
[1] "Relative Range"
[1] -1.258374  1.381939
[1] "Proportion Significant"
[1] 0.1090909
[1] "Proportion Significantly Wrong"
[1] 0.1090909
[1] "Cambridge"
[1] "Multiple Breakups"
ERROR : 0 (non-NA) cases 
[1] "Shaler Hall"
[1] "Multiple Breakups"
[1] "Stability Time"
[1] 8
[1] "Absolute Range"
[1] -1.732051  1.732051
[1] "Relative Range"
[1] -1.671490  1.792612
[1] "Proportion Significant"
[1] 0.1090909
[1] "Proportion Significantly Wrong"
[1] 0.1090909
[1] "Prospect Hill"
[1] "Multiple Breakups"
[1] "Stability Time"
[1] 9
[1] "Absolute Range"
[1] -0.9803903  1.1437886
[1] "Relative Range"
[1] -1.103796  1.020383
[1] "Proportion Significant"
[1] 0.1090909
[1] "Proportion Significantly Wrong"
[1] 0.1090909
[1] "Tom Swamp"
[1] "Multiple Breakups"
[1] "Stability Time"
[1] 8
[1] "Absolute Range"
[1] -0.0000000000003447923  1.6583123951788245609
[1] "Relative Range"
[1] -0.01771228  1.64060011
[1] "Proportion Significant"
[1] 0.1090909
[1] "Proportion Significantly Wrong"
[1] 0.1090909
[1] "Harvard Forest/n"
[1] "Multiple Breakups"
   start_year N_data N_years                   slope              slope_se               p_value     r_square
1        2006      3       3 -0.06530020529026217546 0.4147120021276639035 0.9005747159487027531 2.419355e-02
2        2007      3       3  0.78360246348421991325 0.0754021822048123180 0.0610707393848640770 9.908257e-01
3        2008      3       3  0.13060041058061827579 0.4524130932300856056 0.8210876249779751612 7.692308e-02
4        2009      3       3  0.00000000000006782799 0.3770109110251384510 0.9999999999998854250 3.234742e-26
5        2010      3       3  0.65300205290349788712 0.0000000000001917083 0.0000000000001868988 1.000000e+00
6        2011      3       3  0.91420287406474409764 0.1508043644098912839 0.1040777657407439272 9.735099e-01
7        2012      3       3 -0.39180123174236464179 0.9048261864603958093 0.7398530617068070914 1.578947e-01
8        2013      3       3 -1.63250513225808879803 0.1885054555126398912 0.0731863950403693897 9.868421e-01
9        2014      3       3 -0.52240164232261376842 0.4524130932302598551 0.4543710516571243252 5.714286e-01
10       2015      3       3 -0.00000000000004417848 0.1508043644100851288 0.9999999999998134825 8.628589e-26
11       2006      4       4  0.30038094433545620143 0.2810185818392312296 0.3970291191429623501 3.635739e-01
12       2007      4       4  0.36568114962577280558 0.2436319067949192785 0.2721746571259490155 5.297297e-01
13       2008      4       4  0.20896065692901302779 0.2073217245115703267 0.4196189999119905867 3.368421e-01
14       2009      4       4  0.26120082116126625005 0.2262065466150125215 0.3675444679663241176 4.000000e-01
15       2010      4       4  0.80972254559992551393 0.0904826186460050835 0.0122578687903925204 9.756345e-01
16       2011      4       4  0.07836024634837988889 0.4872638135898385570 0.8870134634267936580 1.276596e-02
17       2012      4       4 -0.82278258665798853499 0.4750337478915265255 0.2254033307585167623 6.000000e-01
18       2013      4       4 -1.03174324358700175708 0.3569479098011497653 0.1017506072599581590 8.068520e-01
19       2014      4       4 -0.36568114962577269456 0.2216362462735511907 0.2407433976347032878 5.764706e-01
20       2006      5       5  0.18284057481289253677 0.1758665988814978043 0.3749279452278881930 2.648649e-01
21       2007      5       5  0.33956106750967068875 0.1414670334958008369 0.0958499945815150661 6.575875e-01
22       2008      5       5  0.31344098539352388544 0.1340378509855891243 0.1013644716156180958 6.457399e-01
23       2009      5       5  0.49628156020641955859 0.1883545907780475037 0.0780013044419666790 6.982592e-01
24       2010      5       5  0.28732090327738629698 0.3060994283879339140 0.4171550079103708009 2.270169e-01
25       2011      5       5 -0.36568114962578646132 0.3806130079108332454 0.4075443578938313105 2.352941e-01
26       2012      5       5 -0.69218217607747756226 0.2844371804574206131 0.0930373152411416299 6.637524e-01
27       2013      5       5 -0.75748238136767831463 0.2598915356174035796 0.0617652848712183997 7.390158e-01
28       2006      6       6  0.21642353753365986546 0.1167529449236090755 0.1374011347328912003 4.620879e-01
29       2007      6       6  0.37687547053271447384 0.0950846356838344481 0.0166277521676554234 7.970569e-01
30       2008      6       6  0.46643003778802782922 0.1245056626249872872 0.0200120160660683666 7.782020e-01
31       2009      6       6  0.21269209723134899215 0.2049689815532087511 0.3580274150946783918 2.120988e-01
32       2010      6       6 -0.08955456725530205886 0.2958054043873193928 0.7771727549202404051 2.240083e-02
33       2011      6       6 -0.40299555264882941374 0.2500993049274575775 0.1823964390101843192 3.936108e-01
34       2012      6       6 -0.59329900806645308187 0.1947630737772550469 0.0381675977080165249 6.987884e-01
35       2006      7       7  0.27519372229485483672 0.0892576977807852112 0.0273718975498224333 6.553087e-01
36       2007      7       7  0.47575863854368255490 0.0882033877478285711 0.0029568759364303828 8.533465e-01
37       2008      7       7  0.26120082116123410909 0.1476160801942121570 0.1370428188694376714 3.850688e-01
38       2009      7       7 -0.05130730415665672728 0.2103284011822152133 0.8169713258086057639 1.176128e-02
39       2010      7       7 -0.18657201511516297021 0.2165360948251283113 0.4282741115914767138 1.292825e-01
40       2011      7       7 -0.40112983249757655502 0.1768501949857307631 0.0726031438951368208 5.071311e-01
41       2006      8       8  0.37469879702300534774 0.0879004884043843443 0.0053051096849161625 7.517700e-01
42       2007      8       8  0.31406289211055837818 0.1141810118942217928 0.0332666049300222033 5.577060e-01
43       2008      8       8  0.04508823698617141912 0.1663552032302761940 0.7954466049871244948 1.209532e-02
44       2009      8       8 -0.13526471095852501958 0.1640923588816511625 0.4412875085069130066 1.017298e-01
45       2010      8       8 -0.23321501889404719354 0.1636276637895907604 0.2039578296406391322 2.529340e-01
46       2006      9       9  0.26555416818062060891 0.0927725580047874393 0.0242534345351094471 5.392754e-01
47       2007      9       9  0.13060041058063315278 0.1379923046019419508 0.3754444776421313468 1.134454e-01
48       2008      9       9 -0.04135679668386713081 0.1381859139003561998 0.7734141496719662001 1.263416e-02
49       2009      9       9 -0.18284057481288637503 0.1300394899758090805 0.2025153711604399942 2.202247e-01
50       2006     10      10  0.12426826946156566134 0.1101404688291811873 0.2919028175958908178 1.372798e-01
51       2007     10      10  0.04432498783342820464 0.1208251093947991794 0.7232427871273221509 1.654427e-02
52       2008     10      10 -0.09735666970556067223 0.1148778173556203458 0.4213566164752946541 8.238177e-02
53       2006     11      11  0.05342744069207527174 0.0987931657025091225 0.6017706582913037172 3.147342e-02
54       2007     11      11 -0.01662187043753334675 0.1047408447130840081 0.8774129359369909897 2.790433e-03
55       2006     12      12  0.00045664479223455593 0.0877056830533947812 0.9959481888081165302 2.710818e-06
   adj_r_square
1  -0.951612903
2   0.981651376
3  -0.846153846
4  -1.000000000
5   1.000000000
6   0.947019868
7  -0.684210526
8   0.973684211
9   0.142857143
10 -1.000000000
11  0.045360825
12  0.294594595
13  0.005263158
14  0.100000000
15  0.963451777
16 -0.480851064
17  0.400000000
18  0.710277957
19  0.364705882
20  0.019819820
21  0.543450065
22  0.527653214
23  0.597678917
24 -0.030644153
25 -0.019607843
26  0.551669817
27  0.652021090
28  0.327609890
29  0.746321136
30  0.722752553
31  0.015123490
32 -0.221998963
33  0.242013498
34  0.623485512
35  0.586370482
36  0.824015748
37  0.262082515
38 -0.185886470
39 -0.044861021
40  0.408557323
41  0.710398357
42  0.483990305
43 -0.152555455
44 -0.047981936
45  0.128423041
46  0.473457557
47 -0.013205282
48 -0.128418105
49  0.108828250
50  0.029439775
51 -0.106387693
52 -0.032320510
53 -0.076140642
54 -0.108010630
55 -0.099997018
[1] "Stability Time"
[1] 9
[1] "Absolute Range"
[1] -1.6325051  0.9142029
[1] "Relative Range"
[1] -1.6329618  0.9137462
[1] "Proportion Significant"
[1] 0.1090909
[1] "Proportion Significantly Wrong"
[1] 0.1090909
null device 
          1 
