[1] "nymph deer ticks found on people in Monmouth County Submunicipalities"
[1] "Colts Neck"
[1] "Multiple Breakups"
   start_year N_data N_years                   slope   slope_se    p_value     r_square  adj_r_square
1        2006      3       3  0.15683588724446553830 0.27164773 0.66666667 2.500000e-01 -0.5000000000
2        2007      3       3  0.94101532346673921747 0.18109848 0.12103772 9.642857e-01  0.9285714286
3        2008      3       3 -1.09785121071079094790 1.35823863 0.56724138 3.951613e-01 -0.2096774194
4        2009      3       3 -1.25468709795510569016 1.26768938 0.50328160 4.948454e-01 -0.0103092784
5        2010      3       3  0.47050766173326347142 0.27164773 0.33333333 7.500000e-01  0.5000000000
6        2011      3       3 -0.15683588724443284224 0.09054924 0.33333333 7.500000e-01  0.5000000000
7        2012      3       3  0.47050766173347607912 0.45274621 0.48775429 5.192308e-01  0.0384615385
8        2013      3       3 -0.00000000000004780932 0.72439393 1.00000000 4.353289e-27 -1.0000000000
9        2014      3       3  0.31367177448899641323 0.90549242 0.78770438 1.071429e-01 -0.7857142857
10       2006      4       4  0.53324201663085069036 0.24896925 0.16550282 6.963855e-01  0.5445783133
11       2007      4       4 -0.34503895193760925064 0.74690776 0.68949341 9.641434e-02 -0.3553784861
12       2008      4       4 -0.72144508132409235213 0.64512760 0.37973613 3.847273e-01  0.0770909091
13       2009      4       4 -0.65871072642634509453 0.66317661 0.42525042 3.303371e-01 -0.0044943820
14       2010      4       4  0.18820306469324157850 0.20328254 0.45227744 3.000000e-01 -0.0500000000
15       2011      4       4  0.25093741959098869732 0.23888531 0.40371521 3.555556e-01  0.0333333333
16       2012      4       4  0.03136717744887357329 0.32446461 0.93180057 4.651163e-03 -0.4930232558
17       2013      4       4  0.43914048428423008152 0.41137668 0.39753592 3.629630e-01  0.0444444444
18       2006      5       5 -0.18820306469324718512 0.44063163 0.69809139 5.732484e-02 -0.2569002123
19       2007      5       5 -0.34503895193769473781 0.43122739 0.48213291 1.758721e-01 -0.0988372093
20       2008      5       5 -0.50187483918198827482 0.39344661 0.29191094 3.516484e-01  0.1355311355
21       2009      5       5 -0.47050766173310060170 0.39800486 0.32230536 3.177966e-01  0.0903954802
22       2010      5       5  0.34503895193758815640 0.14823550 0.10236781 6.436170e-01  0.5248226950
23       2011      5       5  0.03136717744887416309 0.18732973 0.87767180 9.259259e-03 -0.3209876543
24       2012      5       5  0.31367177448878763579 0.24830973 0.29575569 3.472222e-01  0.1296296296
25       2006      6       6 -0.23301331819167178661 0.28961894 0.46617639 1.392857e-01 -0.0758928571
26       2007      6       6 -0.29574767308943838984 0.28373537 0.35610743 2.135992e-01  0.0169990193
27       2008      6       6 -0.41225433218524631940 0.26271703 0.19168416 3.810324e-01  0.2262905162
28       2009      6       6 -0.17027896329383199192 0.31294543 0.61527054 6.891505e-02 -0.1638561884
29       2010      6       6  0.16131691259420674611 0.14376575 0.32462931 2.394089e-01  0.0492610837
30       2011      6       6  0.23301331819164036729 0.16909563 0.24026922 3.219048e-01  0.1523809524
31       2006      7       7 -0.22405126749191489610 0.20485688 0.32395709 1.930502e-01  0.0316602317
32       2007      7       7 -0.28006408436488561264 0.20083544 0.22195848 2.800179e-01  0.1360215054
33       2008      7       7 -0.20164614074273212729 0.22202565 0.40541314 1.416084e-01 -0.0300699301
34       2009      7       7 -0.17924101399363262521 0.22134632 0.45486414 1.159420e-01 -0.0608695652
35       2010      7       7  0.28006408436493257508 0.12261563 0.07117391 5.106209e-01  0.4127450980
36       2006      8       8 -0.22778545528348584370 0.15270652 0.18638740 2.705198e-01  0.1489397795
37       2007      8       8 -0.14563332386975574861 0.16861832 0.42093998 1.105780e-01 -0.0376590331
38       2008      8       8 -0.20164614074275824529 0.16548815 0.26876911 1.983673e-01  0.0647619048
39       2009      8       8 -0.01120256337456863524 0.19139306 0.95522582 5.706677e-04 -0.1660008877
40       2006      9       9 -0.13069657270363993495 0.13089558 0.35130339 1.246676e-01 -0.0003799392
41       2007      9       9 -0.15683588724436783868 0.13077124 0.26942165 1.704545e-01  0.0519480519
42       2008      9       9 -0.06273435489774713270 0.15120833 0.69064493 2.400000e-02 -0.1154285714
43       2006     10      10 -0.14257807931305344074 0.10464363 0.21015401 1.883476e-01  0.0868910095
44       2007     10      10 -0.05132810855270163869 0.12080215 0.68211124 2.206884e-02 -0.1001725547
45       2006     11      11 -0.05703123172522168993 0.09868948 0.57751156 3.577818e-02 -0.0713575830
[1] "Stability Time"
[1] 8
[1] "Absolute Range"
[1] -1.2546871  0.9410153
[1] "Relative Range"
[1] -1.1976559  0.9980466
[1] "Proportion Significant"
[1] 0
[1] "Proportion Significantly Wrong"
[1] 0
[1] "Number of phases"
[1] 2
      Breaks               AICs   AICtot Nfits Nbreaks     AICc
3 2010, 2015 30.82661, 24.77733 55.60394     2       1 83.60394
[1] "Tinton Falls"
[1] "Multiple Breakups"
   start_year N_data N_years         slope   slope_se    p_value     r_square adj_r_square
1        2006      3       3  1.010340e-01 0.40832405 0.84557904 5.769231e-02  -0.88461538
2        2007      3       3  4.041360e-01 0.23332803 0.33333333 7.500000e-01   0.50000000
3        2008      3       3  9.093060e-01 0.52498807 0.33333333 7.500000e-01   0.50000000
4        2009      3       3 -1.891961e-13 1.04997614 1.00000000 3.227391e-26  -1.00000000
5        2010      3       3 -9.093060e-01 0.52498807 0.33333333 7.500000e-01   0.50000000
6        2011      3       3 -3.031020e-01 0.17499602 0.33333333 7.500000e-01   0.50000000
7        2012      3       3  7.072380e-01 0.75831610 0.52217876 4.651899e-01  -0.06962025
8        2013      3       3  1.414476e+00 0.34999205 0.15442096 9.423077e-01   0.88461538
9        2014      3       3 -3.031020e-01 0.64165208 0.71905560 1.824324e-01  -0.63513514
10       2006      4       4  1.414476e-01 0.18409271 0.52260396 2.279070e-01  -0.15813953
11       2007      4       4  7.880652e-01 0.24499443 0.08456757 8.380165e-01   0.75702479
12       2008      4       4  1.818612e-01 0.48115951 0.74180111 6.666667e-02  -0.40000000
13       2009      4       4 -1.818612e-01 0.48115951 0.74180111 6.666667e-02  -0.40000000
14       2010      4       4 -7.274448e-01 0.25719058 0.10557281 8.000000e-01   0.70000000
15       2011      4       4  3.637224e-01 0.39286510 0.45227744 3.000000e-01  -0.05000000
16       2012      4       4  8.688924e-01 0.35173765 0.13215392 7.531568e-01   0.62973523
17       2013      4       4  5.051700e-01 0.54782420 0.45380465 2.983294e-01  -0.05250597
18       2006      5       5  4.849632e-01 0.22501340 0.12011037 6.075949e-01   0.47679325
19       2007      5       5  3.435156e-01 0.29305666 0.32573949 3.141304e-01   0.08550725
20       2008      5       5 -3.036871e-15 0.29697810 1.00000000 3.549253e-29  -0.33333333
21       2009      5       5 -3.031020e-01 0.28648084 0.36770073 2.717391e-01   0.02898551
22       2010      5       5 -1.414476e-01 0.36947698 0.72735875 4.657795e-02  -0.27122940
23       2011      5       5  5.859972e-01 0.26060767 0.11008273 6.276119e-01   0.50348259
24       2012      5       5  4.445496e-01 0.31821701 0.25681509 3.941368e-01   0.19218241
25       2006      6       6  2.540283e-01 0.19868564 0.27020152 2.901099e-01   0.11263736
26       2007      6       6  1.674278e-01 0.21712278 0.48365854 1.294178e-01  -0.08822775
27       2008      6       6 -1.385609e-01 0.21023318 0.54585337 9.795918e-02  -0.12755102
28       2009      6       6 -5.773371e-03 0.25424694 0.98297103 1.288937e-04  -0.24983888
29       2010      6       6  1.616544e-01 0.29854528 0.61693039 6.829268e-02  -0.16463415
30       2011      6       6  3.637224e-01 0.21348467 0.16363624 4.205192e-01   0.27564895
31       2006      7       7  1.443343e-01 0.15410685 0.39196819 1.492537e-01  -0.02089552
32       2007      7       7  2.165014e-02 0.17508528 0.90640564 3.048780e-03  -0.19634146
33       2008      7       7  4.330029e-02 0.18199861 0.82138883 1.119403e-02  -0.18656716
34       2009      7       7  1.876346e-01 0.21163561 0.41589931 1.358521e-01  -0.03697749
35       2010      7       7  1.010340e-01 0.21398501 0.65670452 4.268293e-02  -0.14878049
36       2006      8       8  3.608357e-02 0.13076665 0.79185300 1.253133e-02  -0.15204678
37       2007      8       8  1.274953e-01 0.14410022 0.41033301 1.154115e-01  -0.03201994
38       2008      8       8  1.828234e-01 0.15776832 0.29056606 1.828774e-01   0.04669031
39       2009      8       8  1.347120e-01 0.16067585 0.43392466 1.048689e-01  -0.04431960
40       2006      9       9  1.178730e-01 0.11175772 0.32659152 1.371269e-01   0.01385928
41       2007      9       9  2.222748e-01 0.12431134 0.11691083 3.135317e-01   0.21546477
42       2008      9       9  1.414476e-01 0.12451971 0.29336990 1.556471e-01   0.03502521
43       2006     10      10  1.971694e-01 0.10021985 0.08468763 3.260626e-01   0.24182045
44       2007     10      10  1.812489e-01 0.10195571 0.11334372 2.831730e-01   0.19356966
45       2006     11      11  1.671653e-01 0.08364265 0.07673003 3.073868e-01   0.23042976
[1] "Stability Time"
[1] 7
[1] "Absolute Range"
[1] -0.909306  1.414476
[1] "Relative Range"
[1] -1.076471  1.247311
[1] "Proportion Significant"
[1] 0
[1] "Proportion Significantly Wrong"
[1] 0
[1] "Number of phases"
[1] 1
  Breaks     AICs   AICtot Nfits Nbreaks     AICc
1   2015 65.78785 65.78785     1       0 69.78785
[1] "Marlboro"
[1] "Multiple Breakups"
   start_year N_data N_years         slope   slope_se    p_value     r_square adj_r_square
1        2006      3       3  1.287476e-13 0.71472786 1.00000000 3.232822e-26  -1.00000000
2        2007      3       3  1.650593e+00 0.23824262 0.09125790 9.795918e-01   0.95918367
3        2008      3       3 -2.063242e-01 1.31033441 0.90057472 2.419355e-02  -0.95161290
4        2009      3       3 -1.237945e+00 0.71472786 0.33333333 7.500000e-01   0.50000000
5        2010      3       3  2.063242e-01 0.11912131 0.33333333 7.500000e-01   0.50000000
6        2011      3       3 -4.278502e-14 0.23824262 1.00000000 3.235610e-26  -1.00000000
7        2012      3       3  6.998687e-14 0.23824262 1.00000000 8.639650e-26  -1.00000000
8        2013      3       3  1.031621e+00 0.35736393 0.21229562 8.928571e-01   0.78571429
9        2014      3       3  6.189725e-01 0.59560655 0.48775429 5.192308e-01   0.03846154
10       2006      4       4  7.427670e-01 0.53485336 0.29935095 4.909091e-01   0.23636364
11       2007      4       4  4.539132e-01 0.69907059 0.58274622 1.741007e-01  -0.23884892
12       2008      4       4 -3.713835e-01 0.59369755 0.59548008 1.636364e-01  -0.25454545
13       2009      4       4 -6.189725e-01 0.47945402 0.32580014 4.545455e-01   0.18181818
14       2010      4       4  4.126483e-02 0.10917648 0.74180111 6.666667e-02  -0.40000000
15       2011      4       4  8.252966e-02 0.11671457 0.55278640 2.000000e-01  -0.20000000
16       2012      4       4  5.364428e-01 0.32752945 0.24311074 5.728814e-01   0.35932203
17       2013      4       4  6.602373e-01 0.26742668 0.13227817 7.529412e-01   0.62941176
18       2006      5       5  2.475890e-01 0.42082037 0.59765764 1.034483e-01  -0.19540230
19       2007      5       5  1.237945e-01 0.44634741 0.79952515 2.500000e-02  -0.30000000
20       2008      5       5 -2.475890e-01 0.35014371 0.53047777 1.428571e-01  -0.14285714
21       2009      5       5 -4.539132e-01 0.29275743 0.21881140 4.448529e-01   0.25980392
22       2010      5       5  8.252966e-02 0.06738519 0.30806801 3.333333e-01   0.11111111
23       2011      5       5  4.126483e-01 0.20215557 0.13388664 5.813953e-01   0.44186047
24       2012      5       5  4.539132e-01 0.19500999 0.10236781 6.436170e-01   0.52482270
25       2006      6       6  7.073971e-02 0.29380409 0.82156944 1.428571e-02  -0.23214286
26       2007      6       6  7.073971e-02 0.29380409 0.82156944 1.428571e-02  -0.23214286
27       2008      6       6 -2.357990e-01 0.22932391 0.36194914 2.090592e-01   0.01132404
28       2009      6       6 -2.829588e-01 0.21557673 0.25957423 3.010453e-01   0.12630662
29       2010      6       6  3.183287e-01 0.14310755 0.09016994 5.529709e-01   0.44121365
30       2011      6       6  3.890684e-01 0.13304026 0.04305203 6.813347e-01   0.60166840
31       2006      7       7  4.421232e-02 0.20831464 0.84030207 8.928571e-03  -0.18928571
32       2007      7       7  4.486839e-14 0.21172732 1.00000000 8.980288e-27  -0.20000000
33       2008      7       7 -1.621118e-01 0.16764445 0.37795734 1.575521e-01  -0.01093750
34       2009      7       7 -1.473744e-02 0.21729605 0.94855599 9.191176e-04  -0.19889706
35       2010      7       7  3.242237e-01 0.10124954 0.02393564 6.722222e-01   0.60666667
36       2006      8       8 -4.912480e-03 0.15783771 0.97618043 1.614205e-04  -0.16647834
37       2007      8       8  4.912480e-03 0.15783771 0.97618043 1.614205e-04  -0.16647834
38       2008      8       8  1.964992e-02 0.16317521 0.90808002 2.411091e-03  -0.16385373
39       2009      8       8  6.386224e-02 0.16820014 0.71725839 2.346245e-02  -0.13929381
40       2006      9       9 -2.866584e-17 0.12229346 1.00000000 2.649101e-32  -0.14285714
41       2007      9       9  1.169170e-01 0.13830878 0.42587199 9.262821e-02  -0.03699634
42       2008      9       9  7.565219e-02 0.13046496 0.58018136 4.583333e-02  -0.09047619
43       2006     10      10  9.253326e-02 0.11122676 0.42957833 7.962543e-02  -0.03542139
44       2007     10      10  1.450521e-01 0.11152159 0.22958686 1.745538e-01   0.07137298
45       2006     11      11  1.200431e-01 0.09219468 0.22523049 1.585139e-01   0.06501548
[1] "Stability Time"
[1] 7
[1] "Absolute Range"
[1] -1.237945  1.650593
[1] "Relative Range"
[1] -1.357988  1.530550
[1] "Proportion Significant"
[1] 0.04444444
[1] "Proportion Significantly Wrong"
[1] 0.04444444
[1] "Number of phases"
[1] 1
  Breaks     AICs   AICtot Nfits Nbreaks     AICc
1   2015 51.65369 51.65369     1       0 55.65369
[1] "Manalapan"
[1] "Multiple Breakups"
   start_year N_data N_years                  slope  slope_se   p_value     r_square adj_r_square
1        2006      3       3 -0.7136240321482109072 0.4120110 0.3333333 7.500000e-01  0.500000000
2        2007      3       3  1.0704360482228203466 0.6180165 0.3333333 7.500000e-01  0.500000000
3        2008      3       3  0.5352180241110470194 0.9270248 0.6666667 2.500000e-01 -0.500000000
4        2009      3       3 -0.5352180241111583747 0.3090083 0.3333333 7.500000e-01  0.500000000
5        2010      3       3 -0.5352180241114100623 0.3090083 0.3333333 7.500000e-01  0.500000000
6        2011      3       3  0.7136240321484702553 1.0300276 0.6142777 3.243243e-01 -0.351351351
7        2012      3       3 -0.0000000000004234539 1.4420386 1.0000000 8.629183e-26 -1.000000000
8        2013      3       3 -0.1784060080369477275 1.3390358 0.9156768 1.744186e-02 -0.965116279
9        2014      3       3 -0.0000000000002223251 1.2360331 1.0000000 3.230393e-26 -1.000000000
10       2006      4       4  0.2140872096444187689 0.5664215 0.7418011 6.666667e-02 -0.400000000
11       2007      4       4  0.5352180241110469083 0.4145781 0.3258001 4.545455e-01  0.181818182
12       2008      4       4  0.2140872096444187966 0.4541476 0.6837722 1.000000e-01 -0.350000000
13       2009      4       4 -0.6422616289332563344 0.1513825 0.0513167 9.000000e-01  0.850000000
14       2010      4       4  0.3211308144666281672 0.5133631 0.5954801 1.636364e-01 -0.254545455
15       2011      4       4 -0.0713624032148062193 0.6462140 0.9221501 6.060606e-03 -0.490909091
16       2012      4       4  0.3924932176814344698 0.6835535 0.6238079 1.415205e-01 -0.287719298
17       2013      4       4 -0.5352180241110469083 0.6332785 0.4870108 2.631579e-01 -0.105263158
18       2006      5       5  0.1427248064296215146 0.3296088 0.6942489 5.882353e-02 -0.254901961
19       2007      5       5  0.3211308144666535358 0.2693872 0.3189318 3.214286e-01  0.095238095
20       2008      5       5 -0.1070436048222202091 0.3211308 0.7608204 3.571429e-02 -0.285714286
21       2009      5       5 -0.0356812016073977598 0.3609508 0.9274897 3.246753e-03 -0.329004329
22       2010      5       5 -0.0713624032148002380 0.3730919 0.8605249 1.204819e-02 -0.317269076
23       2011      5       5  0.2140872096444253192 0.4078701 0.6359778 8.411215e-02 -0.221183801
24       2012      5       5 -0.0356812016074664409 0.4656818 0.9437486 1.953125e-03 -0.330729167
25       2006      6       6  0.1019462903069068282 0.2170602 0.6630518 5.226481e-02 -0.184668990
26       2007      6       6  0.0611677741841028869 0.2315775 0.8047262 1.714286e-02 -0.228571429
27       2008      6       6  0.1733086935216615609 0.2653216 0.5492687 9.638688e-02 -0.129516398
28       2009      6       6 -0.2140872096444213224 0.2577716 0.4529353 1.470817e-01 -0.066147860
29       2010      6       6  0.1325301773989315812 0.2711337 0.6505722 5.636465e-02 -0.179544191
30       2011      6       6 -0.0407785161227472714 0.3048745 0.9000558 4.452690e-03 -0.244434137
31       2006      7       7 -0.0382298588650893389 0.1735147 0.8343306 9.615385e-03 -0.188461538
32       2007      7       7  0.2293791531904332825 0.1903832 0.2821799 2.250000e-01  0.070000000
33       2008      7       7 -0.0127432862882960688 0.2161856 0.9552785 6.944444e-04 -0.199166667
34       2009      7       7 -0.0254865725767590007 0.2123201 0.9091270 2.873563e-03 -0.196551724
35       2010      7       7 -0.0382298588650726509 0.2155839 0.8662078 6.250000e-03 -0.192500000
36       2006      8       8  0.1146895765952234691 0.1565921 0.4915268 8.206687e-02 -0.070921986
37       2007      8       8  0.0722119556340356378 0.1684351 0.6830899 2.972334e-02 -0.131989441
38       2008      8       8  0.0892030040185081835 0.1715486 0.6216926 4.312115e-02 -0.116358658
39       2009      8       8 -0.1231851007874608522 0.1680060 0.4910681 8.223330e-02 -0.070727812
40       2006      9       9  0.0118937338691344138 0.1350370 0.9322818 1.107011e-03 -0.141591987
41       2007      9       9  0.1367779394950452976 0.1356901 0.3470127 1.267572e-01  0.002008215
42       2008      9       9 -0.0118937338691343843 0.1451351 0.9369810 9.584665e-04 -0.141761753
43       2006     10      10  0.0756873973490260477 0.1138447 0.5248569 5.235714e-02 -0.066098218
44       2007     10      10  0.0454124384094228561 0.1204125 0.7158769 1.746881e-02 -0.105347594
45       2006     11      11  0.0097312368020101986 0.1004514 0.9249486 1.041667e-03 -0.109953704
[1] "Stability Time"
[1] 5
[1] "Absolute Range"
[1] -0.713624  1.070436
[1] "Relative Range"
[1] -0.7233553  1.0607048
[1] "Proportion Significant"
[1] 0
[1] "Proportion Significantly Wrong"
[1] 0
[1] "Number of phases"
[1] 2
      Breaks               AICs   AICtot Nfits Nbreaks     AICc
4 2011, 2015 33.22258, 10.44331 43.66589     2       1 71.66589
[1] "Wall"
[1] "Multiple Breakups"
   start_year N_data N_years                   slope   slope_se    p_value     r_square adj_r_square
1        2006      3       3 -0.17499602286289278608 0.10103400 0.33333333 7.500000e-01  0.500000000
2        2007      3       3 -0.34999204572595016272 0.20206800 0.33333333 7.500000e-01  0.500000000
3        2008      3       3  0.00000000000002684858 0.40413600 1.00000000 4.365274e-27 -1.000000000
4        2009      3       3 -0.00000000000007277379 0.40413600 1.00000000 3.227910e-26 -1.000000000
5        2010      3       3 -0.52498806858880664450 0.10103400 0.12103772 9.642857e-01  0.928571429
6        2011      3       3  0.34999204572589476259 0.40413600 0.54562895 4.285714e-01 -0.142857143
7        2012      3       3  0.52498806858874746961 0.30310200 0.33333333 7.500000e-01  0.500000000
8        2013      3       3  1.39996818290306501709 0.80827201 0.33333333 7.500000e-01  0.500000000
9        2014      3       3 -0.00000000000029078112 1.61654401 1.00000000 3.230374e-26 -1.000000000
10       2006      4       4 -0.31499284115314157839 0.09259919 0.07661948 8.526316e-01  0.778947368
11       2007      4       4 -0.06999840914514257606 0.18519838 0.74180111 6.666667e-02 -0.400000000
12       2008      4       4 -0.13999681829028509661 0.19798540 0.55278640 2.000000e-01 -0.200000000
13       2009      4       4 -0.17499602286285639852 0.20705809 0.48701082 2.631579e-01 -0.105263158
14       2010      4       4 -0.03499920457257135048 0.28648084 0.91393370 7.407407e-03 -0.488888889
15       2011      4       4  0.31499284115314152288 0.18186120 0.22540333 6.000000e-01  0.400000000
16       2012      4       4  1.15497375089485232458 0.38815996 0.09682209 8.157303e-01  0.723595506
17       2013      4       4  0.27999363658057024873 0.74079353 0.74180111 6.666667e-02 -0.400000000
18       2006      5       5 -0.13999681829028631785 0.11430692 0.30806801 3.333333e-01  0.111111111
19       2007      5       5 -0.13999681829030169444 0.11430692 0.30806801 3.333333e-01  0.111111111
20       2008      5       5 -0.20999522743543064252 0.12124080 0.18169011 5.000000e-01  0.333333333
21       2009      5       5  0.03499920457257076761 0.17026552 0.85029535 1.388889e-02 -0.314814815
22       2010      5       5  0.06999840914511580581 0.17615880 0.71768564 5.000000e-02 -0.266666667
23       2011      5       5  0.80498170516915867889 0.30175188 0.07583927 7.034574e-01  0.604609929
24       2012      5       5  0.48998886401603092278 0.44454960 0.35085767 2.882353e-01  0.050980392
25       2006      6       6 -0.16999613649535966209 0.07680971 0.09129914 5.504762e-01  0.438095238
26       2007      6       6 -0.18999568196540933540 0.08020624 0.07691815 5.838275e-01  0.479784367
27       2008      6       6 -0.04999886367509528279 0.12178940 0.70245195 4.043127e-02 -0.199460916
28       2009      6       6  0.08999795461518984852 0.11589962 0.48080304 1.309973e-01 -0.086253369
29       2010      6       6  0.48998886401601943197 0.26850833 0.14207362 4.543046e-01  0.317880795
30       2011      6       6  0.42999022760588784253 0.29308036 0.21623639 3.498581e-01  0.187322611
31       2006      7       7 -0.19999545470038640471 0.05700748 0.01713299 7.111111e-01  0.653333333
32       2007      7       7 -0.07499829551264897143 0.08731926 0.42964068 1.285714e-01 -0.045714286
33       2008      7       7  0.01249971591875014172 0.09337212 0.89872692 3.571429e-03 -0.195714286
34       2009      7       7  0.39999090940071629907 0.19684572 0.09786111 4.522968e-01  0.342756184
35       2010      7       7  0.28749346613180937204 0.22297195 0.25369061 2.495283e-01  0.099433962
36       2006      8       8 -0.10833087129605387111 0.06786952 0.16156480 2.980600e-01  0.181069959
37       2007      8       8 -0.02083285986462835720 0.07220723 0.78266062 1.368363e-02 -0.150702427
38       2008      8       8  0.27082717824013352592 0.16458399 0.15096309 3.109590e-01  0.196118839
39       2009      8       8  0.26249403429430051560 0.16681905 0.16666101 2.921175e-01  0.174137043
40       2006      9       9 -0.05833200762095212821 0.05997548 0.36315459 1.190476e-01 -0.006802721
41       2007      9       9  0.19249562514914198008 0.13527014 0.19772511 2.243819e-01  0.113579278
42       2008      9       9  0.18666242438704674922 0.13643302 0.21355694 2.109890e-01  0.098273155
43       2006     10      10  0.12302750698235764837 0.11512079 0.31639587 1.249257e-01  0.015541444
44       2007     10      10  0.13787565437679408231 0.11242169 0.25491262 1.582575e-01  0.053039667
45       2006     11      11  0.08908888436652735721 0.09601635 0.37769688 8.730512e-02 -0.014105419
[1] "Stability Time"
[1] 7
[1] "Absolute Range"
[1] -0.5249881  1.3999682
[1] "Relative Range"
[1] -0.614077  1.310879
[1] "Proportion Significant"
[1] 0.02222222
[1] "Proportion Significantly Wrong"
[1] 0.02222222
[1] "Number of phases"
[1] 2
      Breaks               AICs   AICtot Nfits Nbreaks     AICc
4 2011, 2015 25.02253, 25.81881 50.84134     2       1 78.84134
[1] "Howell"
[1] "Multiple Breakups"
   start_year N_data N_years                   slope              slope_se               p_value     r_square
1        2006      3       3 -1.20688350581592240829 1.2542301305344674134 0.5122457083555151947 4.807692e-01
2        2007      3       3  0.96550680465310956269 0.0000000000002837157 0.0000000000001870717 1.000000e+00
3        2008      3       3 -0.00000000000003689717 0.5574356135706682869 0.9999999999999578115 4.372286e-27
4        2009      3       3 -0.48275340232640923110 0.2787178067854758079 0.3333333333334476123 7.500000e-01
5        2010      3       3  0.00000000000000000000 0.0000000000000000000                   NaN          NaN
6        2011      3       3  0.24137670116325479763 0.1393589033926510845 0.3333333333332186288 7.500000e-01
7        2012      3       3 -0.24137670116340009807 0.4180767101780951678 0.6666666666664797791 2.500000e-01
8        2013      3       3  0.00000000000003697568 0.5574356135706682869 0.9999999999999578115 4.372302e-27
9        2014      3       3  1.20688350581617331869 0.1393589033924775011 0.0731863950402128760 9.868421e-01
10       2006      4       4 -0.33792738162841612359 0.7525380783203160506 0.6973636091830184291 9.158879e-02
11       2007      4       4  0.38620272186104726009 0.3344613681423626583 0.3675444679663241176 4.000000e-01
12       2008      4       4 -0.09655068046526182890 0.2554490894251447708 0.7418011102528387912 6.666667e-02
13       2009      4       4 -0.28965204139578537568 0.1672306840711812737 0.2254033307585164569 6.000000e-01
14       2010      4       4  0.14482602069789268784 0.0836153420355906507 0.2254033307585165680 6.000000e-01
15       2011      4       4 -0.09655068046526181502 0.2048149226554863978 0.6837722339831620033 1.000000e-01
16       2012      4       4  0.04827534023263086588 0.2508460261067719799 0.8651600275073516588 1.818182e-02
17       2013      4       4  0.53102874255893983690 0.3951506899862508582 0.3111532798063354477 4.745098e-01
18       2006      5       5 -0.28965204139577904741 0.4353711320228738080 0.5534373023179828266 1.285714e-01
19       2007      5       5  0.19310136093051202821 0.2229742454282779562 0.4501848557521915817 2.000000e-01
20       2008      5       5 -0.09655068046526671388 0.1474836005438538711 0.5594043441634731773 1.250000e-01
21       2009      5       5 -0.09655068046525940029 0.1474836005438554531 0.5594043441635054847 1.250000e-01
22       2010      5       5 -0.04827534023262271962 0.1214902753542329711 0.7176856442108094924 5.000000e-02
23       2011      5       5  0.04827534023263169161 0.1448260206978951303 0.7608203755145108715 3.571429e-02
24       2012      5       5  0.38620272186110993218 0.2429805507085051330 0.2101787951479396066 4.571429e-01
25       2006      6       6 -0.23448022398702975111 0.2867917536706814929 0.4594893884654582816 1.431874e-01
26       2007      6       6  0.11034363481742504032 0.1535918394004419374 0.5122252586996574042 1.142857e-01
27       2008      6       6 -0.01379295435219309376 0.1077264172589219443 0.9042988982223790773 4.081633e-03
28       2009      6       6 -0.16551545222616406705 0.1044385647784687038 0.1881871598308716698 3.857143e-01
29       2010      6       6  0.04137886305654195351 0.0948944567157110619 0.6853010393640543985 4.537815e-02
30       2011      6       6  0.28965204139579520115 0.1685526863358336735 0.1608385830993238341 4.247191e-01
31       2006      7       7 -0.18965312234251394119 0.2044372226398068482 0.3961473817113657647 1.468447e-01
32       2007      7       7  0.12068835058158905449 0.1087699297291244149 0.3176759011643148223 1.975806e-01
33       2008      7       7 -0.08620596470108761455 0.0868928756783364370 0.3667044609229062613 1.644737e-01
34       2009      7       7 -0.06896477176092183359 0.0925259506260584508 0.4895897445642089507 1.000000e-01
35       2010      7       7  0.22413550822291261611 0.1250432301586459072 0.1330421892314030130 3.912037e-01
36       2006      8       8 -0.11494128626816985106 0.1583661247981472120 0.4952887305571643806 8.071025e-02
37       2007      8       8  0.03448238588046225600 0.0951308415444271221 0.7294239249592833207 2.142857e-02
38       2008      8       8 -0.02873532156704191459 0.0727709371819083017 0.7065911711704563336 2.532928e-02
39       2009      8       8  0.09770009332796132651 0.1183858050150516372 0.4407891922264275952 1.019400e-01
40       2006      9       9 -0.13678013065912081325 0.1233161630319679763 0.3039981459746694537 1.494828e-01
41       2007      9       9  0.05632123027140268495 0.0747589766018011276 0.4757972385180242458 7.500000e-02
42       2008      9       9  0.09655068046526173176 0.0917036514035625555 0.3273878265588028302 1.367089e-01
43       2006     10      10 -0.08777334587752430584 0.1023604314922700320 0.4161202535069614683 8.417508e-02
44       2007     10      10  0.14336313159993402389 0.0779872201436569157 0.1033159173541073200 2.969697e-01
45       2006     11      11  0.00877733458771993297 0.1004611861514532328 0.9322901708264965670 8.474576e-04
   adj_r_square
1  -0.038461538
2   1.000000000
3  -1.000000000
4   0.500000000
5           NaN
6   0.500000000
7  -0.500000000
8  -1.000000000
9   0.973684211
10 -0.362616822
11  0.100000000
12 -0.400000000
13  0.400000000
14  0.400000000
15 -0.350000000
16 -0.472727273
17  0.211764706
18 -0.161904762
19 -0.066666667
20 -0.166666667
21 -0.166666667
22 -0.266666667
23 -0.285714286
24  0.276190476
25 -0.071015690
26 -0.107142857
27 -0.244897959
28  0.232142857
29 -0.193277311
30  0.280898876
31 -0.023786408
32  0.037096774
33 -0.002631579
34 -0.080000000
35  0.269444444
36 -0.072504708
37 -0.141666667
38 -0.137115839
39 -0.047736626
40  0.027980296
41 -0.057142857
42  0.013381555
43 -0.030303030
44  0.209090909
45 -0.110169492
[1] "Stability Time"
[1] 6
[1] "Absolute Range"
[1] -1.206884  1.206884
[1] "Relative Range"
[1] -1.215661  1.198106
[1] "Proportion Significant"
[1] 0.02222222
[1] "Proportion Significantly Wrong"
[1] 0.02222222
[1] "Number of phases"
[1] 1
  Breaks     AICs   AICtot Nfits Nbreaks     AICc
1   2015 39.96943 39.96943     1       0 43.96943
[1] "Middletown"
[1] "Multiple Breakups"
   start_year N_data N_years         slope   slope_se     p_value       r_square adj_r_square
1        2006      3       3  0.1394574251 0.40257891 0.787704385 0.107142857143  -0.78571429
2        2007      3       3  0.1394574251 0.40257891 0.787704385 0.107142857143  -0.78571429
3        2008      3       3  0.2789148502 0.32206313 0.545628948 0.428571428571  -0.14285714
4        2009      3       3 -0.6972871254 0.24154735 0.212295615 0.892857142857   0.78571429
5        2010      3       3 -0.7670158379 0.20128945 0.163385063 0.935567010309   0.87113402
6        2011      3       3 -0.4881009878 0.04025789 0.052388933 0.993243243243   0.98648649
7        2012      3       3  0.0697287125 0.36232102 0.878962282 0.035714285714  -0.92857143
8        2013      3       3  1.7432178134 0.60386836 0.212295615 0.892857142857   0.78571429
9        2014      3       3  0.7670158379 1.16747884 0.629952165 0.301495016611  -0.39700997
10       2006      4       4  0.2789148502 0.19722258 0.292893219 0.500000000000   0.25000000
11       2007      4       4  0.0836744550 0.18289670 0.692206494 0.094736842105  -0.35789474
12       2008      4       4 -0.1952403951 0.30933153 0.592444243 0.166101694915  -0.25084746
13       2009      4       4 -0.6554498979 0.11069090 0.027354873 0.946038543897   0.91905782
14       2010      4       4 -0.6693956404 0.10620761 0.024261246 0.952066115702   0.92809917
15       2011      4       4 -0.1394574251 0.20209301 0.561470990 0.192307692308  -0.21153846
16       2012      4       4  0.9483104905 0.53250097 0.216889153 0.613262599469   0.41989390
17       2013      4       4  0.9483104905 0.53250097 0.216889153 0.613262599469   0.41989390
18       2006      5       5  0.1952403951 0.12369069 0.212572963 0.453703703704   0.27160494
19       2007      5       5 -0.1673489101 0.17931716 0.419531128 0.225000000000  -0.03333333
20       2008      5       5 -0.3346978202 0.19590335 0.186080527 0.493150684932   0.32420091
21       2009      5       5 -0.6275584128 0.06590501 0.002456313 0.967973231358   0.95729764
22       2010      5       5 -0.3765350477 0.17985863 0.127350614 0.593648208469   0.45819761
23       2011      5       5  0.5159924728 0.39600343 0.283566672 0.361404435058   0.14853925
24       2012      5       5  0.6833413829 0.34339769 0.140691868 0.568957345972   0.42527646
25       2006      6       6 -0.0159379914 0.14636365 0.918531302 0.002955665025  -0.24630542
26       2007      6       6 -0.2749303523 0.13280995 0.107217582 0.517218902770   0.39652363
27       2008      6       6 -0.4064187816 0.13476795 0.039329418 0.694526034713   0.61815754
28       2009      6       6 -0.4303257688 0.12177189 0.024146298 0.757402597403   0.69675325
29       2010      6       6  0.1593799144 0.33105719 0.655365520 0.054769511639  -0.18153811
30       2011      6       6  0.4502482581 0.26200914 0.160842542 0.424713121570   0.28089140
31       2006      7       7 -0.1344768028 0.12407649 0.327917142 0.190240083507   0.02828810
32       2007      7       7 -0.3436629404 0.10195080 0.019870840 0.694428238040   0.63331389
33       2008      7       7 -0.3137792064 0.10927899 0.034939059 0.622490589711   0.54698871
34       2009      7       7 -0.0149418670 0.25481129 0.955511114 0.000687232743  -0.19917532
35       2010      7       7  0.1992248930 0.23522040 0.435664713 0.125470514429  -0.04943538
36       2006      8       8 -0.2191473823 0.10460624 0.081038897 0.422461448938   0.32620502
37       2007      8       8 -0.2855556799 0.08306569 0.013839744 0.663258900547   0.60713538
38       2008      8       8 -0.0166020744 0.18992754 0.933187851 0.001271876272  -0.16518281
39       2009      8       8  0.0547868456 0.19414492 0.787274881 0.013098545809  -0.15138503
40       2006      9       9 -0.1975646855 0.08198018 0.046780328 0.453451882845   0.37537358
41       2007      9       9 -0.0534586796 0.14864819 0.729726919 0.018141289438  -0.12212424
42       2008      9       9  0.0395129371 0.15064234 0.800644468 0.009732824427  -0.13173391
43       2006     10      10 -0.0236655024 0.11982133 0.848357109 0.004852446029  -0.11954100
44       2007     10      10 -0.0008451965 0.12240914 0.994659978 0.000005959298  -0.12499330
45       2006     11      11  0.0152135373 0.10037576 0.882872423 0.002545968883  -0.10828226
[1] "Stability Time"
[1] 8
[1] "Absolute Range"
[1] -0.7670158  1.7432178
[1] "Relative Range"
[1] -0.7822294  1.7280043
[1] "Proportion Significant"
[1] 0.2
[1] "Proportion Significantly Wrong"
[1] 0.2
[1] "Number of phases"
[1] 2
      Breaks               AICs   AICtot Nfits Nbreaks     AICc
2 2009, 2015 22.84756, 48.36478 71.21233     2       1 99.21233
[1] "Red Bank"
[1] "Multiple Breakups"
   start_year N_data N_years        slope   slope_se    p_value     r_square adj_r_square
1        2006      3       3  0.745894350 0.30760165 0.24901012 0.8546511628  0.709302326
2        2007      3       3  0.319669007 0.55368296 0.66666667 0.2500000000 -0.500000000
3        2008      3       3 -0.106556336 0.30760165 0.78770438 0.1071428571 -0.785714286
4        2009      3       3  1.385232364 0.55368296 0.24207544 0.8622448980  0.724489796
5        2010      3       3  0.213112671 1.23040658 0.89081745 0.0291262136 -0.941747573
6        2011      3       3 -1.278676029 0.36912197 0.17891238 0.9230769231  0.846153846
7        2012      3       3 -0.426225343 0.12304066 0.17891238 0.9230769231  0.846153846
8        2013      3       3  0.639338014 0.49216263 0.41765655 0.6279069767  0.255813953
9        2014      3       3  0.213112671 0.73824395 0.82108762 0.0769230769 -0.846153846
10       2006      4       4  0.383602809 0.25035070 0.26515308 0.5400000000  0.310000000
11       2007      4       4  0.255735206 0.25035070 0.41445996 0.3428571429  0.014285714
12       2008      4       4  0.681960549 0.47558040 0.28800934 0.5069306931  0.260396040
13       2009      4       4  0.490159144 0.57303140 0.48245957 0.2678481013 -0.098227848
14       2010      4       4 -0.255735206 0.61323148 0.71715729 0.0800000000 -0.380000000
15       2011      4       4 -0.895073220 0.27622559 0.08348486 0.8400000000  0.760000000
16       2012      4       4  0.170490137 0.34888048 0.67340137 0.1066666667 -0.340000000
17       2013      4       4  0.213112671 0.33015273 0.58477260 0.1724137931 -0.241379310
18       2006      5       5  0.319669007 0.14917887 0.12152456 0.6048387097  0.473118280
19       2007      5       5  0.660649282 0.27485201 0.09556004 0.6582191781  0.544292237
20       2008      5       5  0.319669007 0.34517236 0.42269552 0.2223320158 -0.036890646
21       2009      5       5  0.085245069 0.40510097 0.84681461 0.0145454545 -0.313939394
22       2010      5       5 -0.340980274 0.35745376 0.41050084 0.2327272727 -0.023030303
23       2011      5       5 -0.340980274 0.35745376 0.41050084 0.2327272727 -0.023030303
24       2012      5       5  0.042622534 0.21452872 0.85521557 0.0129870130 -0.316017316
25       2006      6       6  0.590626547 0.18441864 0.03281813 0.7194341787  0.649292723
26       2007      6       6  0.407958543 0.23164638 0.15301553 0.4367439598  0.295929950
27       2008      6       6  0.079156135 0.26522414 0.78022136 0.0217830290 -0.222771214
28       2009      6       6 -0.073067202 0.28050979 0.80735315 0.0166795367 -0.229150579
29       2010      6       6 -0.103511869 0.27121397 0.72212106 0.0351367781 -0.206079027
30       2011      6       6 -0.286179873 0.23613760 0.29223390 0.2685714286  0.085714286
31       2006      7       7  0.418614176 0.16391421 0.05102588 0.5660553892  0.479266467
32       2007      7       7  0.205501505 0.20122866 0.35398701 0.1725852273  0.007102273
33       2008      7       7 -0.038055834 0.19937771 0.85613337 0.0072337963 -0.191319444
34       2009      7       7  0.038055834 0.20846818 0.86232210 0.0066207627 -0.192055085
35       2010      7       7 -0.121778669 0.19206701 0.55392229 0.0744186047 -0.110697674
36       2006      8       8  0.258779672 0.15310873 0.14195278 0.3225446429  0.209635417
37       2007      8       8  0.086259891 0.16503217 0.61992364 0.0435503315 -0.115857947
38       2008      8       8  0.040592890 0.15538991 0.80264880 0.0112458267 -0.153546535
39       2009      8       8 -0.007611167 0.15760405 0.96305015 0.0003885507 -0.166213358
40       2006      9       9  0.152730748 0.13346970 0.29011123 0.1575852273  0.037240260
41       2007      9       9  0.124315725 0.12970782 0.36977101 0.1160037879 -0.010281385
42       2008      9       9  0.003551878 0.12224958 0.97763227 0.0001205788 -0.142719339
43       2006     10      10  0.171781729 0.10703861 0.14719260 0.2435394380  0.148981868
44       2007     10      10  0.078787109 0.10675771 0.48159967 0.0637408568 -0.053291536
45       2006     11      11  0.125930215 0.09131793 0.20118685 0.1744426094  0.082714010
[1] "Stability Time"
[1] 7
[1] "Absolute Range"
[1] -1.278676  1.385232
[1] "Relative Range"
[1] -1.404606  1.259302
[1] "Proportion Significant"
[1] 0.02222222
[1] "Proportion Significantly Wrong"
[1] 0.02222222
[1] "Number of phases"
[1] 1
  Breaks     AICs   AICtot Nfits Nbreaks     AICc
1   2015 61.83555 61.83555     1       0 65.83555
[1] "Little Silver"
[1] "Multiple Breakups"
   start_year N_data N_years         slope     slope_se     p_value     r_square adj_r_square
1        2006      3       3  4.278502e-14 2.364198e-01 1.000000000 3.217996e-26  -1.00000000
2        2007      3       3  1.023728e+00 3.546297e-01 0.212295615 8.928571e-01   0.78571429
3        2008      3       3 -2.047455e-01 1.063889e+00 0.878962282 3.571429e-02  -0.92857143
4        2009      3       3 -2.047455e-01 1.063889e+00 0.878962282 3.571429e-02  -0.92857143
5        2010      3       3  8.189821e-01 4.728395e-01 0.333333333 7.500000e-01   0.50000000
6        2011      3       3 -4.807407e-17 2.775558e-17 0.333333333 6.666667e-01   0.33333333
7        2012      3       3 -4.807407e-17 2.775558e-17 0.333333333 6.666667e-01   0.33333333
8        2013      3       3 -4.807407e-17 2.775558e-17 0.333333333 6.666667e-01   0.33333333
9        2014      3       3  8.189821e-01 4.728395e-01 0.333333333 7.500000e-01   0.50000000
10       2006      4       4  5.323384e-01 3.250235e-01 0.243110737 5.728814e-01   0.35932203
11       2007      4       4  1.637964e-01 5.211970e-01 0.783069542 4.705882e-02  -0.42941176
12       2008      4       4  1.637964e-01 5.211970e-01 0.783069542 4.705882e-02  -0.42941176
13       2009      4       4  4.094911e-02 4.964815e-01 0.941777749 3.389831e-03  -0.49491525
14       2010      4       4  4.913893e-01 2.837037e-01 0.225403331 6.000000e-01   0.40000000
15       2011      4       4 -3.330669e-17 1.922963e-17 0.225403331 6.250000e-01   0.43750000
16       2012      4       4 -3.330669e-17 1.922963e-17 0.225403331 6.250000e-01   0.43750000
17       2013      4       4  4.913893e-01 2.837037e-01 0.225403331 6.000000e-01   0.40000000
18       2006      5       5  1.228473e-01 3.018406e-01 0.711309481 5.232558e-02  -0.26356589
19       2007      5       5  2.866437e-01 3.091590e-01 0.422225182 2.227273e-01  -0.03636364
20       2008      5       5  2.047455e-01 3.018406e-01 0.546203400 1.329787e-01  -0.15602837
21       2009      5       5  8.189821e-02 2.876171e-01 0.794362788 2.631579e-02  -0.29824561
22       2010      5       5  3.275928e-01 1.891358e-01 0.181690114 5.000000e-01   0.33333333
23       2011      5       5  0.000000e+00 0.000000e+00         NaN          NaN          NaN
24       2012      5       5  3.275928e-01 1.891358e-01 0.181690114 5.000000e-01   0.33333333
25       2006      6       6  2.222951e-01 2.057736e-01 0.340798391 2.258603e-01   0.03232534
26       2007      6       6  2.807939e-01 2.024202e-01 0.237674653 3.248120e-01   0.15601504
27       2008      6       6  1.871959e-01 1.978606e-01 0.397669521 1.828571e-01  -0.02142857
28       2009      6       6  8.189821e-02 1.882896e-01 0.686030866 4.516129e-02  -0.19354839
29       2010      6       6  2.339949e-01 1.350970e-01 0.158302423 4.285714e-01   0.28571429
30       2011      6       6  2.339949e-01 1.350970e-01 0.158302423 4.285714e-01   0.28571429
31       2006      7       7  2.339949e-01 1.456606e-01 0.169086823 3.404255e-01   0.20851064
32       2007      7       7  2.486196e-01 1.443331e-01 0.145584518 3.724227e-01   0.24690722
33       2008      7       7  1.608715e-01 1.407317e-01 0.304756565 2.071918e-01   0.04863014
34       2009      7       7  7.312340e-02 1.332372e-01 0.606735339 5.681818e-02  -0.13181818
35       2010      7       7  3.509923e-01 1.169974e-01 0.030099248 6.428571e-01   0.57142857
36       2006      8       8  2.193702e-01 1.088969e-01 0.090590924 4.034668e-01   0.30404463
37       2007      8       8  2.144953e-01 1.093687e-01 0.097530970 3.906376e-01   0.28907721
38       2008      8       8  1.364970e-01 1.058350e-01 0.244628196 2.170543e-01   0.08656331
39       2009      8       8  1.998706e-01 1.233582e-01 0.156306669 3.043636e-01   0.18842417
40       2006      9       9  1.979207e-01 8.525537e-02 0.053276315 4.350000e-01   0.35428571
41       2007      9       9  1.842710e-01 8.649514e-02 0.070626377 3.933453e-01   0.30668037
42       2008      9       9  2.252201e-01 9.666723e-02 0.052625566 4.367647e-01   0.35630252
43       2006     10      10  1.762052e-01 6.915621e-02 0.034284906 4.479694e-01   0.37896561
44       2007     10      10  2.481764e-01 7.824447e-02 0.013158783 5.570410e-01   0.50167112
45       2006     11      11  2.308041e-01 6.466888e-02 0.006033559 5.859756e-01   0.53997290
[1] "Stability Time"
[1] 6
[1] "Absolute Range"
[1] -0.2047455  1.0237276
[1] "Relative Range"
[1] -0.4355496  0.7929236
[1] "Proportion Significant"
[1] 0.08888889
[1] "Proportion Significantly Wrong"
[1] 0.8888889
[1] "Number of phases"
[1] 2
      Breaks               AICs  AICtot Nfits Nbreaks    AICc
2 2009, 2015 22.11972, 27.57338 49.6931     2       1 77.6931
[1] "Holmdel"
[1] "Multiple Breakups"
   start_year N_data N_years                 slope   slope_se    p_value     r_square adj_r_square
1        2006      3       3  0.262860186005777818 0.15176240 0.33333333 7.500000e-01  0.500000000
2        2007      3       3  1.445731023032068352 0.53116840 0.22415078 8.810680e-01  0.762135922
3        2008      3       3  0.131430093002763870 1.28998039 0.93536083 1.027397e-02 -0.979452055
4        2009      3       3 -0.657150465014225804 0.83469320 0.57540877 3.826531e-01 -0.234693878
5        2010      3       3 -0.262860186005980545 0.60704960 0.73985306 1.578947e-01 -0.684210526
6        2011      3       3  0.000000000000136441 0.75881200 1.00000000 3.230744e-26 -1.000000000
7        2012      3       3  0.788580558017318189 0.30352480 0.23390805 8.709677e-01  0.741935484
8        2013      3       3 -0.262860186005718865 0.30352480 0.54562895 4.285714e-01 -0.142857143
9        2014      3       3  0.394290279008748412 0.68293080 0.66666667 2.500000e-01 -0.500000000
10       2006      4       4  0.920010651019839698 0.38542869 0.13966212 7.401813e-01  0.610271903
11       2007      4       4  0.473148334810203408 0.60969965 0.51892976 2.314286e-01 -0.152857143
12       2008      4       4  0.105144074402267418 0.57709635 0.87222469 1.632653e-02 -0.475510204
13       2009      4       4 -0.709722502215305084 0.37451812 0.19856956 6.422907e-01  0.463436123
14       2010      4       4  0.105144074402267418 0.34473790 0.78918149 4.444444e-02 -0.433333333
15       2011      4       4  0.210288148804534836 0.36041573 0.61861496 1.454545e-01 -0.281818182
16       2012      4       4  0.262860186005668517 0.33249476 0.51204996 2.380952e-01 -0.142857143
17       2013      4       4  0.236574167405101676 0.31870104 0.53524200 2.160000e-01 -0.176000000
18       2006      5       5  0.446862316209644617 0.35233725 0.29417752 3.490338e-01  0.132045089
19       2007      5       5  0.341718241807381529 0.36009607 0.41264830 2.308743e-01 -0.025500911
20       2008      5       5 -0.184002130203979708 0.37266863 0.65537531 7.515337e-02 -0.233128834
21       2009      5       5 -0.315432223206800422 0.31396849 0.38907898 2.517483e-01  0.002331002
22       2010      5       5  0.210288148804517017 0.20808612 0.38664958 2.539683e-01  0.005291005
23       2011      5       5  0.052572037201138191 0.22713716 0.83184972 1.754386e-02 -0.309941520
24       2012      5       5  0.420576297609097538 0.21246736 0.14212841 5.663717e-01  0.421828909
25       2006      6       6  0.360493969379237444 0.23598732 0.20132857 3.684435e-01  0.210554371
26       2007      6       6  0.067592619258572961 0.28393801 0.82353639 1.396953e-02 -0.232538086
27       2008      6       6 -0.052572037201175210 0.25549711 0.84702346 1.047382e-02 -0.236907731
28       2009      6       6 -0.120164656459701258 0.23442857 0.63524857 6.163724e-02 -0.172953451
29       2010      6       6  0.097633783373534955 0.15095498 0.55301954 9.467787e-02 -0.131652661
30       2011      6       6  0.225308730862012946 0.17904341 0.27668914 2.836134e-01  0.104516807
31       2006      7       7  0.150205820574666304 0.20636224 0.49933312 9.580838e-02 -0.085029940
32       2007      7       7  0.103266501645101899 0.20182815 0.63068029 4.975329e-02 -0.140296053
33       2008      7       7  0.028163591357789338 0.18658010 0.88591888 4.536290e-03 -0.194556452
34       2009      7       7 -0.122042229216961062 0.16576958 0.49466698 9.780093e-02 -0.082638889
35       2010      7       7  0.215920867076073386 0.12671877 0.14911794 3.673611e-01  0.240833333
36       2006      8       8  0.159593684360584354 0.15390880 0.33973671 1.519720e-01  0.010633947
37       2007      8       8  0.131430093002838477 0.15131005 0.41844233 1.117021e-01 -0.036347518
38       2008      8       8 -0.006258575857277186 0.14048145 0.96591097 3.306878e-04 -0.166280864
39       2009      8       8  0.018775727571854525 0.14790645 0.90313268 2.678571e-03 -0.163541667
40       2006      9       9  0.170859120903684464 0.11939454 0.19550693 2.263393e-01  0.115816327
41       2007      9       9  0.083239058901795004 0.12046146 0.51182114 6.385613e-02 -0.069878706
42       2008      9       9  0.083239058901795032 0.12046146 0.51182114 6.385613e-02 -0.069878706
43       2006     10      10  0.124261178839042613 0.09897064 0.24471383 1.646104e-01  0.060186688
44       2007     10      10  0.140192099203023279 0.10156508 0.20482868 1.923497e-01  0.091393443
45       2006     11      11  0.164885025767185278 0.08414407 0.08170267 2.990578e-01  0.221175321
[1] "Stability Time"
[1] 8
[1] "Absolute Range"
[1] -0.7097225  1.4457310
[1] "Relative Range"
[1] -0.8746075  1.2808460
[1] "Proportion Significant"
[1] 0
[1] "Proportion Significantly Wrong"
[1] 0
[1] "Number of phases"
[1] 1
  Breaks     AICs   AICtot Nfits Nbreaks     AICc
1   2015 55.33011 55.33011     1       0 59.33011
[1] "Neptune"
[1] "Multiple Breakups"
   start_year N_data N_years         slope     slope_se                p_value    r_square adj_r_square
1        2006      3       3  2.884444e-16 1.665335e-16 0.33333333333344761229 0.571428571   0.14285714
2        2007      3       3  3.191424e-01 1.842569e-01 0.33333333333314613123 0.750000000   0.50000000
3        2008      3       3  6.382847e-01 4.215698e-14 0.00000000000004204702 1.000000000   1.00000000
4        2009      3       3  3.191424e-01 1.842569e-01 0.33333333333344761229 0.750000000   0.50000000
5        2010      3       3 -4.807407e-17 2.775558e-17 0.33333333333352027639 0.666666667   0.33333333
6        2011      3       3  6.382847e-01 3.685139e-01 0.33333333333321896186 0.750000000   0.50000000
7        2012      3       3  6.382847e-01 3.685139e-01 0.33333333333352027639 0.750000000   0.50000000
8        2013      3       3 -1.276569e+00 7.370277e-01 0.33333333333329112635 0.750000000   0.50000000
9        2014      3       3 -1.276569e+00 7.370277e-01 0.33333333333344761229 0.750000000   0.50000000
10       2006      4       4  1.914854e-01 1.105542e-01 0.22540333075851642919 0.600000000   0.40000000
11       2007      4       4  4.467993e-01 1.105542e-01 0.05612019255146106361 0.890909091   0.83636364
12       2008      4       4  4.467993e-01 1.105542e-01 0.05612019255146106361 0.890909091   0.83636364
13       2009      4       4  1.914854e-01 1.105542e-01 0.22540333075851656797 0.600000000   0.40000000
14       2010      4       4  3.829708e-01 2.211083e-01 0.22540333075851670674 0.600000000   0.40000000
15       2011      4       4  5.106278e-01 1.805342e-01 0.10557280900008415847 0.800000000   0.70000000
16       2012      4       4 -3.829708e-01 6.122212e-01 0.59548008252205475443 0.163636364  -0.25454545
17       2013      4       4 -1.021256e+00 3.610684e-01 0.10557280900008415847 0.800000000   0.70000000
18       2006      5       5  3.191424e-01 9.749960e-02 0.04666188191977856115 0.781250000   0.70833333
19       2007      5       5  3.829708e-01 7.370277e-02 0.01384683298885149363 0.900000000   0.86666667
20       2008      5       5  3.191424e-01 9.749960e-02 0.04666188191978554861 0.781250000   0.70833333
21       2009      5       5  3.829708e-01 1.276569e-01 0.05766888562243731309 0.750000000   0.66666667
22       2010      5       5  3.829708e-01 1.276569e-01 0.05766888562245291866 0.750000000   0.66666667
23       2011      5       5 -1.276569e-01 3.829708e-01 0.76082037551450265589 0.035714286  -0.28571429
24       2012      5       5 -5.106278e-01 3.610684e-01 0.25221549635543061285 0.400000000   0.20000000
25       2006      6       6  3.100240e-01 6.404521e-02 0.00839578278514046226 0.854187192   0.81773399
26       2007      6       6  3.100240e-01 6.404521e-02 0.00839578278514619379 0.854187192   0.81773399
27       2008      6       6  4.194443e-01 8.618331e-02 0.00823820193043197334 0.855525606   0.81940701
28       2009      6       6  3.829708e-01 8.357109e-02 0.01016364988953854208 0.840000000   0.80000000
29       2010      6       6 -3.647341e-02 2.561808e-01 0.89366826927317100093 0.005042017  -0.24369748
30       2011      6       6 -2.917873e-01 2.680238e-01 0.33750185654035158578 0.228571429   0.03571429
31       2006      7       7  2.735506e-01 4.994328e-02 0.00276496030130712021 0.857142857   0.82857143
32       2007      7       7  3.875300e-01 6.366544e-02 0.00173081815247302950 0.881097561   0.85731707
33       2008      7       7  4.103259e-01 6.116777e-02 0.00111443754150641135 0.900000000   0.88000000
34       2009      7       7  6.838765e-02 1.909963e-01 0.73492019622334625595 0.025000000  -0.17000000
35       2010      7       7 -1.823671e-01 1.997731e-01 0.40318033399687180918 0.142857143  -0.02857143
36       2006      8       8  3.419383e-01 5.426506e-02 0.00074476797324197650 0.868725869   0.84684685
37       2007      8       8  3.875300e-01 4.745342e-02 0.00018145196196652077 0.917460317   0.90370370
38       2008      8       8  1.595712e-01 1.517825e-01 0.33360108714813541120 0.155555556   0.01481481
39       2009      8       8 -6.838765e-02 1.627952e-01 0.68905222644391450615 0.028571429  -0.13333333
40       2006      9       9  3.510566e-01 4.236192e-02 0.00007272626679468036 0.907500000   0.89428571
41       2007      9       9  1.914854e-01 1.190053e-01 0.15164081702003678886 0.270000000   0.16571429
42       2008      9       9  3.191424e-02 1.387618e-01 0.82467369311099458784 0.007500000  -0.13428571
43       2006     10      10  1.972880e-01 9.499247e-02 0.07146084442365767397 0.350303030   0.26909091
44       2007     10      10  8.123624e-02 1.142977e-01 0.49743842802000415304 0.059393939  -0.05818182
45       2006     11      11  1.044466e-01 9.428090e-02 0.29666503692407342196 0.120000000   0.02222222
[1] "Stability Time"
[1] 7
[1] "Absolute Range"
[1] -1.2765695  0.6382847
[1] "Relative Range"
[1] -1.3810161  0.5338381
[1] "Proportion Significant"
[1] 0.3111111
[1] "Proportion Significantly Wrong"
[1] 0.3111111
[1] "Number of phases"
[1] 2
      Breaks               AICs   AICtot Nfits Nbreaks     AICc
4 2011, 2015 12.44555, 21.58423 34.02978     2       1 62.02978
[1] "Atlantic Highlands"
[1] "Multiple Breakups"
   start_year N_data N_years         slope     slope_se      p_value     r_square adj_r_square
1        2006      3       3 -4.827534e-01 2.787178e-01 3.333333e-01 7.500000e-01  0.500000000
2        2007      3       3 -4.827534e-01 2.787178e-01 3.333333e-01 7.500000e-01  0.500000000
3        2008      3       3 -9.655068e-01 6.374575e-14 4.203161e-14 1.000000e+00  1.000000000
4        2009      3       3 -4.827534e-01 2.787178e-01 3.333333e-01 7.500000e-01  0.500000000
5        2010      3       3  4.827534e-01 2.787178e-01 3.333333e-01 7.500000e-01  0.500000000
6        2011      3       3  9.655068e-01 1.734952e-13 1.143964e-13 1.000000e+00  1.000000000
7        2012      3       3  9.655068e-01 2.835587e-13 1.869682e-13 1.000000e+00  1.000000000
8        2013      3       3 -3.697568e-14 5.574356e-01 1.000000e+00 4.372332e-27 -1.000000000
9        2014      3       3 -9.655068e-01 1.736522e-13 1.144999e-13 1.000000e+00  1.000000000
10       2006      4       4 -5.793041e-01 1.365433e-01 5.131670e-02 9.000000e-01  0.850000000
11       2007      4       4 -6.758548e-01 1.672307e-01 5.612019e-02 8.909091e-01  0.836363636
12       2008      4       4 -6.758548e-01 1.672307e-01 5.612019e-02 8.909091e-01  0.836363636
13       2009      4       4 -4.965068e-17 3.053201e-01 1.000000e+00 0.000000e+00 -0.500000000
14       2010      4       4  6.758548e-01 1.672307e-01 5.612019e-02 8.909091e-01  0.836363636
15       2011      4       4  9.655068e-01 3.510833e-17 1.322238e-33 1.000000e+00  1.000000000
16       2012      4       4  3.862027e-01 3.344614e-01 3.675445e-01 4.000000e-01  0.100000000
17       2013      4       4 -3.862027e-01 3.344614e-01 3.675445e-01 4.000000e-01  0.100000000
18       2006      5       5 -6.758548e-01 9.655068e-02 5.986256e-03 9.423077e-01  0.923076923
19       2007      5       5 -5.793041e-01 1.114871e-01 1.384683e-02 9.000000e-01  0.866666667
20       2008      5       5 -2.896520e-01 2.429806e-01 3.189318e-01 3.214286e-01  0.095238095
21       2009      5       5  2.896520e-01 2.429806e-01 3.189318e-01 3.214286e-01  0.095238095
22       2010      5       5  7.724054e-01 1.114871e-01 6.165373e-03 9.411765e-01  0.921568627
23       2011      5       5  5.793041e-01 2.229742e-01 8.050957e-02 6.923077e-01  0.589743590
24       2012      5       5 -4.571105e-14 2.949672e-01 1.000000e+00 8.027473e-27 -0.333333333
25       2006      6       6 -6.068900e-01 7.470299e-02 1.248593e-03 9.428571e-01  0.928571429
26       2007      6       6 -3.310309e-01 1.608521e-01 1.087010e-01 5.142857e-01  0.392857143
27       2008      6       6  3.983565e-14 2.308003e-01 1.000000e+00 7.428243e-27 -0.250000000
28       2009      6       6  4.689604e-01 1.897889e-01 6.887589e-02 6.041812e-01  0.505226481
29       2010      6       6  5.517182e-01 1.468372e-01 1.982042e-02 7.792208e-01  0.724025974
30       2011      6       6  2.482732e-01 2.404884e-01 3.602273e-01 2.103896e-01  0.012987013
31       2006      7       7 -4.137886e-01 1.233679e-01 2.023788e-02 6.923077e-01  0.630769231
32       2007      7       7 -1.034472e-01 1.737858e-01 5.775881e-01 6.617647e-02 -0.120588235
33       2008      7       7  2.068943e-01 2.022444e-01 3.532317e-01 1.730769e-01  0.007692308
34       2009      7       7  3.793062e-01 1.438374e-01 4.613986e-02 5.817308e-01  0.498076923
35       2010      7       7  3.103415e-01 1.737858e-01 1.341939e-01 3.894231e-01  0.267307692
36       2006      8       8 -2.183884e-01 1.455419e-01 1.841503e-01 2.728647e-01  0.151675485
37       2007      8       8  8.045890e-02 1.674886e-01 6.479668e-01 3.703704e-02 -0.123456790
38       2008      8       8  1.954002e-01 1.508901e-01 2.429210e-01 2.184429e-01  0.088183422
39       2009      8       8  2.298826e-01 1.376099e-01 1.458491e-01 3.174603e-01  0.203703704
40       2006      9       9 -4.827534e-02 1.495180e-01 7.562217e-01 1.467391e-02 -0.126086957
41       2007      9       9  9.655068e-02 1.300683e-01 4.820611e-01 7.297297e-02 -0.059459459
42       2008      9       9  1.126425e-01 1.262681e-01 4.019686e-01 1.020833e-01 -0.026190476
43       2006     10      10 -1.170311e-02 1.211286e-01 9.254070e-01 1.165501e-03 -0.123688811
44       2007     10      10  4.681245e-02 1.076591e-01 6.751834e-01 2.308802e-02 -0.099025974
45       2006     11      11 -3.510934e-02 9.982007e-02 7.331381e-01 1.355932e-02 -0.096045198
[1] "Stability Time"
[1] 8
[1] "Absolute Range"
[1] -0.9655068  0.9655068
[1] "Relative Range"
[1] -0.9303975  1.0006161
[1] "Proportion Significant"
[1] 0.2666667
[1] "Proportion Significantly Wrong"
[1] 0.2666667
[1] "Number of phases"
[1] 2
      Breaks               AICs   AICtot Nfits Nbreaks     AICc
3 2010, 2015 11.80480, 15.78948 27.59428     2       1 55.59428
[1] "Lincroft"
[1] "Multiple Breakups"
   start_year N_data N_years       slope               slope_se                p_value    r_square adj_r_square
1        2006      3       3  0.78464746 1.05703832313911028074 0.59348027162645411448 0.355263158 -0.289473684
2        2007      3       3 -0.26154915 0.45301642420258164679 0.66666666666685370224 0.250000000 -0.500000000
3        2008      3       3  0.52309831 0.00000000000003446353 0.00000000000004194272 1.000000000  1.000000000
4        2009      3       3  0.78464746 0.15100547473399741905 0.12103771832356230442 0.964285714  0.928571429
5        2010      3       3 -0.78464746 1.05703832313894730000 0.59348027162615246688 0.355263158 -0.289473684
6        2011      3       3 -1.04619662 0.90603284840501896458 0.45437105165712443622 0.571428571  0.142857143
7        2012      3       3  0.52309831 0.00000000000015371205 0.00000000000018707025 1.000000000  1.000000000
8        2013      3       3  0.52309831 0.00000000000003446353 0.00000000000004194272 1.000000000  1.000000000
9        2014      3       3 -0.52309831 0.60402189893645974461 0.54562894834287556378 0.428571429 -0.142857143
10       2006      4       4  0.52309831 0.49625462891182980929 0.40238569533280310608 0.357142857  0.035714286
11       2007      4       4  0.05230983 0.27180985452136458003 0.86516002750735176985 0.018181818 -0.472727273
12       2008      4       4  0.68002780 0.09060328484045482300 0.01729237017600919815 0.965714286  0.948571429
13       2009      4       4 -0.20923932 0.57778096695126968108 0.75193053082158312073 0.061538462 -0.407692308
14       2010      4       4 -0.57540814 0.48791362093360063357 0.35955523928645982679 0.410169492  0.115254237
15       2011      4       4 -0.41847865 0.54361970904272904903 0.52190855626624244046 0.228571429 -0.157142857
16       2012      4       4  0.52309831 0.00000000000000000000 0.00000000000000000000 1.000000000  1.000000000
17       2013      4       4 -0.10461966 0.36241313936181940303 0.80000000000000004441 0.040000000 -0.440000000
18       2006      5       5  0.47078848 0.28810008395486053079 0.20074537614242768391 0.470930233  0.294573643
19       2007      5       5  0.31385899 0.21778319281182426104 0.24519388179486092949 0.409090909  0.212121212
20       2008      5       5  0.05230983 0.36616881624471298018 0.89545833382765183117 0.006756757 -0.324324324
21       2009      5       5 -0.26154915 0.33494634604122941468 0.49183212504528234232 0.168918919 -0.108108108
22       2010      5       5 -0.31385899 0.31961834620449852684 0.39852055020290433340 0.243243243 -0.009009009
23       2011      5       5 -0.10461966 0.36241313936182656397 0.79162744781520344439 0.027027027 -0.297297297
24       2012      5       5  0.10461966 0.24160875957457841889 0.69424885162943095196 0.058823529 -0.254901961
25       2006      6       6  0.53804397 0.19256143588350554952 0.04910402953423168709 0.661224490  0.576530612
26       2007      6       6 -0.02989133 0.24436658996420881906 0.90854359739446455269 0.003726708 -0.245341615
27       2008      6       6 -0.05978266 0.24829605117347247623 0.82156944332071213388 0.014285714 -0.232142857
28       2009      6       6 -0.16440233 0.22633351254901240557 0.50783662598906820218 0.116532905 -0.104333868
29       2010      6       6 -0.11956533 0.23741195488390021140 0.64099949424978019952 0.059627329 -0.175465839
30       2011      6       6 -0.22418499 0.24709364192204463784 0.41557034387819896670 0.170670038 -0.036662453
31       2006      7       7  0.22418499 0.22666224694522255079 0.36804562804629886719 0.163636364 -0.003636364
32       2007      7       7 -0.09341041 0.17664202879173812599 0.61956029865617279206 0.052966102 -0.136440678
33       2008      7       7 -0.03736416 0.17604827239311354736 0.84030206529287432282 0.008928571 -0.189285714
34       2009      7       7 -0.05604625 0.17183454062321998346 0.75750938765225950267 0.020833333 -0.175000000
35       2010      7       7 -0.20550291 0.17505420305582644613 0.29328674522023678861 0.216071429  0.059285714
36       2006      8       8  0.11831986 0.17966052887136213512 0.53460918460776962746 0.067413632 -0.088017429
37       2007      8       8 -0.06850097 0.13244431650579088777 0.62351845656465676448 0.042680776 -0.116872428
38       2008      8       8  0.01868208 0.13514951251635237695 0.89457909100176769002 0.003174603 -0.162962963
39       2009      8       8 -0.13700194 0.13633986060569605603 0.35375574912841095676 0.144047619  0.001388889
40       2006      9       9  0.09590136 0.13976506387165996137 0.51468867680936014608 0.063020833 -0.070833333
41       2007      9       9 -0.01743661 0.10674309233972453792 0.87485802374134680193 0.003797468 -0.138517179
42       2008      9       9 -0.06102814 0.11435532672888527872 0.61008850645640255728 0.039095745 -0.098176292
43       2006     10      10  0.10778995 0.11170503108879978327 0.36282830603844978823 0.104256854 -0.007711039
44       2007     10      10 -0.07608703 0.09163736631347209338 0.43044556276309287046 0.079338843 -0.035743802
45       2006     11      11  0.03804351 0.09970054162289077038 0.71162724368698127009 0.015920398 -0.093421780
[1] "Stability Time"
[1] 7
[1] "Absolute Range"
[1] -1.0461966  0.7846475
[1] "Relative Range"
[1] -1.084240  0.746604
[1] "Proportion Significant"
[1] 0.1333333
[1] "Proportion Significantly Wrong"
[1] 0.1333333
[1] "Number of phases"
[1] 1
  Breaks     AICs   AICtot Nfits Nbreaks     AICc
1   2015 43.84232 43.84232     1       0 47.84232
[1] "Eatontown"
[1] "Multiple Breakups"
   start_year N_data N_years       slope               slope_se               p_value   r_square adj_r_square
1        2006      3       3 -1.05900676 0.91712676077409049924 0.4543710516571242697 0.57142857   0.14285714
2        2007      3       3  0.79425507 0.15285446012877992872 0.1210377183234894183 0.96428571   0.92857143
3        2011      3       3 -0.52950338 0.00000000000009522611 0.0000000000001144900 1.00000000   1.00000000
4        2012      3       3 -0.52950338 0.00000000000015559616 0.0000000000001870726 1.00000000   1.00000000
5        2013      3       3  0.26475169 0.45856338038684241187 0.6666666666666247743 0.25000000  -0.50000000
6        2014      3       3  1.05900676 0.00000000000019013820 0.0000000000001143012 1.00000000   1.00000000
7        2006      4       4 -0.26475169 0.61522733432219678384 0.7088887451302090525 0.08474576  -0.37288136
8        2011      4       4 -0.52950338 0.00000000000000000000 0.0000000000000000000 1.00000000   1.00000000
9        2012      4       4 -0.05295034 0.27513802823208438619 0.8651600275073515478 0.01818182  -0.47272727
10       2013      4       4  0.58245372 0.27513802823208433068 0.1684781593797000099 0.69142857   0.53714286
11       2011      5       5 -0.21180135 0.18342535215472702270 0.3318414060545101241 0.30769231   0.07692308
12       2012      5       5  0.26475169 0.24264893297293615992 0.3550247892079305134 0.28409091   0.04545455
13       2011      6       6  0.06051467 0.19783300571420289748 0.7749491537853396839 0.02285714  -0.22142857
14       2006     10      10  0.12009856 0.09234511573331118106 0.2296272213005774998 0.17452635   0.07134214
[1] "Stability Time"
[1] 6
[1] "Absolute Range"
[1] -1.059007  1.059007
[1] "Relative Range"
[1] -1.1791053  0.9389082
[1] "Proportion Significant"
[1] 0.2857143
[1] "Proportion Significantly Wrong"
[1] 0.2857143
[1] "Number of phases"
[1] 1
  Breaks     AICs   AICtot Nfits Nbreaks     AICc
1   2015 39.60956 39.60956     1       0 44.40956
[1] "Millstone"
[1] "Multiple Breakups"
   start_year N_data N_years                  slope               slope_se               p_value     r_square
1        2006      3       3 -0.0000000000001549681 0.86125387764509020450 0.9999999999998854250 3.232592e-26
2        2007      3       3  0.2486225790498447219 1.00479619058606406412 0.8455790416885468064 5.769231e-02
3        2008      3       3  0.7458677371483082297 0.71771156470414965156 0.4877542916446414578 5.192308e-01
4        2009      3       3 -1.4917354742971089543 0.57416925176312494372 0.2339080492818066404 8.709677e-01
5        2010      3       3 -0.9944903161979471440 0.86125387764555239034 0.4543710516571968228 5.714286e-01
6        2011      3       3  0.4972451580990019937 0.00000000000008949527 0.0000000000001145802 1.000000e+00
7        2006      4       4  0.4475206422889622115 0.46379940719010204209 0.4363981380233654672 3.176471e-01
8        2007      4       4  0.1988980632395387360 0.45027464146590889804 0.7018576030000280852 8.888889e-02
9        2008      4       4 -0.3480716106691928435 0.70846529690809612045 0.6718349383430530786 1.076923e-01
10       2009      4       4 -0.9944903161976937911 0.38516444325982163166 0.1229419806929707704 7.692308e-01
11       2010      4       4 -0.3977961264790775830 0.51675232658689318477 0.5219085562662424405 2.285714e-01
12       2006      5       5  0.3480716106691961742 0.27386127875258869935 0.2933384053913982159 3.500000e-01
13       2007      5       5 -0.3480716106692339773 0.40903262988144589718 0.4573206066683753734 1.944444e-01
14       2008      5       5 -0.3977961264790941809 0.41003886173370335255 0.4035334019080809020 2.388060e-01
15       2009      5       5 -0.5966941897186229804 0.31968390982000793876 0.1588011387909686045 5.373134e-01
16       2006      6       6 -0.0852420271027043708 0.30778200083159590328 0.7955369593611990586 1.881533e-02
17       2007      6       6 -0.3835891219620091719 0.26855873579682471020 0.2263908227463786449 3.377606e-01
18       2008      6       6 -0.2841400903422704460 0.27633749853596895063 0.3619491368566615241 2.090592e-01
19       2006      7       7 -0.1775875564638144388 0.22407018011239293598 0.4639656864403886027 1.116071e-01
20       2007      7       7 -0.3018988459885544873 0.19566893216837899505 0.1834990463934775273 3.225446e-01
21       2006      8       8 -0.1598288008174853225 0.16732647671356196128 0.3763648996778221067 1.319935e-01
22       2006     10      10 -0.1301480833385443014 0.09550626047109743444 0.2100914142899064085 1.883940e-01
   adj_r_square
1   -1.00000000
2   -0.88461538
3    0.03846154
4    0.74193548
5    0.14285714
6    1.00000000
7   -0.02352941
8   -0.36666667
9   -0.33846154
10   0.65384615
11  -0.15714286
12   0.13333333
13  -0.07407407
14  -0.01492537
15   0.38308458
16  -0.22648084
17   0.17220077
18   0.01132404
19  -0.06607143
20   0.18705357
21  -0.01267427
22   0.08694328
[1] "Stability Time"
[1] 6
[1] "Absolute Range"
[1] -1.4917355  0.7458677
[1] "Relative Range"
[1] -1.3615874  0.8760158
[1] "Proportion Significant"
[1] 0.04545455
[1] "Proportion Significantly Wrong"
[1] 0.04545455
[1] "Number of phases"
[1] 2
      Breaks                AICs   AICtot Nfits Nbreaks     AICc
2 2009, 2015 19.873823, 7.725236 27.59906     2       1 69.59906
[1] "Manasquan"
[1] "Multiple Breakups"
   start_year N_data N_years         slope     slope_se   p_value     r_square adj_r_square
1        2006      3       3 -1.075513e-13 5.976143e-01 1.0000000 3.233920e-26  -1.00000000
2        2007      3       3 -5.175492e-01 2.988072e-01 0.3333333 7.500000e-01   0.50000000
3        2008      3       3  1.922963e-16 1.110223e-16 0.3333333 6.000000e-01   0.20000000
4        2009      3       3  1.552648e+00 8.964215e-01 0.3333333 7.500000e-01   0.50000000
5        2010      3       3 -5.266090e-13 1.792843e+00 1.0000000 8.630289e-26  -1.00000000
6        2014      3       3 -5.175492e-01 2.988072e-01 0.3333333 7.500000e-01   0.50000000
7        2006      4       4 -1.035098e-01 2.738613e-01 0.7418011 6.666667e-02  -0.40000000
8        2007      4       4 -3.105295e-01 1.792843e-01 0.2254033 6.000000e-01   0.40000000
9        2008      4       4  9.315885e-01 5.378529e-01 0.2254033 6.000000e-01   0.40000000
10       2009      4       4  3.105295e-01 8.215838e-01 0.7418011 6.666667e-02  -0.40000000
11       2006      5       5 -1.035098e-01 1.581139e-01 0.5594043 1.250000e-01  -0.16666667
12       2007      5       5  4.140393e-01 4.309458e-01 0.4075444 2.352941e-01  -0.01960784
13       2008      5       5  3.105295e-01 4.743416e-01 0.5594043 1.250000e-01  -0.16666667
14       2006      6       6  3.548909e-01 2.841796e-01 0.2798259 2.805195e-01   0.10064935
15       2007      6       6  1.182970e-01 3.297671e-01 0.7379309 3.116883e-02  -0.21103896
16       2006      7       7  1.478712e-01 2.338049e-01 0.5548783 7.407407e-02  -0.11111111
17       2006     10      10  4.116868e-02 1.021839e-01 0.6975826 1.988636e-02  -0.10262784
[1] "Stability Time"
[1] 6
[1] "Absolute Range"
[1] -0.5175492  1.5526475
[1] "Relative Range"
[1] -0.5587179  1.5114788
[1] "Proportion Significant"
[1] 0
[1] "Proportion Significantly Wrong"
[1] 0
[1] "Number of phases"
[1] 2
      Breaks               AICs  AICtot Nfits Nbreaks    AICc
2 2009, 2015 10.18447, 17.79683 27.9813     2       1 69.9813
[1] "Freehold"
[1] "Multiple Breakups"
   start_year N_data N_years       slope               slope_se              p_value    r_square  adj_r_square
1        2006      3       3 -0.59712982 0.34475306111715509072 0.333333333333218795 0.750000000  0.5000000000
2        2007      3       3  1.04497718 1.29282397918968250394 0.567241382615067957 0.395161290 -0.2096774194
3        2008      3       3  0.44784736 1.63757704030670359074 0.830051729984433995 0.069587629 -0.8608247423
4        2009      3       3 -1.04497718 0.77569438751402830512 0.406519728373774925 0.644736842  0.2894736842
5        2010      3       3  0.29856491 0.00000000000008765041 0.000000000000186894 1.000000000  1.0000000000
6        2011      3       3 -0.74641227 0.60331785695507500478 0.432758617384630784 0.604838710  0.2096774194
7        2012      3       3 -0.74641227 0.60331785695554740467 0.432758617384932209 0.604838710  0.2096774194
8        2013      3       3  1.04497718 0.43094132639642412919 0.249010117011347398 0.854651163  0.7093023256
9        2014      3       3  0.74641227 0.60331785695534356773 0.432758617384859712 0.604838710  0.2096774194
10       2006      4       4  0.50756035 0.65616389224385307521 0.520126178603008915 0.230278884 -0.1545816733
11       2007      4       4  0.23885193 0.74222059392651063003 0.778119921509908274 0.049230769 -0.4261538462
12       2008      4       4  0.11942596 0.75649537421953816363 0.889059960754954082 0.012307692 -0.4815384615
13       2009      4       4 -0.50756035 0.46541663250815923369 0.389341973108965345 0.372903226  0.0593548387
14       2010      4       4 -0.32842140 0.36199071417301276199 0.460031236958802547 0.291566265 -0.0626506024
15       2011      4       4 -0.53741684 0.29556418044985066640 0.210647782623673785 0.623076923  0.4346153846
16       2012      4       4  0.11942596 0.56805848079339194001 0.852957075581238344 0.021621622 -0.4675675676
17       2013      4       4  0.71655578 0.27036202393648783859 0.117742453487430662 0.778378378  0.6675675676
18       2006      5       5  0.14928245 0.43163028179459400624 0.752283046861683014 0.038343558 -0.2822085890
19       2007      5       5  0.08956947 0.43710283353932333217 0.850753142055906242 0.013803681 -0.3149284254
20       2008      5       5  0.08956947 0.43710283353927997796 0.850753142055928779 0.013803681 -0.3149284254
21       2009      5       5 -0.65684280 0.28219254244269065257 0.102367808466516094 0.643617021  0.5248226950
22       2010      5       5 -0.32842140 0.20899543627192535000 0.214121062205965162 0.451492537  0.2686567164
23       2011      5       5 -0.02985649 0.33910455065110689521 0.935388832161570094 0.002577320 -0.3298969072
24       2012      5       5  0.20899544 0.33202064596394742502 0.573716702284448266 0.116666667 -0.1777777778
25       2006      6       6  0.06824341 0.28641574769732780492 0.823382304236950580 0.013994169 -0.2325072886
26       2007      6       6  0.07677383 0.28624632103494374036 0.801802085984476109 0.017666303 -0.2279171210
27       2008      6       6 -0.18766937 0.32787625571408235414 0.597699694497365264 0.075703858 -0.1553701773
28       2009      6       6 -0.56300811 0.19251818921367222504 0.043052033252732047 0.681334724  0.6016684046
29       2010      6       6 -0.02559128 0.22200969635015796455 0.913785244913528638 0.003310852 -0.2458614347
30       2011      6       6  0.07677383 0.23037415213014295068 0.755676481468628869 0.027015008 -0.2162312396
31       2006      7       7  0.06397819 0.20254148779553329818 0.764855749249429895 0.019565217 -0.1765217391
32       2007      7       7 -0.12795639 0.23439276068603226433 0.608594178455725610 0.056250000 -0.1325000000
33       2008      7       7 -0.23458671 0.23342057582142528016 0.361027965012285235 0.168055556  0.0016666667
34       2009      7       7 -0.27723884 0.21389947440013484803 0.251534005929038018 0.251488095  0.1017857143
35       2010      7       7  0.05331516 0.16346119235588488228 0.757509387652188004 0.020833333 -0.1750000000
36       2006      8       8 -0.09241295 0.17590712196443183957 0.618179094309249555 0.043976060 -0.1153612629
37       2007      8       8 -0.17771721 0.17705248700188772060 0.354245310010300518 0.143777318  0.0010735373
38       2008      8       8 -0.08530426 0.19415960780609686775 0.675788574148536547 0.031168831 -0.1303030303
39       2009      8       8 -0.15994549 0.17321730751244127089 0.391430082351486186 0.124423963 -0.0215053763
40       2006      9       9 -0.13933029 0.13892348621081598847 0.349296925977803374 0.125641026  0.0007326007
41       2007      9       9 -0.06966515 0.15066618492722966272 0.657836751468774406 0.029637097 -0.1089861751
42       2008      9       9 -0.02985649 0.15376472396902163275 0.851557502802245625 0.005357143 -0.1367346939
43       2006     10      10 -0.05790350 0.12038171421508990500 0.643396779899144788 0.028107159 -0.0933794466
44       2007     10      10 -0.02714226 0.12267182561118823714 0.830433645440952994 0.006082232 -0.1181574893
45       2006     11      11 -0.02442804 0.10017338406109457805 0.812809070267076494 0.006564019 -0.1038177562
[1] "Stability Time"
[1] 7
[1] "Absolute Range"
[1] -1.044977  1.044977
[1] "Relative Range"
[1] -1.020549  1.069405
[1] "Proportion Significant"
[1] 0.04444444
[1] "Proportion Significantly Wrong"
[1] 0.04444444
[1] "Number of phases"
[1] 1
  Breaks     AICs   AICtot Nfits Nbreaks     AICc
1   2015 57.90627 57.90627     1       0 61.90627
[1] "Ocean"
[1] "Multiple Breakups"
   start_year N_data N_years         slope   slope_se    p_value     r_square adj_r_square
1        2006      3       3  5.169900e-01 0.09949476 0.12103772 9.642857e-01   0.92857143
2        2007      3       3 -5.840744e-14 0.19898953 1.00000000 8.635085e-26  -1.00000000
3        2008      3       3 -5.169900e-01 0.09949476 0.12103772 9.642857e-01   0.92857143
4        2009      3       3  1.378640e+00 1.19393717 0.45437105 5.714286e-01   0.14285714
5        2010      3       3  3.446600e-01 1.79090575 0.87896228 3.571429e-02  -0.92857143
6        2011      3       3 -1.378640e+00 0.79595811 0.33333333 7.500000e-01   0.50000000
7        2012      3       3 -3.446600e-01 0.19898953 0.33333333 7.500000e-01   0.50000000
8        2013      3       3 -3.446600e-01 0.19898953 0.33333333 7.500000e-01   0.50000000
9        2014      3       3  6.893199e-01 0.39797906 0.33333333 7.500000e-01   0.50000000
10       2006      4       4  2.412620e-01 0.16529312 0.28181515 5.157895e-01   0.27368421
11       2007      4       4 -2.412620e-01 0.16529312 0.28181515 5.157895e-01   0.27368421
12       2008      4       4  6.548539e-01 0.67802597 0.43603043 3.180617e-01  -0.02290749
13       2009      4       4  3.446600e-01 0.80091740 0.70888875 8.474576e-02  -0.37288136
14       2010      4       4 -6.893199e-02 0.83575602 0.94177775 3.389831e-03  -0.49491525
15       2011      4       4 -1.033980e+00 0.40780718 0.12666624 7.627119e-01   0.64406780
16       2012      4       4 -2.757280e-01 0.09748456 0.10557281 8.000000e-01   0.70000000
17       2013      4       4  2.067960e-01 0.33058623 0.59548008 1.636364e-01  -0.25454545
18       2006      5       5 -4.090121e-15 0.16884821 1.00000000 1.899063e-28  -0.33333333
19       2007      5       5  4.480580e-01 0.40926104 0.35363044 2.854730e-01   0.04729730
20       2008      5       5  2.067960e-01 0.46921039 0.68923296 6.081081e-02  -0.25225225
21       2009      5       5  6.893199e-02 0.48904485 0.89683999 6.578947e-03  -0.32456140
22       2010      5       5 -2.757280e-01 0.49707568 0.61777320 9.302326e-02  -0.20930233
23       2011      5       5 -7.582519e-01 0.28421389 0.07582649 7.034884e-01   0.60465116
24       2012      5       5  6.893199e-02 0.20679598 0.76082038 3.571429e-02  -0.28571429
25       2006      6       6  4.234394e-01 0.26830100 0.18965398 3.837426e-01   0.22967831
26       2007      6       6  1.871011e-01 0.30738069 0.57559952 8.477495e-02  -0.14403131
27       2008      6       6  4.923714e-02 0.32035687 0.88529279 5.870841e-03  -0.24266145
28       2009      6       6 -1.181691e-01 0.33788781 0.74417921 2.967033e-02  -0.21291209
29       2010      6       6 -2.954228e-01 0.32561102 0.41557034 1.706700e-01  -0.03666245
30       2011      6       6 -3.742023e-01 0.28945408 0.26570262 2.946939e-01   0.11836735
31       2006      7       7  2.338764e-01 0.21902227 0.33442216 1.856996e-01   0.02283951
32       2007      7       7  7.385571e-02 0.22697200 0.75805711 2.073733e-02  -0.17511521
33       2008      7       7 -8.616499e-02 0.23963620 0.73385909 2.520576e-02  -0.16975309
34       2009      7       7 -1.723300e-01 0.24096034 0.50649347 9.280303e-02  -0.08863636
35       2010      7       7 -1.230928e-01 0.25081961 0.64437313 4.595588e-02  -0.14485294
36       2006      8       8  1.354021e-01 0.17286646 0.46325224 9.276770e-02  -0.05843769
37       2007      8       8 -3.692785e-02 0.18086226 0.84496491 6.900077e-03  -0.15861658
38       2008      8       8 -1.354021e-01 0.18086226 0.48237464 8.543187e-02  -0.06699616
39       2009      8       8 -6.564952e-02 0.18986884 0.74132201 1.953602e-02  -0.14387464
40       2006      9       9  3.446600e-02 0.14603329 0.82017813 7.894737e-03  -0.13383459
41       2007      9       9 -8.616499e-02 0.14295032 0.56567504 4.934211e-02  -0.08646617
42       2008      9       9 -5.744333e-02 0.14714807 0.70786473 2.130682e-02  -0.11850649
43       2006     10      10 -1.879963e-02 0.12048509 0.87987260 3.034049e-03  -0.12158670
44       2007     10      10 -3.133272e-02 0.11834759 0.79789422 8.685582e-03  -0.11522872
45       2006     11      11  1.566636e-02 0.10036802 0.87940779 2.699784e-03  -0.10811135
[1] "Stability Time"
[1] 7
[1] "Absolute Range"
[1] -1.37864  1.37864
[1] "Relative Range"
[1] -1.394306  1.362974
[1] "Proportion Significant"
[1] 0
[1] "Proportion Significantly Wrong"
[1] 0
[1] "Number of phases"
[1] 1
  Breaks     AICs   AICtot Nfits Nbreaks     AICc
1   2015 55.26229 55.26229     1       0 59.26229
[1] "Aberdeen"
[1] "Multiple Breakups"
   start_year N_data N_years                  slope  slope_se   p_value     r_square adj_r_square
1        2006      3       3  0.0000000000001408373 0.7824608 1.0000000 3.229286e-26   -1.0000000
2        2007      3       3  0.6776309271791685074 0.3912304 0.3333333 7.500000e-01    0.5000000
3        2008      3       3  0.6776309271790416089 0.3912304 0.3333333 7.500000e-01    0.5000000
4        2009      3       3 -0.6776309271793607980 1.1736912 0.6666667 2.500000e-01   -0.5000000
5        2013      3       3 -0.6776309271790937894 1.1736912 0.6666667 2.500000e-01   -0.5000000
6        2014      3       3 -0.6776309271789385802 1.1736912 0.6666667 2.500000e-01   -0.5000000
7        2006      4       4  0.1355261854357876494 0.3585686 0.7418011 6.666667e-02   -0.4000000
8        2007      4       4  0.8131571126147260076 0.1916630 0.0513167 9.000000e-01    0.8500000
9        2008      4       4 -0.2710523708715754099 0.5749889 0.6837722 1.000000e-01   -0.3500000
10       2013      4       4 -0.2710523708715753544 0.5749889 0.6837722 1.000000e-01   -0.3500000
11       2006      5       5  0.4065785563073766595 0.2595129 0.2151699 4.500000e-01    0.2666667
12       2007      5       5  0.1355261854357555085 0.4065786 0.7608204 3.571429e-02   -0.2857143
13       2006      6       6  0.0387217672673852292 0.2719728 0.8936683 5.042017e-03   -0.2436975
14       2006     10      10  0.0236455236297479013 0.1012951 0.8212881 6.765241e-03   -0.1173891
[1] "Stability Time"
[1] 6
[1] "Absolute Range"
[1] -0.6776309  0.8131571
[1] "Relative Range"
[1] -0.7012765  0.7895116
[1] "Proportion Significant"
[1] 0
[1] "Proportion Significantly Wrong"
[1] 0
[1] "Number of phases"
[1] 1
  Breaks     AICs   AICtot Nfits Nbreaks     AICc
1   2015 22.72276 22.72276     1       0 27.52276
[1] "Fair Haven"
[1] "Multiple Breakups"
   start_year N_data N_years         slope     slope_se    p_value     r_square adj_r_square
1        2006      3       3  3.321056e-01 1.917412e-01 0.33333333 7.500000e-01   0.50000000
2        2007      3       3  4.807407e-17 2.775558e-17 0.33333333 6.666667e-01   0.33333333
3        2011      3       3  6.908407e-14 3.834825e-01 1.00000000 3.231018e-26  -1.00000000
4        2012      3       3 -3.321056e-01 5.752237e-01 0.66666667 2.500000e-01  -0.50000000
5        2013      3       3  9.963167e-01 1.342189e+00 0.59348027 3.552632e-01  -0.28947368
6        2014      3       3  9.963167e-01 1.342189e+00 0.59348027 3.552632e-01  -0.28947368
7        2006      4       4  1.992633e-01 1.150447e-01 0.22540333 6.000000e-01   0.40000000
8        2011      4       4 -3.321056e-01 2.572479e-01 0.32580014 4.545455e-01   0.18181818
9        2012      4       4  6.642112e-01 6.301260e-01 0.40238570 3.571429e-01   0.03571429
10       2013      4       4  5.313689e-01 6.575355e-01 0.50386106 2.461538e-01  -0.13076923
11       2011      5       5  3.321056e-01 4.112392e-01 0.47843017 1.785714e-01  -0.09523810
12       2012      5       5  4.649478e-01 3.815603e-01 0.31010090 3.310811e-01   0.10810811
13       2011      6       6  2.846619e-01 2.706091e-01 0.35218066 2.166934e-01   0.02086677
14       2006     10      10  1.793187e-01 7.944292e-02 0.05395747 3.890779e-01   0.31271269
[1] "Stability Time"
[1] 6
[1] "Absolute Range"
[1] -0.3321056  0.9963167
[1] "Relative Range"
[1] -0.5114243  0.8169980
[1] "Proportion Significant"
[1] 0
[1] "Proportion Significantly Wrong"
[1] 0
[1] "Number of phases"
[1] 2
      Breaks               AICs   AICtot Nfits Nbreaks     AICc
4 2011, 2015 10.11916, 22.82501 32.94418     2       1 74.94418
[1] "Rumson"
[1] "Multiple Breakups"
   start_year N_data N_years         slope              slope_se               p_value     r_square adj_r_square
1        2006      3       3  2.317562e-01 0.6690225301390587687 0.7877043849904579176 1.071429e-01 -0.785714286
2        2007      3       3 -4.635124e-01 0.2676090120557959584 0.3333333333335202764 7.500000e-01  0.500000000
3        2008      3       3  4.635124e-01 0.2676090120555235652 0.3333333333332911264 7.500000e-01  0.500000000
4        2009      3       3  1.390537e+00 0.2676090120553569207 0.1210377183235622905 9.642857e-01  0.928571429
5        2010      3       3  4.635124e-01 0.8028270361671152600 0.6666666666668539243 2.500000e-01 -0.500000000
6        2011      3       3 -1.622293e+00 0.4014135180831184257 0.1544209583111519624 9.423077e-01  0.884615385
7        2012      3       3 -4.635124e-01 1.0704360482227746054 0.7398530617071810145 1.578947e-01 -0.684210526
8        2013      3       3  4.635124e-01 0.5352180241111390568 0.5456289483430323273 4.285714e-01 -0.142857143
9        2014      3       3 -4.635124e-01 0.0000000000000832149 0.0000000000001142931 1.000000e+00  1.000000000
10       2006      4       4  4.635124e-02 0.3177680954721539552 0.8974021647914846023 1.052632e-02 -0.484210526
11       2007      4       4  0.000000e+00 0.2931509849889644137 1.0000000000000000000 3.944305e-32 -0.500000000
12       2008      4       4  9.270248e-01 0.2931509849889644692 0.0871290708247231954 8.333333e-01  0.750000000
13       2009      4       4  7.416198e-01 0.3933033180638068615 0.2000000000000000666 6.400000e-01  0.460000000
14       2010      4       4 -5.098636e-01 0.6668782216417026287 0.5244285287161714049 2.261682e-01 -0.160747664
15       2011      4       4 -7.879711e-01 0.5140601253744546684 0.2650259080159010350 5.401869e-01  0.310280374
16       2012      4       4 -2.781074e-01 0.4905354217587145071 0.6278957962323746811 1.384615e-01 -0.292307692
17       2013      4       4  9.270248e-02 0.3211308144666282227 0.8000000000000000444 4.000000e-02 -0.440000000
18       2006      5       5  1.854050e-01 0.2002602473449695553 0.4228262617721114669 2.222222e-01 -0.037037037
19       2007      5       5  4.635124e-01 0.3166392531993994508 0.2394425986359285385 4.166667e-01  0.222222222
20       2008      5       5  6.489174e-01 0.2332961279861594794 0.0689035089119556937 7.205882e-01  0.627450980
21       2009      5       5 -8.461109e-15 0.4846605341198529926 0.9999999999999871214 1.029035e-28 -0.333333333
22       2010      5       5 -3.244587e-01 0.3996254757060850871 0.4762845626235105434 1.801471e-01 -0.093137255
23       2011      5       5 -5.562149e-01 0.3255604142603006901 0.1860805268201436991 4.931507e-01  0.324200913
24       2012      5       5 -2.781074e-01 0.2832107577994882885 0.3985205502029752767 2.432432e-01 -0.009009009
25       2006      6       6  4.635124e-01 0.2072890493972338877 0.0890093425000855615 5.555556e-01  0.444444444
26       2007      6       6  3.972963e-01 0.2107848953526933189 0.1325375905579970204 4.703833e-01  0.337979094
27       2008      6       6  1.456753e-01 0.3282429128922196293 0.6801348193162681799 4.692954e-02 -0.191338074
28       2009      6       6 -1.324321e-02 0.3173769111663876652 0.9687160372772436467 4.350979e-04 -0.249456128
29       2010      6       6 -2.913507e-01 0.2623136688858508370 0.3289638983568201058 2.357143e-01  0.044642857
30       2011      6       6 -4.767556e-01 0.2180107772097415464 0.0940227822544462272 5.445378e-01  0.430672269
31       2006      7       7  4.138504e-01 0.1493535442706964422 0.0393213139847629137 6.056202e-01  0.526744186
32       2007      7       7  8.277007e-02 0.2349270708862473411 0.7389606685373417694 2.422481e-02 -0.170930233
33       2008      7       7  9.932409e-02 0.2336404305022684036 0.6884275697583757125 3.488372e-02 -0.158139535
34       2009      7       7 -6.621606e-02 0.2264937659636389045 0.7817598179151853399 1.680672e-02 -0.179831933
35       2010      7       7 -2.979723e-01 0.1855231674569611244 0.1691565015301493280 3.403361e-01  0.208403361
36       2006      8       8  1.655401e-01 0.1815079728373234225 0.3969180389210775206 1.217532e-01 -0.024621212
37       2007      8       8  6.069805e-02 0.1755673866464679822 0.7413486946412009004 1.953188e-02 -0.143879473
38       2008      8       8  3.310803e-02 0.1782921923903196537 0.8588023462414127174 5.714286e-03 -0.160000000
39       2009      8       8 -1.213961e-01 0.1717982160308144379 0.5063028777294313887 7.682540e-02 -0.077037037
40       2006      9       9  1.313285e-01 0.1419761660614109744 0.3857421839349818304 1.089196e-01 -0.018377602
41       2007      9       9  1.545041e-02 0.1384803017814500437 0.9142952352662852000 1.775148e-03 -0.140828402
42       2008      9       9 -3.090083e-02 0.1429635433788968568 0.8350385142024726592 6.629834e-03 -0.135280189
43       2006     10      10  8.146582e-02 0.1168592836351299707 0.5054730161465048610 5.726932e-02 -0.060572012
44       2007     10      10 -3.370999e-02 0.1140569866870111276 0.7750966417807575448 1.080108e-02 -0.112848785
45       2006     11      11  2.949624e-02 0.1000216990346403517 0.7747608632237442672 9.570313e-03 -0.100477431
[1] "Stability Time"
[1] 8
[1] "Absolute Range"
[1] -1.622293  1.390537
[1] "Relative Range"
[1] -1.651790  1.361041
[1] "Proportion Significant"
[1] 0.04444444
[1] "Proportion Significantly Wrong"
[1] 0.04444444
[1] "Number of phases"
[1] 2
      Breaks               AICs   AICtot Nfits Nbreaks     AICc
4 2011, 2015 31.47495, 14.49819 45.97314     2       1 73.97314
[1] "Monmouth County"
[1] 2005
[1] 2016
[1] "Multiple Breakups"
   start_year N_data N_years        slope   slope_se    p_value     r_square adj_r_square
1        2005      3       3  1.202499959 0.79617394 0.37231667 0.6952289927  0.390457985
2        2006      3       3 -0.033096329 0.08280209 0.75792456 0.1377551020 -0.724489796
3        2007      3       3  0.446800444 0.19426644 0.26110162 0.8410100837  0.682020167
4        2008      3       3  0.093772933 0.39808697 0.85272339 0.0525709435 -0.894858113
5        2009      3       3 -0.071708713 0.30254610 0.85184394 0.0531892572 -0.893621486
6        2010      3       3 -0.292350908 0.42993393 0.61982975 0.3161864025 -0.367627195
7        2011      3       3 -0.452316498 0.33757775 0.40816794 0.6422567499  0.284513500
8        2012      3       3  0.341995401 0.12101844 0.21652030 0.8887176326  0.777435265
9        2013      3       3  0.904632997 0.20382053 0.14107942 0.9516889979  0.903377996
10       2014      3       3  0.364059621 0.51592071 0.60879201 0.3324175824 -0.335164835
11       2005      4       4  0.736944929 0.44612302 0.24035957 0.5770535899  0.365580385
12       2006      4       4  0.226158249 0.15419322 0.28012545 0.5182193723  0.277329059
13       2007      4       4  0.167688068 0.18307320 0.45637959 0.2955231517 -0.056715272
14       2008      4       4  0.132385317 0.17942023 0.53743399 0.2139673105 -0.179049034
15       2009      4       4 -0.308899072 0.19250952 0.24979065 0.5628140704  0.344221106
16       2010      4       4 -0.239396781 0.19468783 0.34385367 0.4305280000  0.145792000
17       2011      4       4 -0.092669722 0.25672362 0.75268431 0.0611650485 -0.408252427
18       2012      4       4  0.637655942 0.17907394 0.07061463 0.8637571746  0.795635762
19       2013      4       4  0.509683469 0.24556792 0.17360216 0.6829333845  0.524400077
20       2005      5       5  0.653100895 0.26207860 0.08832761 0.6742700589  0.565693412
21       2006      5       5  0.113630730 0.11020888 0.37836191 0.2616405248  0.015520700
22       2007      5       5  0.168791279 0.10569928 0.20856919 0.4594684777  0.279291304
23       2008      5       5 -0.093772933 0.16667251 0.61299810 0.0954425363 -0.206076618
24       2009      5       5 -0.268080266 0.11361645 0.09944319 0.6498327244  0.533110299
25       2010      5       5 -0.070605502 0.14876586 0.66747550 0.0698404038 -0.240212795
26       2011      5       5  0.249325680 0.24689260 0.38694734 0.2536954621  0.004927283
27       2012      5       5  0.463348608 0.14428043 0.04890229 0.7746627319  0.699550309
28       2005      6       6  0.450740483 0.20757269 0.09565130 0.5410389514  0.426298689
29       2006      6       6  0.129863692 0.07275482 0.14882349 0.4433656056  0.304207007
30       2007      6       6 -0.003152031 0.12100818 0.98046670 0.0001695969 -0.249788004
31       2008      6       6 -0.126081254 0.11069570 0.31828904 0.2448979592  0.056122449
32       2009      6       6 -0.139319786 0.10516045 0.25584380 0.3049735141  0.131216893
33       2010      6       6  0.167372865 0.16841240 0.37655918 0.1980260208 -0.002467474
34       2011      6       6  0.235771945 0.16181847 0.21884040 0.3467140378  0.183392547
35       2005      7       7  0.378637766 0.15256522 0.05571738 0.5519463211  0.462335585
36       2006      7       7  0.010638106 0.08593532 0.90630244 0.0030555276 -0.196333367
37       2007      7       7 -0.050038498 0.08974558 0.60118415 0.0585351160 -0.129757861
38       2008      7       7 -0.065010647 0.08584856 0.48302672 0.1028911565 -0.076530612
39       2009      7       7  0.056342560 0.13524278 0.69424918 0.0335471488 -0.159743421
40       2010      7       7  0.177695767 0.11923460 0.19633296 0.3075756384  0.169090766
41       2005      8       8  0.230623627 0.14224598 0.15607986 0.3046395564  0.188746149
42       2006      8       8 -0.028893621 0.06799728 0.68570924 0.0292141396 -0.132583504
43       2007      8       8 -0.019437527 0.06918623 0.78818918 0.0129842108 -0.151518421
44       2008      8       8  0.070658036 0.10114228 0.51095779 0.0752218369 -0.078907857
45       2009      8       8  0.089044886 0.10255697 0.41862763 0.1116184338 -0.036445161
46       2005      9       9  0.155001142 0.11851838 0.23224335 0.1963632294  0.081557976
47       2006      9       9 -0.008641819 0.05395266 0.87726807 0.0036517225 -0.138683746
48       2007      9       9  0.079982795 0.07852923 0.34233946 0.1290674991  0.004648570
49       2008      9       9  0.093956801 0.07949089 0.27580405 0.1663770400  0.047288046
50       2005     10      10  0.138135386 0.09504508 0.18419512 0.2088823378  0.109992630
51       2006     10      10  0.070739225 0.06287157 0.29315140 0.1366226345  0.028700464
52       2007     10      10  0.097350011 0.06344205 0.16345956 0.2273967266  0.130821317
53       2005     11      11  0.179823388 0.08125069 0.05416242 0.3524350404  0.280483378
54       2006     11      11  0.086752499 0.05216031 0.13063563 0.2350971841  0.150107982
55       2005     12      12  0.176590903 0.06763041 0.02599094 0.4053965117  0.345936163
[1] "Stability"
[1] 8
[1] "Absolute Range"
[1] -0.4523165  1.2025000
[1] "Relative Range"
[1] -0.6289074  1.0259091
[1] "Proportion Significant"
[1] 0.03636364
[1] "Proportion Significantly Wrong"
[1] 0.9636364
[1] "Number of phases"
[1] 2
      Breaks             AICs   AICtot Nfits Nbreaks     AICc
2 2008, 2015 47.4695, 81.9980 129.4675     2       1 150.4675
