[1] "larval deer ticks found on people in Monmouth County Submunicipalities"
[1] "Monmouth County"
[1] 2005
[1] 2016
[1] "Multiple Breakups"
   start_year N_data N_years        slope   slope_se    p_value     r_square adj_r_square
1        2005      3       3  1.202499959 0.79617394 0.37231667 0.6952289927  0.390457985
2        2006      3       3 -0.033096329 0.08280209 0.75792456 0.1377551020 -0.724489796
3        2007      3       3  0.446800444 0.19426644 0.26110162 0.8410100837  0.682020167
4        2008      3       3  0.093772933 0.39808697 0.85272339 0.0525709435 -0.894858113
5        2009      3       3 -0.071708713 0.30254610 0.85184394 0.0531892572 -0.893621486
6        2010      3       3 -0.292350908 0.42993393 0.61982975 0.3161864025 -0.367627195
7        2011      3       3 -0.452316498 0.33757775 0.40816794 0.6422567499  0.284513500
8        2012      3       3  0.341995401 0.12101844 0.21652030 0.8887176326  0.777435265
9        2013      3       3  0.904632997 0.20382053 0.14107942 0.9516889979  0.903377996
10       2014      3       3  0.364059621 0.51592071 0.60879201 0.3324175824 -0.335164835
11       2005      4       4  0.736944929 0.44612302 0.24035957 0.5770535899  0.365580385
12       2006      4       4  0.226158249 0.15419322 0.28012545 0.5182193723  0.277329059
13       2007      4       4  0.167688068 0.18307320 0.45637959 0.2955231517 -0.056715272
14       2008      4       4  0.132385317 0.17942023 0.53743399 0.2139673105 -0.179049034
15       2009      4       4 -0.308899072 0.19250952 0.24979065 0.5628140704  0.344221106
16       2010      4       4 -0.239396781 0.19468783 0.34385367 0.4305280000  0.145792000
17       2011      4       4 -0.092669722 0.25672362 0.75268431 0.0611650485 -0.408252427
18       2012      4       4  0.637655942 0.17907394 0.07061463 0.8637571746  0.795635762
19       2013      4       4  0.509683469 0.24556792 0.17360216 0.6829333845  0.524400077
20       2005      5       5  0.653100895 0.26207860 0.08832761 0.6742700589  0.565693412
21       2006      5       5  0.113630730 0.11020888 0.37836191 0.2616405248  0.015520700
22       2007      5       5  0.168791279 0.10569928 0.20856919 0.4594684777  0.279291304
23       2008      5       5 -0.093772933 0.16667251 0.61299810 0.0954425363 -0.206076618
24       2009      5       5 -0.268080266 0.11361645 0.09944319 0.6498327244  0.533110299
25       2010      5       5 -0.070605502 0.14876586 0.66747550 0.0698404038 -0.240212795
26       2011      5       5  0.249325680 0.24689260 0.38694734 0.2536954621  0.004927283
27       2012      5       5  0.463348608 0.14428043 0.04890229 0.7746627319  0.699550309
28       2005      6       6  0.450740483 0.20757269 0.09565130 0.5410389514  0.426298689
29       2006      6       6  0.129863692 0.07275482 0.14882349 0.4433656056  0.304207007
30       2007      6       6 -0.003152031 0.12100818 0.98046670 0.0001695969 -0.249788004
31       2008      6       6 -0.126081254 0.11069570 0.31828904 0.2448979592  0.056122449
32       2009      6       6 -0.139319786 0.10516045 0.25584380 0.3049735141  0.131216893
33       2010      6       6  0.167372865 0.16841240 0.37655918 0.1980260208 -0.002467474
34       2011      6       6  0.235771945 0.16181847 0.21884040 0.3467140378  0.183392547
35       2005      7       7  0.378637766 0.15256522 0.05571738 0.5519463211  0.462335585
36       2006      7       7  0.010638106 0.08593532 0.90630244 0.0030555276 -0.196333367
37       2007      7       7 -0.050038498 0.08974558 0.60118415 0.0585351160 -0.129757861
38       2008      7       7 -0.065010647 0.08584856 0.48302672 0.1028911565 -0.076530612
39       2009      7       7  0.056342560 0.13524278 0.69424918 0.0335471488 -0.159743421
40       2010      7       7  0.177695767 0.11923460 0.19633296 0.3075756384  0.169090766
41       2005      8       8  0.230623627 0.14224598 0.15607986 0.3046395564  0.188746149
42       2006      8       8 -0.028893621 0.06799728 0.68570924 0.0292141396 -0.132583504
43       2007      8       8 -0.019437527 0.06918623 0.78818918 0.0129842108 -0.151518421
44       2008      8       8  0.070658036 0.10114228 0.51095779 0.0752218369 -0.078907857
45       2009      8       8  0.089044886 0.10255697 0.41862763 0.1116184338 -0.036445161
46       2005      9       9  0.155001142 0.11851838 0.23224335 0.1963632294  0.081557976
47       2006      9       9 -0.008641819 0.05395266 0.87726807 0.0036517225 -0.138683746
48       2007      9       9  0.079982795 0.07852923 0.34233946 0.1290674991  0.004648570
49       2008      9       9  0.093956801 0.07949089 0.27580405 0.1663770400  0.047288046
50       2005     10      10  0.138135386 0.09504508 0.18419512 0.2088823378  0.109992630
51       2006     10      10  0.070739225 0.06287157 0.29315140 0.1366226345  0.028700464
52       2007     10      10  0.097350011 0.06344205 0.16345956 0.2273967266  0.130821317
53       2005     11      11  0.179823388 0.08125069 0.05416242 0.3524350404  0.280483378
54       2006     11      11  0.086752499 0.05216031 0.13063563 0.2350971841  0.150107982
55       2005     12      12  0.176590903 0.06763041 0.02599094 0.4053965117  0.345936163
[1] "Stability"
[1] 8
[1] "Absolute Range"
[1] -0.4523165  1.2025000
[1] "Relative Range"
[1] -0.6289074  1.0259091
[1] "Proportion Significant"
[1] 0.03636364
[1] "Proportion Significantly Wrong"
[1] 0.9636364
[1] "Number of phases"
[1] 2
      Breaks             AICs   AICtot Nfits Nbreaks     AICc
2 2008, 2015 47.4695, 81.9980 129.4675     2       1 150.4675
