[1] "Albany"
[1] "Multiple Breakups"
   start_year N_data N_years       slope   slope_se     p_value     r_square adj_r_square
1        2008      3       3 -0.09569372 1.22522325 0.950378765 0.0060631067 -0.987873787
2        2009      3       3  0.56290422 0.84498155 0.625883372 0.3073770492 -0.385245902
3        2010      3       3  0.07317755 0.56223772 0.917604501 0.0166579051 -0.966684190
4        2011      3       3  0.59667847 0.25999432 0.261605478 0.8404308367  0.680861673
5        2012      3       3 -0.52912997 0.38999148 0.404353415 0.6479906131  0.295981226
6        2013      3       3  0.42217817 0.93922949 0.731070682 0.1680843858 -0.663831228
7        2014      3       3  1.00759856 0.60123687 0.342496062 0.7374336392  0.474867278
8        2015      3       3 -0.11820989 0.04874894 0.249010117 0.8546511628  0.709302326
9        2016      3       3 -0.09006468 0.06499858 0.397972507 0.6575342466  0.315068493
10       2008      4       4 -0.12496474 0.54819704 0.840864917 0.0253239746 -0.462014038
11       2009      4       4  0.56177841 0.37788780 0.275467352 0.5249475582  0.287421337
12       2010      4       4  0.19251324 0.26070914 0.537152695 0.2142276274 -0.178658559
13       2011      4       4  0.01125808 0.35743310 0.977733752 0.0004957858 -0.499256321
14       2012      4       4  0.17675193 0.44329270 0.728637963 0.0736373549 -0.389543968
15       2013      4       4  0.44807176 0.42030215 0.398046612 0.3623478818  0.043521823
16       2014      4       4  0.54038805 0.38086617 0.291739511 0.5016329197  0.252449379
17       2015      4       4 -0.08443563 0.02924936 0.101973490 0.8064516129  0.709677419
18       2008      5       5  0.10357438 0.34290432 0.782343145 0.0295139131 -0.293981449
19       2009      5       5  0.47846859 0.22341271 0.121664889 0.6045660847  0.472754780
20       2010      5       5 -0.06304527 0.21077588 0.784379755 0.0289587412 -0.294721678
21       2011      5       5  0.30171666 0.26591014 0.338979306 0.3002826229  0.067043497
22       2012      5       5  0.27582307 0.26224894 0.370148382 0.2693975190  0.025863359
23       2013      5       5  0.32310702 0.25316008 0.291691725 0.3519020114  0.135869349
24       2014      5       5  0.34337157 0.24757122 0.259539805 0.3906971861  0.187596248
25       2008      6       6  0.17498280 0.22823802 0.486024311 0.1281185873 -0.089851766
26       2009      6       6  0.21422526 0.21134387 0.368087520 0.2043685265  0.005460658
27       2010      6       6  0.16565467 0.19098291 0.434670430 0.1583106763 -0.052111655
28       2011      6       6  0.33677755 0.17525202 0.127026230 0.4800358207  0.350044776
29       2012      6       6  0.23577645 0.17323211 0.245131637 0.3165243466  0.145655433
30       2013      6       6  0.24446126 0.17183967 0.227925034 0.3359702187  0.169962773
31       2008      7       7  0.05267175 0.17616175 0.776971315 0.0175657141 -0.178921143
32       2009      7       7  0.31643259 0.16067118 0.105999630 0.4368546303  0.324225556
33       2010      7       7  0.22596584 0.13946223 0.166101016 0.3442846678  0.213141601
34       2011      7       7  0.29150397 0.12664860 0.069626698 0.5144551498  0.417346180
35       2012      7       7  0.19862478 0.12435741 0.171109321 0.3378427768  0.205411332
36       2008      8       8  0.16806712 0.14723869 0.297178551 0.1784121357  0.041480825
37       2009      8       8  0.32983507 0.12000695 0.033359415 0.5573284363  0.483549842
38       2010      8       8  0.21537788 0.10412860 0.084075297 0.4162407871  0.318947585
39       2011      8       8  0.25022433 0.09736036 0.042330213 0.5240109688  0.444679464
40       2008      9       9  0.20846220 0.11641074 0.116450392 0.3141810509  0.216206915
41       2009      9       9  0.30059085 0.09447791 0.015456211 0.5911829476  0.532780512
42       2010      9       9  0.19757938 0.08130962 0.045423002 0.4575628484  0.380071827
43       2008     10      10  0.20660291 0.09286985 0.056768818 0.3821949084  0.304969272
44       2009     10      10  0.27053518 0.07733915 0.008102369 0.6046700119  0.555253763
45       2008     11      11  0.19722117 0.07602112 0.029008427 0.4278580877  0.364286764
[1] "Stability Time"
[1] 6
[1] "Absolute Range"
[1] -0.529130  1.007599
[1] "Relative Range"
[1] -0.7263511  0.8103774
[1] "Proportion Significant"
[1] 0.1333333
[1] "Proportion Significantly Wrong"
ERROR : object 'wrong_windows' not found 
[1] "Cattaraugus"
[1] "Multiple Breakups"
   start_year N_data N_years       slope   slope_se     p_value   r_square adj_r_square
1        2008      3       3  1.30296338 0.10575626 0.051558827 0.99345520   0.98691041
2        2009      3       3  0.38017499 0.63852839 0.658119445 0.26171593  -0.47656813
3        2010      3       3 -0.51150817 0.12371488 0.151073516 0.94473518   0.88947035
4        2011      3       3  0.31105227 0.35119061 0.538538195 0.43961213  -0.12077574
5        2012      3       3  0.08294727 0.48288710 0.891702404 0.02866052  -0.94267896
6        2013      3       3  0.06566659 0.47291009 0.912162932 0.01891637  -0.96216726
7        2014      3       3  0.76726226 0.06784364 0.056145815 0.99224203   0.98448405
8        2015      3       3  0.09331568 0.32125960 0.820034467 0.07780703  -0.84438594
9        2016      3       3  0.03801750 0.28933318 0.916826582 0.01697213  -0.96605573
10       2008      4       4  0.71265530 0.34408054 0.174151498 0.68202575   0.52303862
11       2009      4       4  0.06635782 0.33818748 0.862570767 0.01888679  -0.47166981
12       2010      4       4 -0.06082800 0.26601744 0.840384724 0.02547704  -0.46178445
13       2011      4       4  0.05253327 0.21666639 0.831019294 0.02855448  -0.45716828
14       2012      4       4  0.23985586 0.23418531 0.413441998 0.34405029   0.01607543
15       2013      4       4  0.32280313 0.25839606 0.337954856 0.43830377   0.15745566
16       2014      4       4  0.38639604 0.22197653 0.223861848 0.60239043   0.40358565
17       2015      4       4  0.17142436 0.15058287 0.372945137 0.39319780   0.08979670
18       2008      5       5  0.39261708 0.27130296 0.243658956 0.41110120   0.21480160
19       2009      5       5  0.17418927 0.20493771 0.457798294 0.19407601  -0.07456532
20       2010      5       5 -0.10921391 0.15610517 0.534534812 0.14026926  -0.14630766
21       2011      5       5  0.16727700 0.14155146 0.322451071 0.31764042   0.09018723
22       2012      5       5  0.35321713 0.15021489 0.100177256 0.64826465   0.53101953
23       2013      5       5  0.21704536 0.16119681 0.270847737 0.37668292   0.16891056
24       2014      5       5  0.34077504 0.13083686 0.080058520 0.69337179   0.59116239
25       2008      6       6  0.37642262 0.17785541 0.101747763 0.52826703   0.41033378
26       2009      6       6  0.07248012 0.14645143 0.646616206 0.05770049  -0.17787439
27       2010      6       6  0.01895938 0.12617414 0.887829327 0.00561310  -0.24298362
28       2011      6       6  0.26898615 0.10970623 0.070303109 0.60046741   0.50058427
29       2012      6       6  0.26898615 0.10970623 0.070303109 0.60046741   0.50058427
30       2013      6       6  0.23284484 0.10592159 0.092830994 0.54712274   0.43390342
31       2008      7       7  0.24958241 0.14553036 0.147009293 0.37037020   0.24444424
32       2009      7       7  0.12318657 0.10761533 0.304157155 0.20764757   0.04917709
33       2010      7       7  0.13232065 0.11065057 0.285371751 0.22239975   0.06687970
34       2011      7       7  0.22687066 0.08129555 0.038413568 0.60900688   0.53080826
35       2012      7       7  0.26785056 0.07757679 0.018184370 0.70451341   0.64541609
36       2008      8       8  0.24966470 0.10847194 0.060962219 0.46891395   0.38039961
37       2009      8       8  0.18819485 0.08855853 0.077734836 0.42944125   0.33434813
38       2010      8       8  0.12993427 0.08248557 0.166270620 0.29256706   0.17466157
39       2011      8       8  0.23534642 0.06079140 0.008252701 0.71411634   0.66646907
40       2008      9       9  0.27637570 0.08542554 0.014346432 0.59924542   0.54199477
41       2009      9       9  0.17511091 0.06901182 0.038810855 0.47910549   0.40469199
42       2010      9       9  0.15610216 0.06565497 0.049053909 0.44677359   0.36774124
43       2008     10      10  0.24963777 0.06987262 0.007264471 0.61472853   0.56656960
44       2009     10      10  0.18830706 0.05557708 0.009525098 0.58932233   0.53798762
45       2008     11      11  0.24821342 0.05705668 0.001849458 0.67770895   0.64189883
[1] "Stability Time"
[1] 7
[1] "Absolute Range"
[1] -0.5115082  1.3029634
[1] "Relative Range"
[1] -0.7597216  1.0547500
[1] "Proportion Significant"
[1] 0.2
[1] "Proportion Significantly Wrong"
ERROR : object 'wrong_windows' not found 
[1] "Chemung"
[1] "Multiple Breakups"
   start_year N_data N_years        slope   slope_se    p_value    r_square adj_r_square
1        2008      3       3  0.691601489 0.89184145 0.58008096 0.375531877  -0.24893625
2        2009      3       3  0.128381115 0.56666601 0.85816482 0.048821378  -0.90235724
3        2010      3       3  0.886243824 0.12911378 0.09209898 0.979216558   0.95843312
4        2011      3       3 -0.020706631 0.39451431 0.96661676 0.002747253  -0.99450549
5        2012      3       3 -0.430697933 0.15780573 0.22358444 0.881643300   0.76328660
6        2013      3       3 -0.128381115 0.01673697 0.08253028 0.983287858   0.96657572
7        2014      3       3  0.430697933 0.30604747 0.39330031 0.664482307   0.32896461
8        2015      3       3  0.149087746 0.46863519 0.80391644 0.091906203  -0.81618759
9        2016      3       3  0.331306103 0.57383900 0.66666667 0.250000000  -0.50000000
10       2008      4       4  0.662612205 0.39919464 0.23881294 0.579405747   0.36910862
11       2009      4       4  0.386799875 0.29407849 0.31896624 0.463806982   0.19571047
12       2010      4       4  0.386799875 0.29407849 0.31896624 0.463806982   0.19571047
13       2011      4       4 -0.130037645 0.18738392 0.55947339 0.194063693  -0.20890446
14       2012      4       4 -0.303973349 0.10165417 0.09600153 0.817213239   0.72581986
15       2013      4       4  0.201268457 0.19047040 0.40143970 0.358274429   0.03741164
16       2014      4       4  0.155713868 0.20961494 0.53497246 0.216250612  -0.17562408
17       2015      4       4  0.420758750 0.26177376 0.24923011 0.563655425   0.34548314
18       2008      5       5  0.656814348 0.23049944 0.06513434 0.730211057   0.64028141
19       2009      5       5  0.220318558 0.19510526 0.34093826 0.298271647   0.06436220
20       2010      5       5  0.178077030 0.20820454 0.45525653 0.196041426  -0.07194476
21       2011      5       5 -0.145774685 0.10856701 0.27191977 0.375375667   0.16716756
22       2012      5       5 -0.025676223 0.17105833 0.89020788 0.007454235  -0.32339435
23       2013      5       5  0.094422239 0.12608871 0.50831142 0.157489094  -0.12334788
24       2014      5       5  0.334619164 0.15910743 0.12619210 0.595852804   0.46113707
25       2008      6       6  0.460752130 0.18863579 0.07101302 0.598637167   0.49829646
26       2009      6       6  0.118796902 0.14053318 0.44552704 0.151568590  -0.06053926
27       2010      6       6  0.078803523 0.14786235 0.62230009 0.066301411  -0.16712324
28       2011      6       6  0.007809358 0.11364053 0.94851077 0.001179212  -0.24852599
29       2012      6       6 -0.037153613 0.11217985 0.75712005 0.026690898  -0.21663638
30       2013      6       6  0.239723630 0.11769062 0.11133576 0.509139096   0.38642387
31       2008      7       7  0.324502495 0.15485386 0.09026272 0.467591715   0.36111006
32       2009      7       7  0.059161804 0.10516766 0.59802897 0.059524518  -0.12857058
33       2010      7       7  0.137847003 0.10997128 0.26544936 0.239105924   0.08692711
34       2011      7       7 -0.009170080 0.08095175 0.91421761 0.002559827  -0.19692821
35       2012      7       7  0.104716393 0.11402277 0.40055256 0.144337354  -0.02679518
36       2008      8       8  0.232407287 0.12707967 0.11717771 0.357919618   0.25090622
37       2009      8       8  0.109449337 0.08359139 0.23832296 0.222230158   0.09260185
38       2010      8       8  0.095743520 0.08549627 0.30559010 0.172878983   0.03502548
39       2011      8       8  0.094954695 0.08517422 0.30757577 0.171596102   0.03352879
40       2008      9       9  0.237988217 0.09848821 0.04633554 0.454788461   0.37690110
41       2009      9       9  0.081446084 0.06673760 0.26182789 0.175438302   0.05764377
42       2010      9       9  0.158060620 0.07536738 0.07417701 0.385870994   0.29813828
43       2008     10      10  0.191705758 0.08298616 0.04968186 0.400143824   0.32516180
44       2009     10      10  0.135032336 0.06157488 0.05964345 0.375446472   0.29737728
45       2008     11      11  0.217984356 0.06943575 0.01194018 0.522688974   0.46965442
[1] "Stability Time"
[1] 7
[1] "Absolute Range"
[1] -0.4306979  0.8862438
[1] "Relative Range"
[1] -0.6486823  0.6682595
[1] "Proportion Significant"
[1] 0.06666667
[1] "Proportion Significantly Wrong"
ERROR : object 'wrong_windows' not found 
[1] "Columbia"
[1] "Multiple Breakups"
   start_year N_data N_years       slope   slope_se    p_value    r_square adj_r_square
1        2008      3       3  0.85085773 0.69451588 0.43581305 0.600142721  0.200285442
2        2009      3       3  0.29339922 1.01636471 0.82108762 0.076923077 -0.846153846
3        2010      3       3  0.02933992 0.86391000 0.97838757 0.001152074 -0.997695853
4        2011      3       3  1.24694668 0.16092441 0.08170720 0.983617716  0.967235433
5        2012      3       3 -0.33007412 0.74956897 0.73592906 0.162415784 -0.675168431
6        2013      3       3 -0.40709142 0.70510302 0.66666667 0.250000000 -0.500000000
7        2014      3       3  0.56846099 0.14186757 0.15569718 0.941369312  0.882738624
8        2015      3       3 -0.42542887 0.43195500 0.50484565 0.492388759 -0.015222482
9        2016      3       3 -0.05501235 0.64581507 0.94590152 0.007203842 -0.985592316
10       2008      4       4  0.27579527 0.45464573 0.60579291 0.155399226 -0.266901161
11       2009      4       4  0.48704270 0.46807981 0.40736959 0.351210808  0.026816212
12       2010      4       4  0.46063677 0.45964525 0.42182034 0.334291720  0.001437581
13       2011      4       4  0.35648005 0.51912388 0.56320319 0.190791451 -0.213812824
14       2012      4       4 -0.11662619 0.35715179 0.77501739 0.050617173 -0.424074241
15       2013      4       4 -0.06601482 0.37176848 0.87541746 0.015520809 -0.476718786
16       2014      4       4  0.02127144 0.32222779 0.95337205 0.002174166 -0.496738751
17       2015      4       4 -0.05354536 0.28881852 0.87001846 0.016895202 -0.474657198
18       2008      5       5  0.41075891 0.27381133 0.23054712 0.428621414  0.238161885
19       2009      5       5  0.62200634 0.28125546 0.11393834 0.619814651  0.493086202
20       2010      5       5  0.12909566 0.32720700 0.71955886 0.049327354 -0.267563528
21       2011      5       5  0.26992728 0.30385358 0.43979155 0.208267717 -0.055643045
22       2012      5       5  0.01393646 0.21954803 0.95337875 0.001341349 -0.331544868
23       2013      5       5 -0.21931592 0.23217309 0.41454027 0.229249792 -0.027666944
24       2014      5       5  0.12029368 0.19462455 0.58027419 0.112957145 -0.182723806
25       2008      6       6  0.52895688 0.19180212 0.05096318 0.655338935  0.569173669
26       2009      6       6  0.33908567 0.24613686 0.24037337 0.321788597  0.152235746
27       2010      6       6  0.13223922 0.21421495 0.57043137 0.086984001 -0.141269999
28       2011      6       6  0.25274247 0.19916614 0.27325628 0.287034432  0.108793041
29       2012      6       6 -0.11840754 0.16277600 0.50725679 0.116831879 -0.103960151
30       2013      6       6 -0.07984650 0.17200513 0.66663678 0.051118818 -0.186101477
31       2008      7       7  0.34002874 0.17404590 0.10816036 0.432903240  0.319483888
32       2009      7       7  0.28894584 0.17643605 0.16241453 0.349127561  0.218953073
33       2010      7       7  0.15377263 0.15198219 0.35807201 0.169945372  0.003934446
34       2011      7       7  0.09378296 0.16809606 0.60096022 0.058605010 -0.129673988
35       2012      7       7 -0.03903257 0.12388762 0.76543728 0.019466638 -0.176640034
36       2008      8       8  0.30082152 0.13168628 0.06242343 0.465164019  0.376024689
37       2009      8       8  0.27087035 0.13192109 0.08585184 0.412682573  0.314796335
38       2010      8       8  0.05213075 0.12757836 0.69700411 0.027074614 -0.135079617
39       2011      8       8  0.10836560 0.12557396 0.42130776 0.110413155 -0.037851319
40       2008      9       9  0.28398599 0.10246582 0.02763358 0.523203609  0.455089839
41       2009      9       9  0.16613731 0.11873601 0.20446608 0.218558557  0.106924065
42       2010      9       9  0.07212731 0.09949387 0.49200323 0.069834345 -0.063046463
43       2008     10      10  0.19591066 0.09626574 0.07625115 0.341110592  0.258749416
44       2009     10      10  0.16176966 0.09475213 0.12615209 0.267053580  0.175435278
45       2008     11      11  0.18730873 0.07875738 0.04134270 0.385930157  0.317700175
[1] "Stability Time"
[1] 7
[1] "Absolute Range"
[1] -0.4254289  1.2469467
[1] "Relative Range"
[1] -0.6127376  1.0596380
[1] "Proportion Significant"
[1] 0.04444444
[1] "Proportion Significantly Wrong"
ERROR : object 'wrong_windows' not found 
[1] "Dutchess"
[1] "Multiple Breakups"
   start_year N_data N_years       slope  slope_se    p_value    r_square adj_r_square
1        2008      3       3  0.37374276 0.1078902 0.17891238 0.923076923   0.84615385
2        2009      3       3 -0.09343569 0.3776158 0.84557904 0.057692308  -0.88461538
3        2010      3       3  1.07451043 1.0519298 0.49324002 0.510617761   0.02123552
4        2011      3       3  0.56995770 1.3432335 0.74452922 0.152575037  -0.69484993
5        2012      3       3 -0.71478302 0.6014881 0.44533917 0.585439661   0.17087932
6        2013      3       3  0.67740875 0.2022942 0.18474638 0.918122271   0.83624454
7        2014      3       3  0.28497885 0.4288637 0.62662291 0.306305565  -0.38738887
8        2015      3       3 -0.96705938 0.2940009 0.18788975 0.915394366   0.83078873
9        2016      3       3 -0.22424565 0.7228646 0.80850185 0.087787035  -0.82442593
10       2008      4       4  0.05606141 0.1896537 0.79540170 0.041860465  -0.43720930
11       2009      4       4  0.73814194 0.5089458 0.28403366 0.512607803   0.26891170
12       2010      4       4  0.40737960 0.6080015 0.57184060 0.183320475  -0.22501929
13       2011      4       4  0.26442300 0.6260770 0.71384272 0.081885988  -0.37717102
14       2012      4       4 -0.08782955 0.4509780 0.86357600 0.018611509  -0.47208274
15       2013      4       4  0.37187404 0.1982467 0.20150480 0.637594590   0.45639189
16       2014      4       4 -0.31768134 0.3973050 0.50782494 0.242236285  -0.13664557
17       2015      4       4 -0.41952624 0.3423714 0.34516023 0.428815128   0.14322269
18       2008      5       5  0.56061414 0.3112030 0.16943517 0.519630485   0.35950731
19       2009      5       5  0.40551089 0.3510315 0.33166615 0.307875879   0.07716784
20       2010      5       5  0.25788250 0.3614854 0.52708939 0.145039680  -0.13994709
21       2011      5       5  0.35598998 0.3653112 0.40168815 0.240433095  -0.01275587
22       2012      5       5 -0.03643992 0.2620573 0.89821791 0.006403995  -0.32479467
23       2013      5       5 -0.05886448 0.2737623 0.84353915 0.015177356  -0.31309686
24       2014      5       5 -0.16911860 0.2448960 0.53946679 0.137160250  -0.15045300
25       2008      6       6  0.37374276 0.2305348 0.18029240 0.396525680   0.24565710
26       2009      6       6  0.29926116 0.2378506 0.27675857 0.283544636   0.10443080
27       2010      6       6  0.32515620 0.2398140 0.24663515 0.314878317   0.14359790
28       2011      6       6  0.26589128 0.2447443 0.33838796 0.227840147   0.03480018
29       2012      6       6 -0.22744916 0.2039442 0.32722302 0.237192524   0.04649065
30       2013      6       6 -0.02669591 0.1801793 0.88938300 0.005458118  -0.24317735
31       2008      7       7  0.30199750 0.1681932 0.13251642 0.392020543   0.27042465
32       2009      7       7  0.33937177 0.1697726 0.10207256 0.444192157   0.33303059
33       2010      7       7  0.26529062 0.1730607 0.18586782 0.319717385   0.18366086
34       2011      7       7  0.04705154 0.2142743 0.83487704 0.009551450  -0.18853826
35       2012      7       7 -0.16117656 0.1492000 0.32935079 0.189231391   0.02707767
36       2008      8       8  0.33258656 0.1266016 0.03921514 0.534930448   0.45741886
37       2009      8       8  0.28965064 0.1297563 0.06705650 0.453701882   0.36265220
38       2010      8       8  0.09521542 0.1621134 0.57839314 0.054368515  -0.10323673
39       2011      8       8  0.03759674 0.1598039 0.82182489 0.009140842  -0.15600235
40       2008      9       9  0.29416669 0.1005426 0.02215658 0.550135928   0.48586963
41       2009      9       9  0.14871847 0.1293161 0.28789684 0.158915582   0.03876067
42       2010      9       9  0.07801880 0.1259644 0.55528609 0.051955750  -0.08347914
43       2008     10      10  0.17803746 0.1045381 0.12695825 0.266089003   0.17435013
44       2009     10      10  0.12492069 0.1040695 0.26433554 0.152619584   0.04669703
45       2008     11      11  0.15331947 0.0865398 0.11021678 0.258575465   0.17619496
[1] "Stability Time"
[1] 8
[1] "Absolute Range"
[1] -0.9670594  1.0745104
[1] "Relative Range"
[1] -1.120379  0.921191
[1] "Proportion Significant"
[1] 0.04444444
[1] "Proportion Significantly Wrong"
[1] 0.04444444
[1] "Erie"
[1] "Multiple Breakups"
   start_year N_data N_years         slope     slope_se     p_value     r_square adj_r_square
1        2008      3       3  1.922963e-16 1.110223e-16 0.333333333 0.6666666667   0.33333333
2        2012      3       3  7.967323e-02 6.874349e-01 0.926543941 0.0132546057  -0.97349079
3        2013      3       3 -5.687783e-01 3.130512e-01 0.320311632 0.7674999613   0.53499992
4        2014      3       3 -1.261493e-01 5.749920e-02 0.272262594 0.8279816514   0.65596330
5        2015      3       3  3.740215e-01 3.462729e-01 0.475487017 0.5384668560   0.07693371
6        2016      3       3  4.426290e-01 3.066624e-01 0.385722266 0.6756756757   0.35135135
7        2012      4       4 -7.126327e-02 3.195423e-01 0.844228354 0.0242648057  -0.46360279
8        2013      4       4 -4.116450e-01 1.668248e-01 0.132393226 0.7527415144   0.62911227
9        2014      4       4  1.938715e-01 1.865449e-01 0.407826878 0.3506690064   0.02600351
10       2015      4       4  2.952336e-01 1.614007e-01 0.208870567 0.6258857790   0.43882867
11       2012      5       5 -1.323461e-01 1.878283e-01 0.531826443 0.1419937994  -0.14400827
12       2013      5       5 -1.031326e-01 2.024931e-01 0.645630899 0.0795853686  -0.22721951
13       2014      5       5  2.013962e-01 1.077893e-01 0.158500696 0.5378222647   0.38376302
14       2012      6       6  8.220253e-03 1.473298e-01 0.958180930 0.0007776629  -0.24902792
15       2013      6       6 -1.289947e-02 1.424322e-01 0.932191512 0.0020463423  -0.24744207
16       2012      7       7  4.805687e-02 1.066865e-01 0.671246448 0.0389983053  -0.15320203
17       2008     10      10  2.358425e-01 6.083338e-02 0.004695581 0.6526276078   0.60920606
[1] "Stability Time"
[1] 7
[1] "Absolute Range"
[1] -0.5687783  0.4426290
[1] "Relative Range"
[1] -0.8046208  0.2067866
[1] "Proportion Significant"
[1] 0.05882353
[1] "Proportion Significantly Wrong"
ERROR : object 'wrong_windows' not found 
[1] "Monroe"
[1] "Multiple Breakups"
   start_year N_data N_years       slope    slope_se      p_value   r_square  adj_r_square
1        2008      3       3 -0.28538548 0.151036766 0.3098831412 0.78119349  0.5623869801
2        2009      3       3  0.60446229 0.362717082 0.3440724878 0.73525150  0.4705029982
3        2010      3       3  0.74913687 0.279189173 0.2271052781 0.87804698  0.7560939638
4        2011      3       3  0.43204190 0.096114306 0.1393563972 0.95284305  0.9056861015
5        2012      3       3  0.60248045 0.002288436 0.0024180976 0.99998557  0.9999711454
6        2013      3       3  0.32105866 0.164767381 0.3018545053 0.79153094  0.5830618893
7        2014      3       3 -0.25169413 0.165911599 0.3710227751 0.69709848  0.3941969688
8        2015      3       3 -0.40429609 0.077806819 0.1210377183 0.96428571  0.9285714286
9        2016      3       3  0.06341899 0.192228611 0.7971281222 0.09815951 -0.8036809816
10       2008      4       4  0.19620251 0.286131819 0.5637123644 0.19034690 -0.2144796486
11       2009      4       4  0.56561816 0.163754975 0.0745650419 0.85642986  0.7846447925
12       2010      4       4  0.65559386 0.136037069 0.0404618338 0.92071349  0.8810702386
13       2011      4       4  0.50101006 0.058592896 0.0134028436 0.97337395  0.9600609236
14       2012      4       4  0.43283464 0.097950401 0.0475858822 0.90709265  0.8606389776
15       2013      4       4  0.03448408 0.181120553 0.8665755589 0.01780208 -0.4732968778
16       2014      4       4 -0.28578184 0.076763635 0.0651763166 0.87389532  0.8108429785
17       2015      4       4 -0.15062011 0.150536643 0.4224363715 0.33357974  0.0003696174
18       2008      5       5  0.30639302 0.177024824 0.1819217585 0.49963627  0.3328483543
19       2009      5       5  0.56442905 0.094546472 0.0094050479 0.92235866  0.8964782142
20       2010      5       5  0.62705531 0.080250717 0.0043638227 0.95316449  0.9375526526
21       2011      5       5  0.42173631 0.056913542 0.0050842843 0.94819540  0.9309271984
22       2012      5       5  0.20452626 0.143432908 0.2491335873 0.40396905  0.2052920649
23       2013      5       5 -0.08363380 0.124841884 0.5508636403 0.13012966 -0.1598271212
24       2014      5       5 -0.15616927 0.086971401 0.1704227145 0.51801970  0.3573596021
25       2008      6       6  0.37960798 0.123358385 0.0370295722 0.70303579  0.6287947426
26       2009      6       6  0.57009146 0.061981471 0.0007761561 0.95485277  0.9435659650
27       2010      6       6  0.53441828 0.074970768 0.0020476682 0.92702521  0.9087815141
28       2011      6       6  0.26182985 0.099556852 0.0581890652 0.63358733  0.5419841643
29       2012      6       6  0.07157287 0.121281495 0.5868240449 0.08009251 -0.1498843668
30       2013      6       6 -0.04880998 0.084164904 0.5930579919 0.07755925 -0.1530509356
31       2008      7       7  0.43006006 0.091962580 0.0054508317 0.81391438  0.7766972592
32       2009      7       7  0.51485465 0.054202274 0.0002186409 0.94749363  0.9369923500
33       2010      7       7  0.38631794 0.100605889 0.0121247509 0.74677054  0.6961246438
34       2011      7       7  0.14778891 0.096389292 0.1857922345 0.31980714  0.1837685704
35       2012      7       7  0.05888907 0.086071057 0.5242704450 0.08560856 -0.0972697232
36       2008      8       8  0.41821618 0.068885100 0.0009065498 0.86000815  0.8366761801
37       2009      8       8  0.40401297 0.075679930 0.0017638981 0.82608177  0.7970953926
38       2010      8       8  0.26995541 0.100680153 0.0364720868 0.54509134  0.4692732285
39       2011      8       8  0.12098683 0.073491898 0.1508103517 0.31115044  0.1963421788
40       2008      9       9  0.34887053 0.066708575 0.0012127537 0.79621839  0.7671067291
41       2009      9       9  0.30738394 0.080925033 0.0067289836 0.67331978  0.6266511773
42       2010      9       9  0.22408045 0.082361398 0.0297356150 0.51396296  0.4445291018
43       2008     10      10  0.27983631 0.066486196 0.0029601567 0.68889951  0.6500119533
44       2009     10      10  0.26304469 0.069446237 0.0053289310 0.64201040  0.5972617049
45       2008     11      11  0.24747821 0.057410438 0.0019597265 0.67370012  0.6374445809
[1] "Stability Time"
[1] 8
[1] "Absolute Range"
[1] -0.4042961  0.7491369
[1] "Relative Range"
[1] -0.6517743  0.5016587
[1] "Proportion Significant"
[1] 0.4888889
[1] "Proportion Significantly Wrong"
ERROR : object 'wrong_windows' not found 
[1] "Ulster"
[1] "Multiple Breakups"
   start_year N_data N_years       slope              slope_se               p_value   r_square adj_r_square
1        2008      3       3  0.52031898 0.1001354337293183377 0.1210377183236344134 0.96428571   0.92857143
2        2009      3       3 -0.17343966 0.5006771686468317606 0.7877043849902292116 0.10714286  -0.78571429
3        2010      3       3 -0.08671983 0.5507448855116833242 0.9005747159487750286 0.02419355  -0.95161290
4        2011      3       3  1.04063795 0.1001354337291855134 0.0610707393849367064 0.99082569   0.98165138
5        2012      3       3  0.60270281 0.3529774038962850691 0.3372854610240469952 0.74460459   0.48920919
6        2013      3       3  0.17343966 0.1051422054157109265 0.3469443182032523887 0.73126143   0.46252285
7        2014      3       3  0.35555130 0.0000000000002419905 0.0000000000004332875 1.00000000   1.00000000
8        2015      3       3 -0.77180648 0.6508803192408231242 0.4460180629179510969 0.58438876   0.16877751
9        2016      3       3 -0.35121531 0.8937087460349297796 0.7616205814603220769 0.13377783  -0.73244434
10       2008      4       4  0.06937586 0.2641754178829224808 0.8174258141649446419 0.03333333  -0.45000000
11       2009      4       4  0.05203190 0.2590006429332031845 0.8593578307184515097 0.01978022  -0.47032967
12       2010      4       4  0.39891122 0.3731976549693051814 0.3970291191429623501 0.36357388   0.04536082
13       2011      4       4  0.74318894 0.1774750494592573502 0.0525700631340784985 0.89762349   0.84643523
14       2012      4       4  0.46741988 0.1761224013800074262 0.1174778446155319289 0.77884535   0.66826803
15       2013      4       4  0.24628432 0.0630853232494862082 0.0597881906808671176 0.88399825   0.82599737
16       2014      4       4 -0.32086337 0.3905281915444225316 0.4976552673564125229 0.25235023  -0.12147465
17       2015      4       4 -0.29398022 0.4010424120860121566 0.5398093466479105818 0.21177544  -0.18233684
18       2008      5       5  0.13875173 0.1576934387304874396 0.4437071361435265260 0.20512821  -0.05982906
19       2009      5       5  0.32953535 0.2191570974718903830 0.2297098024284844331 0.42976190   0.23968254
20       2010      5       5  0.41452078 0.2156541585720297971 0.1503190955090619174 0.55188306   0.40251074
21       2011      5       5  0.60617161 0.1294490144640390306 0.0184038155314637936 0.87965210   0.83953613
22       2012      5       5  0.41798958 0.1056132174496734188 0.0287969373218321840 0.83926017   0.78568023
23       2013      5       5 -0.16823647 0.2420793526454989020 0.5370678839056660658 0.13866741  -0.14844345
24       2014      5       5 -0.15262690 0.2455034133661941897 0.5781895526639809768 0.11412907  -0.18116124
25       2008      6       6  0.31219139 0.1438210184684450277 0.0957357649553620821 0.54085851   0.42607313
26       2009      6       6  0.36050672 0.1445820050139436652 0.0672364045922352188 0.60850518   0.51063147
27       2010      6       6  0.41055645 0.1411973385443055784 0.0437798024939847485 0.67883336   0.59854170
28       2011      6       6  0.53122090 0.0951531818461948536 0.0050480543501954635 0.88625902   0.85782377
29       2012      6       6  0.07284466 0.2109234211467183040 0.7472205451989298863 0.02895510  -0.21380612
30       2013      6       6 -0.09167525 0.1645271812178400184 0.6070940004550752223 0.07202837  -0.15996454
31       2008      7       7  0.33975590 0.1029344947673432042 0.0214589460743303123 0.68542818   0.62251382
32       2009      7       7  0.37103698 0.1024155273738589778 0.0151738917525358567 0.72413953   0.66896744
33       2010      7       7  0.40324721 0.0999307387607652614 0.0099691943975930772 0.76507490   0.71808988
34       2011      7       7  0.24405438 0.1789281072917955628 0.2307654715359793440 0.27118395   0.12542074
35       2012      7       7  0.06999529 0.1491544538031619738 0.6586203295147211589 0.04218675  -0.14937590
36       2008      8       8  0.35255740 0.0770780168736551197 0.0037943086696670845 0.77713211   0.73998746
37       2009      8       8  0.37413412 0.0763569672326735727 0.0027114269443964385 0.80005380   0.76672944
38       2010      8       8  0.20833407 0.1349502623121973111 0.1735880665691994507 0.28428877   0.16500356
39       2011      8       8  0.20379160 0.1353758602146103440 0.1829353203453152332 0.27414884   0.15317365
40       2008      9       9  0.35873103 0.0598106759999468829 0.0005434625566764678 0.83710822   0.81383796
41       2009      9       9  0.22402623 0.1049239022814226624 0.0701368225715600230 0.39439988   0.30788557
42       2010      9       9  0.18326791 0.1055290549640764686 0.1260212859543952402 0.30111695   0.20127652
43       2008     10      10  0.23871604 0.0841289103744839589 0.0218959208865140628 0.50160184   0.43930207
44       2009     10      10  0.20066443 0.0847801147976255942 0.0454672464544649754 0.41185660   0.33833867
45       2008     11      11  0.21679957 0.0698466859218034031 0.0126419358522783330 0.51702261   0.46335845
[1] "Stability Time"
[1] 7
[1] "Absolute Range"
[1] -0.7718065  1.0406380
[1] "Relative Range"
[1] -0.9886061  0.8238384
[1] "Proportion Significant"
[1] 0.3111111
[1] "Proportion Significantly Wrong"
ERROR : object 'wrong_windows' not found 
[1] "Onondaga"
[1] "Multiple Breakups"
   start_year N_data N_years        slope    slope_se    p_value     r_square adj_r_square
1        2008      3       3 -0.290801026 0.448735008 0.63394331 0.2957567462  -0.40848651
2        2009      3       3  1.697220535 0.699049775 0.24873047 0.8549606709   0.70992134
3        2010      3       3  0.904126827 1.156942641 0.57770119 0.3791557891  -0.24168842
4        2011      3       3 -0.645049549 0.262525243 0.24606186 0.8579003996   0.71580080
5        2012      3       3 -0.206204364 0.009157857 0.02825471 0.9980314961   0.99606299
6        2013      3       3 -0.586889344 0.210630718 0.21936364 0.8858930112   0.77178602
7        2014      3       3 -0.153331450 0.460945485 0.79556140 0.0996288106  -0.80074238
8        2015      3       3  0.185055198 0.265577862 0.61256819 0.3268409819  -0.34631804
9        2016      3       3  0.592176635 0.500629533 0.44679301 0.5831886933   0.16637739
10       2008      4       4  0.746565544 0.631650553 0.35872217 0.4112372529   0.11685588
11       2009      4       4  0.979206365 0.519213091 0.19995036 0.6400794243   0.46011914
12       2010      4       4  0.375397688 0.600739618 0.59583212 0.1633516743  -0.25497249
13       2011      4       4 -0.472683850 0.153906504 0.09167165 0.8250603902   0.73759059
14       2012      4       4 -0.431442977 0.130106050 0.08015674 0.8461116194   0.76916743
15       2013      4       4 -0.253789987 0.214145092 0.35770074 0.4125483455   0.11882252
16       2014      4       4 -0.109975661 0.207655298 0.64929649 0.1229929497  -0.31551058
17       2015      4       4  0.521326931 0.227594404 0.14910792 0.7240173372   0.58602601
18       2008      5       5  0.584774427 0.376456632 0.21815789 0.4457727180   0.26103029
19       2009      5       5  0.601693760 0.370629195 0.20295565 0.4676653782   0.29022050
20       2010      5       5  0.150159075 0.370414417 0.71237466 0.0519332008  -0.26408907
21       2011      5       5 -0.534016430 0.095653711 0.01134732 0.9121979311   0.88293057
22       2012      5       5 -0.261192194 0.123710567 0.12521034 0.5977289650   0.46363862
23       2013      5       5 -0.191399948 0.128777117 0.23390101 0.4240796355   0.23210618
24       2014      5       5  0.212549114 0.221467043 0.40799012 0.2349059237  -0.02012544
25       2008      6       6  0.427817406 0.262581045 0.17858666 0.3989070980   0.24863387
26       2009      6       6  0.376153016 0.275367667 0.24369934 0.3181001178   0.14762515
27       2010      6       6 -0.071605032 0.274218960 0.80689043 0.0167606701  -0.22904916
28       2011      6       6 -0.383102027 0.107298602 0.02336678 0.7611649750   0.70145622
29       2012      6       6 -0.214512965 0.085353995 0.06583117 0.6122622489   0.51532781
30       2013      6       6  0.062238973 0.168971796 0.73128554 0.0328057598  -0.20899280
31       2008      7       7  0.302130936 0.199349188 0.19005946 0.3147871252   0.17774455
32       2009      7       7  0.153331450 0.233374147 0.54020209 0.0794736598  -0.10463161
33       2010      7       7 -0.074022079 0.193907108 0.71833934 0.0283196905  -0.16601637
34       2011      7       7 -0.317615147 0.084770310 0.01333801 0.7373716628   0.68484600
35       2012      7       7 -0.018505520 0.128253493 0.89090801 0.0041465757  -0.19502411
36       2008      8       8  0.145274625 0.174009004 0.43576635 0.1040771623  -0.04524331
37       2009      8       8  0.101465639 0.176505477 0.58628022 0.0522018880  -0.10576446
38       2010      8       8 -0.091772272 0.144892696 0.54985008 0.0626715625  -0.09354984
39       2011      8       8 -0.142253316 0.119343269 0.27827628 0.1914604070   0.05670381
40       2008      9       9  0.105393342 0.136739359 0.46606249 0.0782284174  -0.05345324
41       2009      9       9  0.052167942 0.139651701 0.71979012 0.0195453924  -0.12051955
42       2010      9       9  0.003348618 0.124949312 0.97936743 0.0001025937  -0.14273989
43       2008     10      10  0.064344734 0.111625126 0.58017264 0.0398784549  -0.08013674
44       2009     10      10  0.103823176 0.115326342 0.39427618 0.0919883877  -0.02151306
45       2008     11      11  0.105361297 0.094167751 0.29216861 0.1221110329   0.02456781
[1] "Stability Time"
[1] 8
[1] "Absolute Range"
[1] -0.6450495  1.6972205
[1] "Relative Range"
[1] -0.7504108  1.5918592
[1] "Proportion Significant"
[1] 0.08888889
[1] "Proportion Significantly Wrong"
[1] 0.08888889
[1] "Orange"
[1] "Multiple Breakups"
   start_year N_data N_years                  slope   slope_se    p_value     r_square adj_r_square
1        2008      3       3  0.5936771274402403709 0.57126608 0.48775429 5.192308e-01   0.03846154
2        2009      3       3 -0.0000000000001643887 0.91402573 1.00000000 3.229493e-26  -1.00000000
3        2010      3       3 -0.1319282505420732166 0.83785692 0.90057472 2.419355e-02  -0.95161290
4        2011      3       3  0.3957847516267836707 0.53318168 0.59348027 3.552632e-01  -0.28947368
5        2012      3       3  0.5936771274406266174 0.64743489 0.52755745 4.567669e-01  -0.08646617
6        2013      3       3  0.1319282505422068041 0.91402573 0.90874210 2.040816e-02  -0.95918367
7        2014      3       3 -0.2638565010844630132 0.68551930 0.76609195 1.290323e-01  -0.74193548
8        2015      3       3  1.0554260043385761403 0.07616881 0.04586456 9.948187e-01   0.98963731
9        2016      3       3 -0.3957847516272262611 0.91402573 0.73985306 1.578947e-01  -0.68421053
10       2008      4       4  0.0395784751626755624 0.40940293 0.93180057 4.651163e-03  -0.49302326
11       2009      4       4  0.2374708509760537767 0.43114508 0.63708497 1.317073e-01  -0.30243902
12       2010      4       4 -0.1055426004338017032 0.37501055 0.80481999 3.809524e-02  -0.44285714
13       2011      4       4  0.6992197278739360478 0.29588421 0.14191838 7.363041e-01   0.60445609
14       2012      4       4  0.0923497753795764348 0.40940293 0.84248769 2.481013e-02  -0.46278481
15       2013      4       4  0.2110852008676034064 0.41131158 0.65887885 1.163636e-01  -0.32545455
16       2014      4       4  0.2902421511929545450 0.44309041 0.57971160 1.766423e-01  -0.23503650
17       2015      4       4  0.1583139006507025270 0.51906684 0.78918149 4.444444e-02  -0.43333333
18       2008      5       5  0.1846995507591569774 0.25077938 0.51479089 1.531250e-01  -0.12916667
19       2009      5       5  0.1319282505422503804 0.25627155 0.64222107 8.116883e-02  -0.22510823
20       2010      5       5  0.2638565010844448611 0.30391260 0.44916345 2.008032e-01  -0.06559572
21       2011      5       5  0.3298206263556318629 0.27325395 0.31391798 3.268828e-01   0.10251046
22       2012      5       5  0.1583139006507274793 0.23941737 0.55570314 1.272085e-01  -0.16372203
23       2013      5       5  0.4221704017352115312 0.26691708 0.21187285 4.547069e-01   0.27294257
24       2014      5       5 -0.0527713002168820819 0.32351576 0.88079437 8.791209e-03  -0.32161172
25       2008      6       6  0.1243894933684230597 0.16782556 0.49973563 1.207540e-01  -0.09905748
26       2009      6       6  0.3279359370621946490 0.20236801 0.18044222 3.963173e-01   0.24539663
27       2010      6       6  0.1243894933684184523 0.21463403 0.59329730 7.746295e-02  -0.15317131
28       2011      6       6  0.3090890441275646605 0.17928669 0.15980154 4.262891e-01   0.28286137
29       2012      6       6  0.3241665584753310458 0.18367101 0.15233780 4.378058e-01   0.29725730
30       2013      6       6  0.1394670077160830302 0.23911055 0.59101219 7.838534e-02  -0.15201832
31       2008      7       7  0.2732799475517427856 0.14653384 0.12119559 4.102439e-01   0.29229268
32       2009      7       7  0.2073158222806695261 0.15914190 0.24944288 2.534031e-01   0.10408377
33       2010      7       7  0.1601985899441429051 0.15317087 0.34351891 1.795031e-01   0.01540373
34       2011      7       7  0.3957847516267247734 0.13629835 0.03364107 6.277580e-01   0.55330961
35       2012      7       7  0.1366399737759060873 0.16908457 0.45573564 1.155220e-01  -0.06137363
36       2008      8       8  0.1916100781685084187 0.11896345 0.15837899 3.018577e-01   0.18550066
37       2009      8       8  0.2167392687479909041 0.11874207 0.11775335 3.570304e-01   0.24986877
38       2010      8       8  0.2607153522621251662 0.12807005 0.08796364 4.085275e-01   0.30994880
39       2011      8       8  0.2340155872713777507 0.13799919 0.14085878 3.239934e-01   0.21132564
40       2008      9       9  0.2022899841647865238 0.09235476 0.06464461 4.066624e-01   0.32189988
41       2009      9       9  0.2858445428415461453 0.10025794 0.02464989 5.373039e-01   0.47120451
42       2010      9       9  0.1583139006507025548 0.11548383 0.21274858 2.116494e-01   0.09902792
43       2008     10      10  0.2614578056200974610 0.08120803 0.01224645 5.644091e-01   0.50996025
44       2009     10      10  0.1974925932359767045 0.09486058 0.07090271 3.514080e-01   0.27033402
45       2008     11      11  0.1918956371523581061 0.07752072 0.03525589 4.050633e-01   0.33895921
[1] "Stability Time"
[1] 5
[1] "Absolute Range"
[1] -0.3957848  1.0554260
[1] "Relative Range"
[1] -0.5876804  0.8635304
[1] "Proportion Significant"
[1] 0.1111111
[1] "Proportion Significantly Wrong"
ERROR : object 'wrong_windows' not found 
[1] "Oswego"
[1] "Multiple Breakups"
   start_year N_data N_years       slope   slope_se    p_value     r_square adj_r_square
1        2008      3       3  0.80948015 1.32806310 0.65152094 0.2708786627 -0.458242675
2        2009      3       3  0.87356400 1.29106427 0.62129786 0.3140437445 -0.371912511
3        2010      3       3 -1.44020010 0.04478805 0.01979154 0.9990338182  0.998067636
4        2011      3       3 -0.77912465 0.42646014 0.31882719 0.7694670358  0.538934072
5        2012      3       3  0.33053773 0.21420373 0.36605669 0.7042432538  0.408486508
6        2013      3       3  0.58350028 0.06815573 0.07402492 0.9865402365  0.973080473
7        2014      3       3  0.23272554 0.13436416 0.33333333 0.7500000000  0.500000000
8        2015      3       3 -0.29680939 0.17136298 0.33333333 0.7500000000  0.500000000
9        2016      3       3  0.67456679 0.73218728 0.52606131 0.4591087169 -0.081782566
10       2008      4       4  0.38787591 0.64187255 0.60707165 0.1543926910 -0.268410964
11       2009      4       4 -0.06745668 0.79280685 0.93994379 0.0036067489 -0.494589877
12       2010      4       4 -1.02803979 0.23880236 0.04994990 0.9025951920  0.853892788
13       2011      4       4 -0.26105735 0.35473684 0.53838693 0.2130866253 -0.180370062
14       2012      4       4  0.40811291 0.10574789 0.06105581 0.8816161859  0.822424279
15       2013      4       4  0.39664527 0.11210399 0.07142717 0.8622474936  0.793371240
16       2014      4       4 -0.03845031 0.16769872 0.83996276 0.0256119191 -0.461582121
17       2015      4       4  0.34537820 0.37860448 0.45793847 0.2938307030 -0.059253945
18       2008      5       5 -0.07757518 0.45776452 0.87621345 0.0094820540 -0.320690595
19       2009      5       5 -0.25026428 0.46973798 0.63112882 0.0864377168 -0.218083044
20       2010      5       5 -0.59968988 0.28314320 0.12442142 0.5992419257  0.465655901
21       2011      5       5 -0.01214220 0.25019791 0.96434372 0.0007844504 -0.332287399
22       2012      5       5  0.34200536 0.07200191 0.01770560 0.8826383452  0.843517794
23       2013      5       5  0.16122146 0.15054531 0.36270534 0.2765614409  0.035415255
24       2014      5       5  0.30355506 0.21991705 0.26135998 0.3884132026  0.184550937
25       2008      6       6 -0.20526104 0.30861141 0.54236646 0.0995804375 -0.125524453
26       2009      6       6 -0.16652163 0.31129329 0.62104805 0.0667626997 -0.166546625
27       2010      6       6 -0.32514119 0.24389396 0.25335044 0.3076258202  0.134532275
28       2011      6       6  0.06071101 0.16910747 0.73773714 0.0312159350 -0.210980081
29       2012      6       6  0.18945690 0.09989416 0.13075428 0.4734765043  0.341845630
30       2013      6       6  0.34846193 0.14628543 0.07581850 0.5865312890  0.483164111
31       2008      7       7 -0.15370486 0.22024194 0.51635952 0.0887638430 -0.093483388
32       2009      7       7 -0.06890218 0.22721856 0.77391738 0.0180589997 -0.178329200
33       2010      7       7 -0.19225154 0.18875562 0.35515535 0.1718268359  0.006192203
34       2011      7       7  0.01662325 0.12225620 0.89714929 0.0036839808 -0.195579223
35       2012      7       7  0.32282839 0.10449277 0.02717546 0.6562366604  0.587483992
36       2008      8       8 -0.08062679 0.16949395 0.65111873 0.0363430685 -0.124266420
37       2009      8       8 -0.02248556 0.17146586 0.89995333 0.0028579711 -0.163332367
38       2010      8       8 -0.17032812 0.14125837 0.27328599 0.1950557931  0.060898425
39       2011      8       8  0.15876411 0.12263087 0.24302863 0.2183551002  0.088080950
40       2008      9       9 -0.04114857 0.13325325 0.76646158 0.0134393945 -0.127497835
41       2009      9       9 -0.03890002 0.13315456 0.77864686 0.0120455436 -0.129090807
42       2010      9       9 -0.01922515 0.13993948 0.89459703 0.0026890056 -0.139783994
43       2008     10      10 -0.05118531 0.10645715 0.64352767 0.0280853089 -0.093404028
44       2009     10      10  0.06083366 0.12082391 0.62818802 0.0307145283 -0.090446156
45       2008     11      11  0.03397364 0.09986373 0.74151147 0.0126962879 -0.097004125
[1] "Stability Time"
[1] 7
[1] "Absolute Range"
[1] -1.440200  0.873564
[1] "Relative Range"
[1] -1.4741737  0.8395904
[1] "Proportion Significant"
[1] 0.08888889
[1] "Proportion Significantly Wrong"
[1] 0.08888889
[1] "Rockland"
[1] "Multiple Breakups"
   start_year N_data N_years       slope   slope_se    p_value    r_square adj_r_square
1        2008      3       3  0.47168047 0.03025832 0.04078329 0.995901639   0.99180328
2        2009      3       3 -0.52408941 0.60516632 0.54562895 0.428571429  -0.14285714
3        2010      3       3  0.57649835 1.24059096 0.72306521 0.177592955  -0.64481409
4        2011      3       3  0.43761466 1.32077550 0.79631483 0.098921016  -0.80215797
5        2012      3       3 -0.31445365 0.88656866 0.78301231 0.111744560  -0.77651088
6        2013      3       3  0.82019993 0.23147612 0.17511202 0.926228113   0.85245623
7        2014      3       3  0.52408941 0.06051663 0.07318640 0.986842105   0.97368421
8        2015      3       3 -0.15722682 0.45387474 0.78770438 0.107142857  -0.78571429
9        2016      3       3 -0.31445365 0.36309979 0.54562895 0.428571429  -0.14285714
10       2008      4       4 -0.13626325 0.35125722 0.73546400 0.069979296  -0.39503106
11       2009      4       4  0.34589901 0.57055985 0.60599648 0.155238774  -0.26714184
12       2010      4       4  0.06341482 0.62893939 0.92888422 0.005057454  -0.49241382
13       2011      4       4  0.44390373 0.59067992 0.53074144 0.220203595  -0.16969461
14       2012      4       4  0.05922210 0.45138157 0.90762296 0.008533517  -0.48719972
15       2013      4       4  0.72271930 0.11782924 0.02556579 0.949522029   0.92428304
16       2014      4       4  0.09433609 0.24958984 0.74180111 0.066666667  -0.40000000
17       2015      4       4 -0.09433609 0.20620105 0.69220649 0.094736842  -0.35789474
18       2008      5       5  0.31445365 0.32991279 0.41083533 0.232438017  -0.02341598
19       2009      5       5  0.08070977 0.36325559 0.83843663 0.016188926  -0.31174810
20       2010      5       5  0.19234081 0.37066907 0.63967797 0.082360862  -0.22351885
21       2011      5       5  0.44023510 0.34103579 0.28722556 0.357100924   0.14280123
22       2012      5       5  0.24789429 0.28245502 0.44474909 0.204297825  -0.06093623
23       2013      5       5  0.37000712 0.21470104 0.18329537 0.497484809   0.32997975
24       2014      5       5  0.05240894 0.14611979 0.74359702 0.041118421  -0.27850877
25       2008      6       6  0.13401715 0.23978992 0.60604330 0.072434194  -0.15945726
26       2009      6       6  0.16785835 0.24307120 0.52781599 0.106522759  -0.11684655
27       2010      6       6  0.26159549 0.24593200 0.34742001 0.220491276   0.02561409
28       2011      6       6  0.46614010 0.22376073 0.10563888 0.520369582   0.40046198
29       2012      6       6  0.13162131 0.19671872 0.54007795 0.100653335  -0.12418333
30       2013      6       6  0.26129601 0.15393189 0.16484143 0.418725613   0.27340702
31       2008      7       7  0.18605174 0.17219796 0.32927771 0.189282698   0.02713924
32       2009      7       7  0.22591997 0.17511574 0.25345084 0.249745429   0.09969451
33       2010      7       7  0.32568413 0.17779311 0.12647200 0.401595132   0.28191416
34       2011      7       7  0.32437391 0.17813941 0.12826069 0.398725820   0.27847098
35       2012      7       7  0.10968443 0.13967655 0.46785230 0.109790596  -0.06825128
36       2008      8       8  0.22716780 0.13052555 0.13243553 0.335476230   0.22472227
37       2009      8       8  0.28369459 0.13471836 0.07983113 0.424986613   0.32915105
38       2010      8       8  0.24663398 0.14015814 0.12895165 0.340404663   0.23047211
39       2011      8       8  0.26447798 0.13720658 0.10218515 0.382436593   0.27950936
40       2008      9       9  0.27313793 0.10453023 0.03476108 0.493773077   0.42145495
41       2009      9       9  0.22885238 0.10905034 0.07402474 0.386185448   0.29849766
42       2010      9       9  0.21426522 0.11016273 0.09285042 0.350828756   0.25809001
43       2008     10      10  0.23018642 0.08699549 0.02943986 0.466705568   0.40004376
44       2009     10      10  0.20560186 0.08802169 0.04772691 0.405469870   0.33115360
45       2008     11      11  0.21058865 0.07192705 0.01681684 0.487823392   0.43091488
[1] "Stability Time"
[1] 5
[1] "Absolute Range"
[1] -0.5240894  0.8201999
[1] "Relative Range"
[1] -0.7346781  0.6096113
[1] "Proportion Significant"
[1] 0.1333333
[1] "Proportion Significantly Wrong"
ERROR : object 'wrong_windows' not found 
[1] "Saratoga"
[1] "Multiple Breakups"
   start_year N_data N_years                  slope   slope_se    p_value     r_square adj_r_square
1        2008      3       3  0.3325918765411757794 1.35199170 0.84643982 5.706341e-02  -0.88587318
2        2009      3       3 -0.0000000000002775923 1.54401371 1.00000000 3.234042e-26  -1.00000000
3        2010      3       3 -0.1832649115631056480 1.43820566 0.91931288 1.597797e-02  -0.96804407
4        2011      3       3  1.3982433993361751412 0.52512141 0.22871185 8.763906e-01   0.75278114
5        2012      3       3  0.2715035726866708576 0.12540213 0.27545868 8.241758e-01   0.64835165
6        2013      3       3 -0.1764773222462996671 0.13323976 0.41169641 6.369347e-01   0.27386935
7        2014      3       3 -0.4954940201531533028 0.05094461 0.06522538 9.895395e-01   0.97907898
8        2015      3       3 -0.2715035726866549259 0.18026556 0.37313649 6.940428e-01   0.38808560
9        2016      3       3  0.0135751786343307444 0.01567527 0.54562895 4.285714e-01  -0.14285714
10       2008      4       4 -0.3353069122679135372 0.71712800 0.68609063 9.853909e-02  -0.35219136
11       2009      4       4  0.4249030912544815020 0.73278683 0.62063671 1.439165e-01  -0.28412525
12       2010      4       4  0.2674310190962710942 0.69382710 0.73704217 6.914682e-02  -0.39627977
13       2011      4       4  0.9041068970462770027 0.36951427 0.13421758 7.495792e-01   0.62436881
14       2012      4       4  0.0461556073567168518 0.14167701 0.77551764 5.039233e-02  -0.42441151
15       2013      4       4 -0.3217317336335851485 0.10287621 0.08883213 8.302269e-01   0.74534033
16       2014      4       4 -0.3434520194485106148 0.09068992 0.06318782 8.776171e-01   0.81642558
17       2015      4       4 -0.1629021436119418298 0.10213010 0.25175166 5.598756e-01   0.33981337
18       2008      5       5  0.0597307859910523389 0.47269700 0.90743890 5.294246e-03  -0.32627434
19       2009      5       5  0.5226443774216512628 0.42682155 0.30814696 3.332457e-01   0.11099420
20       2010      5       5  0.3149441443163439325 0.40151942 0.49005166 1.701826e-01  -0.10642316
21       2011      5       5  0.5430071453731400988 0.29829171 0.16625591 5.248517e-01   0.36646897
22       2012      5       5 -0.1248916434358600808 0.12823096 0.40191106 2.402361e-01  -0.01301847
23       2013      5       5 -0.2782911620037397116 0.06447376 0.02290760 8.613092e-01   0.81507897
24       2014      5       5 -0.2470682511447976626 0.07640788 0.04808611 7.770479e-01   0.70273060
25       2008      6       6  0.2338809347572089470 0.32537744 0.51201617 1.143922e-01  -0.10700981
26       2009      6       6  0.4836642216288159490 0.28032514 0.15954458 4.266792e-01   0.28334904
27       2010      6       6  0.2253479653298679775 0.26789772 0.44759872 1.503047e-01  -0.06211916
28       2011      6       6  0.2788729553737705480 0.24776809 0.32332305 2.405314e-01   0.05066430
29       2012      6       6 -0.1501026894710622284 0.08519943 0.15289876 4.369267e-01   0.29615835
30       2013      6       6 -0.2280630010567447630 0.05121006 0.01121655 8.321689e-01   0.79021116
31       2008      7       7  0.2768366785785164041 0.23140938 0.28520594 2.225341e-01   0.06704097
32       2009      7       7  0.3742870680607485734 0.20803577 0.13190224 3.929779e-01   0.27157348
33       2010      7       7  0.1066621178411327614 0.20144488 0.61912611 5.309393e-02  -0.13628729
34       2011      7       7  0.1590235211450314323 0.18836793 0.43706465 1.247576e-01  -0.05029084
35       2012      7       7 -0.1444786868939287872 0.06033253 0.06202550 5.342172e-01   0.44106069
36       2008      8       8  0.2377272353702034602 0.17395407 0.22074218 2.373806e-01   0.11027740
37       2009      8       8  0.2488782749626871071 0.17113234 0.19609438 2.606282e-01   0.13739958
38       2010      8       8  0.0517149662260411244 0.15346290 0.74760210 1.857511e-02  -0.14499570
39       2011      8       8  0.0947030319013672656 0.14522923 0.53850404 6.618069e-02  -0.08945586
40       2008      9       9  0.1647121674298522853 0.14118455 0.28155664 1.627855e-01   0.04318343
41       2009      9       9  0.1764773222462702740 0.13899304 0.24477525 1.871900e-01   0.07107430
42       2010      9       9  0.0217202858149254732 0.12012664 0.86163912 4.648692e-03  -0.13754435
43       2008     10      10  0.1207779529405691166 0.11544735 0.32605809 1.203454e-01   0.01038860
44       2009     10      10  0.1292521553607891283 0.11418124 0.29042534 1.380614e-01   0.03031911
45       2008     11      11  0.0907068754202772359 0.09584789 0.36867749 9.050511e-02  -0.01054988
[1] "Stability Time"
[1] 7
[1] "Absolute Range"
[1] -0.495494  1.398243
[1] "Relative Range"
[1] -0.5862009  1.3075365
[1] "Proportion Significant"
[1] 0.06666667
[1] "Proportion Significantly Wrong"
[1] 0.06666667
[1] "Schuyler"
[1] "Multiple Breakups"
   start_year N_data N_years       slope   slope_se       p_value    r_square adj_r_square
1        2008      3       3 -0.12760326 0.16873213 0.58779661959 0.363831398  -0.27233720
2        2009      3       3  0.08026656 0.28874583 0.82738832091 0.071731749  -0.85653650
3        2010      3       3  0.83559552 0.14734355 0.11111518551 0.969844121   0.93968824
4        2011      3       3  0.59067959 0.28874583 0.28945643408 0.807127739   0.61425548
5        2012      3       3  0.34987990 0.14972006 0.25741083159 0.845226954   0.69045391
6        2013      3       3  0.16876560 0.25428645 0.62698273075 0.305784623  -0.38843075
7        2014      3       3  0.07820845 0.20200325 0.76483750662 0.130356283  -0.73928743
8        2015      3       3 -0.01029059 0.25309819 0.97413026320 0.001650383  -0.99669923
9        2016      3       3  0.11525455 0.32558171 0.78340279457 0.111358364  -0.77728327
10       2008      4       4  0.05556916 0.12991594 0.71049966573 0.083810444  -0.37428433
11       2009      4       4  0.43343945 0.24135422 0.21435738085 0.617234325   0.42585149
12       2010      4       4  0.63760466 0.13194248 0.04025400897 0.921112367   0.88166855
13       2011      4       4  0.54622426 0.13165709 0.05347839378 0.895903151   0.84385473
14       2012      4       4  0.18934677 0.11433947 0.23956034166 0.578268474   0.36740271
15       2013      4       4  0.20251872 0.11537797 0.22130060647 0.606372745   0.40955912
16       2014      4       4 -0.04486695 0.11493584 0.73392068777 0.070798200  -0.39380270
17       2015      4       4  0.15271228 0.14720185 0.40850857580 0.349862105   0.02479316
18       2008      5       5  0.29925022 0.15943505 0.15716987090 0.540082444   0.38677659
19       2009      5       5  0.43549756 0.13935099 0.05226055081 0.765015118   0.68668682
20       2010      5       5  0.59232608 0.08053771 0.00519530736 0.947452104   0.92993614
21       2011      5       5  0.37375405 0.12527245 0.05843188011 0.747929836   0.66390645
22       2012      5       5  0.20498846 0.06662876 0.05428146317 0.759332288   0.67910972
23       2013      5       5  0.07903169 0.09757240 0.47723748168 0.179446240  -0.09407168
24       2014      5       5  0.07532708 0.09601537 0.48997538943 0.170236885  -0.10635082
25       2008      6       6  0.33906008 0.10687545 0.03377750338 0.715598440   0.64449805
26       2009      6       6  0.46090061 0.09239807 0.00755325360 0.861506381   0.82688298
27       2010      6       6  0.45596113 0.09475399 0.00857248590 0.852702048   0.81587756
28       2011      6       6  0.33223889 0.08544094 0.01771279828 0.790801492   0.73850187
29       2012      6       6  0.11607780 0.06736194 0.15995077434 0.426062731   0.28257841
30       2013      6       6  0.12948496 0.07020449 0.13888850001 0.459590948   0.32448869
31       2008      7       7  0.38222174 0.07957485 0.00486947949 0.821884498   0.78626140
32       2009      7       7  0.39148326 0.07664828 0.00374628786 0.839160282   0.80699234
33       2010      7       7  0.40427299 0.07334654 0.00268961316 0.858677910   0.83041349
34       2011      7       7  0.23374329 0.08296910 0.03722968978 0.613505716   0.53620686
35       2012      7       7  0.14465623 0.05040891 0.03500869722 0.622211712   0.54665405
36       2008      8       8  0.34571466 0.06294538 0.00152579162 0.834095193   0.80644439
37       2009      8       8  0.36560979 0.05905092 0.00081747649 0.864663194   0.84210706
38       2010      8       8  0.31165772 0.07647173 0.00653542618 0.734623639   0.69039425
39       2011      8       8  0.22982307 0.06188292 0.00992443837 0.696856153   0.64633218
40       2008      9       9  0.33416960 0.04921079 0.00025538554 0.868202847   0.84937468
41       2009      9       9  0.29925022 0.05966633 0.00153839458 0.782298959   0.75119881
42       2010      9       9  0.29293866 0.06021260 0.00182451989 0.771755994   0.73914971
43       2008     10      10  0.28559180 0.04824608 0.00035389731 0.814127577   0.79089352
44       2009     10      10  0.28619053 0.04819078 0.00034633978 0.815106449   0.79199475
45       2008     11      11  0.27698513 0.03970492 0.00006494105 0.843928400   0.82658711
[1] "Stability Time"
[1] 8
[1] "Absolute Range"
[1] -0.1276033  0.8355955
[1] "Relative Range"
[1] -0.4045884  0.5586104
[1] "Proportion Significant"
[1] 0.4666667
[1] "Proportion Significantly Wrong"
ERROR : object 'wrong_windows' not found 
[1] "Seneca"
[1] "Multiple Breakups"
   start_year N_data N_years       slope   slope_se     p_value   r_square adj_r_square
1        2008      3       3  0.80522339 0.46489594 0.333333333 0.75000000    0.5000000
2        2009      3       3  0.19436427 0.11221626 0.333333333 0.75000000    0.5000000
3        2010      3       3  0.60391755 0.12423943 0.129164975 0.95939665    0.9187933
4        2011      3       3  0.54491411 0.15830508 0.179992352 0.92217040    0.8443408
5        2012      3       3 -0.14230241 0.23845956 0.657478490 0.26260154   -0.4747969
6        2013      3       3 -0.07635739 0.27653293 0.828487680 0.07084309   -0.8583138
7        2008      4       4  0.59975260 0.23937084 0.129145525 0.75838752    0.6375813
8        2009      4       4  0.40122338 0.12954560 0.090344501 0.82747313    0.7412097
9        2010      4       4  0.52547768 0.07168002 0.018103725 0.96412029    0.9461804
10       2011      4       4  0.18742269 0.21820206 0.480884406 0.26948100   -0.0957785
11       2012      4       4 -0.02013058 0.12785895 0.889354072 0.01224252   -0.4816362
12       2008      5       5  0.60252923 0.13821011 0.022307570 0.86366971    0.8182263
13       2009      5       5  0.41649486 0.07531109 0.011649920 0.91067309    0.8808975
14       2010      5       5  0.29362888 0.14010935 0.127083109 0.59415636    0.4588751
15       2011      5       5  0.15896220 0.12704610 0.299543036 0.34290404    0.1238720
16       2008      6       6  0.55592147 0.09439640 0.004156548 0.89659526    0.8707441
17       2009      6       6  0.28202652 0.09196738 0.037417038 0.70158144    0.6269768
18       2010      6       6  0.24295533 0.09627598 0.065111478 0.61420515    0.5177564
19       2008      7       7  0.42021356 0.10292822 0.009515675 0.76923993    0.7230879
20       2009      7       7  0.24692195 0.06811590 0.015139388 0.72437845    0.6692541
21       2008      8       8  0.36220178 0.08371061 0.004945727 0.75729607    0.7168454
22       2008     10      10  0.24874576 0.05919843 0.002988754 0.68818144    0.6492041
[1] "Stability Time"
[1] 7
[1] "Absolute Range"
[1] -0.1423024  0.8052234
[1] "Relative Range"
[1] -0.3910482  0.5564776
[1] "Proportion Significant"
[1] 0.4090909
[1] "Proportion Significantly Wrong"
ERROR : object 'wrong_windows' not found 
[1] "Sullivan"
[1] "Multiple Breakups"
   start_year N_data N_years       slope   slope_se    p_value    r_square adj_r_square
1        2011      3       3  0.15780428 0.99579823 0.89994678 0.024497582  -0.95100484
2        2012      3       3 -0.42911691 0.65693912 0.63163521 0.299071354  -0.40185729
3        2013      3       3  0.44295939 0.15344563 0.21229562 0.892857143   0.78571429
4        2014      3       3  0.29899759 0.07032925 0.14707023 0.947573657   0.89514731
5        2015      3       3  0.07198090 0.20139739 0.78147488 0.113270777  -0.77345845
6        2016      3       3  0.01937947 0.17102795 0.92816989 0.012676785  -0.97464643
7        2011      4       4  0.15060619 0.44535390 0.76743301 0.054087407  -0.41886889
8        2012      4       4 -0.13344152 0.33978687 0.73242943 0.071594012  -0.39260898
9        2013      4       4  0.40973744 0.07125315 0.02893494 0.942967351   0.91445103
10       2014      4       4  0.13842481 0.09789678 0.29294978 0.499920013   0.24988002
11       2015      4       4  0.11018615 0.09272933 0.35670755 0.413825174   0.12073776
12       2011      5       5  0.15448209 0.25713493 0.59034295 0.107392374  -0.19014350
13       2012      5       5  0.03654415 0.21935530 0.87828207 0.009166821  -0.32111091
14       2013      5       5  0.26577563 0.09273980 0.06426977 0.732451679   0.64326890
15       2014      5       5  0.14174700 0.05655327 0.08721092 0.676801058   0.56906808
16       2011      6       6  0.19363653 0.16984543 0.31788592 0.245250427   0.05656303
17       2012      6       6  0.04034094 0.14361848 0.79272533 0.019343208  -0.22582099
18       2013      6       6  0.23176268 0.06380932 0.02211845 0.767337013   0.70917127
19       2011      7       7  0.15721103 0.12192623 0.25368288 0.249535298   0.09944236
20       2012      7       7  0.07118990 0.10310361 0.52063485 0.087049505  -0.09554059
21       2011      8       8  0.15523354 0.09088562 0.13849939 0.327150419   0.21500882
22       2008     10      10  0.22134141 0.07151754 0.01477890 0.544900122   0.48801264
[1] "Stability Time"
[1] 5
[1] "Absolute Range"
[1] -0.4291169  0.4429594
[1] "Relative Range"
[1] -0.6504583  0.2216180
[1] "Proportion Significant"
[1] 0.1363636
[1] "Proportion Significantly Wrong"
ERROR : object 'wrong_windows' not found 
[1] "Westchester"
[1] "Multiple Breakups"
   start_year N_data N_years        slope              slope_se               p_value     r_square
1        2008      3       3  0.460135407 1.0246858763152886240 0.7313058404938597157 1.678082e-01
2        2009      3       3 -1.314672592 0.0000000000002362989 0.0000000000001144259 1.000000e+00
3        2010      3       3  0.328668148 0.9487832188107019338 0.7877043849901564920 1.071429e-01
4        2011      3       3  0.328668148 0.9487832188106704034 0.7877043849904579176 1.071429e-01
5        2012      3       3 -0.262934518 0.6072212600389881310 0.7398530617071810145 1.578947e-01
6        2013      3       3  1.051738074 0.1518053150095984849 0.0912578966859378532 9.795918e-01
7        2014      3       3  0.788803555 0.3036106300195371976 0.2339080492820356794 8.709677e-01
8        2015      3       3 -0.591602667 0.4933672737814413511 0.4425158868423935132 5.898058e-01
9        2016      3       3 -0.381255052 0.6148115257895095942 0.6466249668010471963 2.777411e-01
10       2008      4       4 -0.249787793 0.6148115257890846008 0.7238827055476775296 7.624076e-02
11       2009      4       4 -0.328668148 0.5692699312861894123 0.6220355269907728024 1.428571e-01
12       2010      4       4  0.000000000 0.4648069525201351526 1.0000000000000000000 4.564206e-32
13       2011      4       4  0.302374696 0.4245802253942880244 0.5502284412427551619 2.022945e-01
14       2012      4       4  0.315521422 0.4304423578924836402 0.5398210066915778427 2.117647e-01
15       2013      4       4  0.841390459 0.1391318693856679056 0.0262710088797046964 9.481481e-01
16       2014      4       4  0.065733630 0.4389904199126231643 0.8947076712143346988 1.108647e-02
17       2015      4       4 -0.294486661 0.2794784911451299037 0.4025285684203929737 3.569721e-01
18       2008      5       5  0.052586904 0.3955686493980184459 0.9026568774835985742 5.856515e-03
19       2009      5       5 -0.328668148 0.3286681480696486135 0.3910022189557798566 2.500000e-01
20       2010      5       5  0.092027081 0.2735656452803567062 0.7587265835034324724 3.635015e-02
21       2011      5       5  0.499575585 0.2702816792137817670 0.1616893099457271665 5.324484e-01
22       2012      5       5  0.420695230 0.2558268641271093657 0.1986306700515132473 4.740741e-01
23       2013      5       5  0.341814874 0.2994068816135514455 0.3364751354055022792 3.028674e-01
24       2014      5       5  0.044698868 0.2537420277667076784 0.8713895810717985357 1.023806e-02
25       2008      6       6 -0.056343111 0.2664878487654691597 0.8428883048062437711 1.105199e-02
26       2009      6       6 -0.169029333 0.2340733119063725942 0.5101794140841935388 1.153299e-01
27       2010      6       6  0.292984178 0.2133887289194330017 0.2416905406655462663 3.203229e-01
28       2011      6       6  0.522112830 0.1774186824832521270 0.0422698873309774875 6.840503e-01
29       2012      6       6  0.184054163 0.2161370178874595094 0.4424363686661065276 1.534676e-01
30       2013      6       6  0.247909689 0.2033677894406298037 0.2898065721146626528 2.708731e-01
31       2008      7       7 -0.004695259 0.1907801185562834068 0.9813173829862418263 1.211240e-04
32       2009      7       7  0.046952593 0.2072306809045985077 0.8297283734741298655 1.016260e-02
33       2010      7       7  0.361534963 0.1559928786751006990 0.0682542250168760717 5.179071e-01
34       2011      7       7  0.319277630 0.1716179882573418414 0.1219085311989476644 4.090587e-01
35       2012      7       7  0.153065452 0.1538756164003646509 0.3655368161928991277 1.652054e-01
36       2008      8       8  0.126772000 0.1611887054660758323 0.4615091224036096396 9.345754e-02
37       2009      8       8  0.154943556 0.1665696116640772162 0.3881604524954465618 1.260368e-01
38       2010      8       8  0.239458222 0.1359644899944411900 0.1286845907532712940 3.407870e-01
39       2011      8       8  0.265125639 0.1316818487307574170 0.0907286246973132565 4.032048e-01
40       2008      9       9  0.197200889 0.1313106573149426803 0.1768472645312726410 2.436823e-01
41       2009      9       9  0.098600444 0.1330618028361482685 0.4827979118257300639 7.273707e-02
42       2010      9       9  0.212100512 0.1064954786221214977 0.0866815654255793377 3.616997e-01
43       2008     10      10  0.143418828 0.1092550357583320503 0.2256898334619152624 1.772235e-01
44       2009     10      10  0.101827368 0.1061629471188643425 0.3655646521665120163 1.031380e-01
45       2008     11      11  0.138638201 0.0892490524271564167 0.1547496740287341854 2.114261e-01
              adj_r_square
1  -0.66438356164393419512
2   1.00000000000000000000
3  -0.78571428571392232243
4  -0.78571428571450807610
5  -0.68421052631621770423
6   0.95918367346942501328
7   0.74193548387072683070
8   0.17961165048601501759
9  -0.44451783355402718634
10 -0.38563885955649412907
11 -0.28571428571428580945
12 -0.50000000000000000000
13 -0.19655831739961748816
14 -0.18235294117647082857
15  0.92222222222222227650
16 -0.48337028824833705443
17  0.03545816733067741477
18 -0.32552464616886478410
19 -0.00000000000001110223
20 -0.28486646884274891001
21  0.37659783677481906139
22  0.29876543209891526232
23  0.07048984468338215237
24 -0.31968258466773047388
25 -0.23618501841995720447
26 -0.10583768391083481220
27  0.15040365040366798777
28  0.60506284298104828778
29 -0.05816554809835383644
30  0.08859132741887743023
31 -0.19985465116279366171
32 -0.18780487804881840219
33  0.42148846960163144360
34  0.29087048832279671640
35 -0.00175346963139211276
36 -0.05763286469239137233
37 -0.01962372850837690308
38  0.23091816977484391771
39  0.30373893668943141577
40  0.13563692625064460717
41 -0.05972906403940880793
42  0.27051391396926049993
43  0.07437643583853170703
44 -0.00896974142563022880
45  0.12380673049394330665
[1] "Stability Time"
[1] 7
[1] "Absolute Range"
[1] -1.314673  1.051738
[1] "Relative Range"
[1] -1.4533108  0.9130999
[1] "Proportion Significant"
[1] 0.06666667
[1] "Proportion Significantly Wrong"
[1] 0.06666667
