[1] "Albany"
[1] "Multiple Breakups"
   start_year N_data N_years       slope   slope_se    p_value    r_square adj_r_square
1        2008      3       3 -1.30662211 0.60495563 0.27604178 0.823477935   0.64695587
2        2009      3       3 -0.12041772 0.07989980 0.37294608 0.694318416   0.38863683
3        2010      3       3  0.52660286 0.29365771 0.32384473 0.762794844   0.52558969
4        2011      3       3  0.83573491 0.11518023 0.08718910 0.981359948   0.96271990
5        2012      3       3 -0.80158661 0.83012779 0.51113432 0.482513818  -0.03497236
6        2013      3       3 -1.14306969 0.63297244 0.32194888 0.765323653   0.53064731
7        2014      3       3  0.03594559 0.04773235 0.58908728 0.361881785  -0.27623643
8        2015      3       3  0.52840014 0.23658642 0.26800023 0.833005667   0.66601133
9        2016      3       3  0.56434573 0.21583323 0.23254759 0.872397154   0.74479431
10       2008      4       4 -0.80446225 0.39654647 0.17965713 0.672962428   0.50944364
11       2009      4       4  0.24011653 0.21119922 0.37344215 0.392574737   0.08886210
12       2010      4       4  0.61035608 0.13994703 0.04875965 0.904858208   0.85728731
13       2011      4       4 -0.10675840 0.54658135 0.86318644 0.018717951  -0.47192307
14       2012      4       4 -0.71891175 0.37430042 0.19473895 0.648445352   0.47266803
15       2013      4       4 -0.65492861 0.39944719 0.24276733 0.573401319   0.36010198
16       2014      4       4  0.31488335 0.16245338 0.19216511 0.652597204   0.47889581
17       2015      4       4  0.46801155 0.11140117 0.05225716 0.898216500   0.84732475
18       2008      5       5 -0.33609124 0.35431648 0.41282307 0.230723938  -0.02570142
19       2009      5       5  0.39144745 0.15000684 0.07971724 0.694178696   0.59223826
20       2010      5       5  0.05715348 0.32945322 0.87331933 0.009932112  -0.32009052
21       2011      5       5 -0.28325123 0.33161267 0.45579640 0.195622944  -0.07250274
22       2012      5       5 -0.53487034 0.24081255 0.11292679 0.621847852   0.49579714
23       2013      5       5 -0.23867870 0.33307759 0.52537794 0.146149430  -0.13846743
24       2014      5       5  0.34579655 0.09547552 0.03620063 0.813869062   0.75182542
25       2008      6       6 -0.06336694 0.28034939 0.83225910 0.012611142  -0.23423607
26       2009      6       6  0.05884806 0.21567998 0.79847631 0.018271577  -0.22716053
27       2010      6       6 -0.11574479 0.23765837 0.65172653 0.055978174  -0.18002728
28       2011      6       6 -0.27626752 0.21712889 0.27217569 0.288118960   0.11014870
29       2012      6       6 -0.27185134 0.21888996 0.28209766 0.278297594   0.09787199
30       2013      6       6 -0.05843726 0.24160919 0.82077723 0.014414090  -0.23198239
31       2008      7       7 -0.19911288 0.21316709 0.39314593 0.148571807  -0.02171383
32       2009      7       7 -0.07124929 0.17000206 0.69253323 0.033938110  -0.15927427
33       2010      7       7 -0.15238362 0.16937597 0.40952765 0.139328617  -0.03280566
34       2011      7       7 -0.14365397 0.17156514 0.44058934 0.122975583  -0.05242930
35       2012      7       7 -0.12837710 0.17555064 0.49742305 0.096620747  -0.08405510
36       2008      8       8 -0.24297506 0.16089083 0.18173947 0.275420201   0.15465690
37       2009      8       8 -0.10963404 0.12863543 0.42676061 0.107991011  -0.04067715
38       2010      8       8 -0.07676951 0.13358043 0.58637671 0.052175715  -0.10579500
39       2011      8       8 -0.06055120 0.13658176 0.67306312 0.031718346  -0.12966193
40       2008      9       9 -0.23933770 0.12464319 0.09630386 0.345004838   0.25143410
41       2009      9       9 -0.05769267 0.10405550 0.59653755 0.042067624  -0.09477986
42       2010      9       9 -0.02366418 0.10791801 0.83268933 0.006822193  -0.13506035
43       2008     10      10 -0.17325773 0.10649891 0.14242073 0.248589239   0.15466289
44       2009     10      10 -0.01771137 0.08615737 0.84226141 0.005254622  -0.11908855
45       2008     11      11 -0.12067914 0.09210238 0.22255554 0.160198006   0.06688667
[1] "Stability Time"
[1] 6
[1] "Absolute Range"
[1] -1.3066221  0.8357349
[1] "Relative Range"
[1] -1.1859430  0.9564141
[1] "Proportion Significant"
[1] 0.04444444
[1] "Proportion Significantly Wrong"
[1] 0.04444444
[1] "Cattaraugus"
[1] "Multiple Breakups"
   start_year N_data N_years       slope    slope_se     p_value     r_square adj_r_square
1        2009      3       3  0.37923836 0.004468436 0.007500726 0.9998611882  0.999722376
2        2010      3       3  0.04256757 0.189908536 0.859623359 0.0478386927 -0.904322615
3        2011      3       3  1.38151118 0.962947986 0.387527393 0.6730181585  0.346036317
4        2012      3       3 -0.04256757 1.785140235 0.984822356 0.0005682850 -0.998863430
5        2013      3       3 -1.39699029 1.003163912 0.396463627 0.6597818970  0.319563794
6        2014      3       3 -0.04643735 0.223421807 0.869538544 0.0414110429 -0.917177914
7        2015      3       3 -0.21283786 0.127350430 0.343266381 0.7363680623  0.472736125
8        2016      3       3  0.27862410 0.156395265 0.325622817 0.7604146294  0.520829259
9        2009      4       4  0.17878380 0.115749747 0.262454964 0.5439726795  0.315959019
10       2010      4       4  0.91171998 0.508941733 0.215106084 0.6160584590  0.424087688
11       2011      4       4  0.19348896 0.809888486 0.833426588 0.0277467015 -0.458379948
12       2012      4       4 -0.23683049 0.806178945 0.796615549 0.0413652348 -0.437952148
13       2013      4       4 -0.93416470 0.522178204 0.215514811 0.6154170125  0.423125519
14       2014      4       4 -0.06888207 0.100754070 0.564764856 0.1894296305 -0.215855554
15       2015      4       4  0.03792384 0.155576675 0.830138376 0.0288529712 -0.456720543
16       2009      5       5  0.71281333 0.315481401 0.108981709 0.6298625983  0.506483464
17       2010      5       5  0.27630224 0.470027446 0.597956462 0.1032889000 -0.195614800
18       2011      5       5 -0.01470516 0.482791933 0.977614348 0.0003091463 -0.332921138
19       2012      5       5 -0.31500003 0.467630541 0.548813540 0.1313786233 -0.158161836
20       2013      5       5 -0.65321873 0.342345203 0.152415167 0.5482426030  0.397656804
21       2014      5       5  0.05030713 0.090106322 0.615593867 0.0941231510 -0.207835799
22       2009      6       6  0.31577398 0.308547930 0.363963728 0.2075108274  0.009388534
23       2010      6       6  0.10393121 0.323398220 0.764020148 0.0251701368 -0.218537329
24       2011      6       6 -0.13400493 0.323479557 0.699934083 0.0411380716 -0.198577410
25       2012      6       6 -0.29122853 0.306443539 0.395749573 0.1842003359 -0.019749580
26       2013      6       6 -0.40113026 0.267229377 0.207736971 0.3603289459  0.200411182
27       2009      7       7  0.17662778 0.232496884 0.481696951 0.1034836959 -0.075819565
28       2010      7       7 -0.01520270 0.238797336 0.951704866 0.0008099549 -0.199028054
29       2011      7       7 -0.16142508 0.229281777 0.512831643 0.0901947676 -0.091766279
30       2012      7       7 -0.19265972 0.224036659 0.429113495 0.1288453990 -0.045385521
31       2009      8       8  0.06781327 0.184329354 0.725583318 0.0220597949 -0.140930239
32       2010      8       8 -0.06292998 0.180109386 0.738726199 0.0199408446 -0.143402348
33       2011      8       8 -0.11360566 0.173112281 0.536001558 0.0669711867 -0.088533616
34       2009      9       9  0.01302826 0.146242444 0.931508284 0.0011324932 -0.141562865
35       2010      9       9 -0.04437347 0.139922893 0.760395706 0.0141636757 -0.126670085
36       2009     10      10  0.01440027 0.116663802 0.904808315 0.0019008711 -0.122861520
[1] "Stability Time"
[1] 7
[1] "Absolute Range"
[1] -1.396990  1.381511
[1] "Relative Range"
[1] -1.411391  1.367111
[1] "Proportion Significant"
[1] 0.02777778
[1] "Proportion Significantly Wrong"
[1] 0.02777778
[1] "Chemung"
[1] "Multiple Breakups"
   start_year N_data N_years        slope   slope_se    p_value     r_square adj_r_square
1        2009      3       3  0.060706461 0.30229669 0.87383375 0.0387643852 -0.922471230
2        2010      3       3  0.254208304 0.19057835 0.40954069 0.6401882487  0.280376497
3        2011      3       3  1.229305829 0.75355117 0.35008718 0.7268732228  0.453746446
4        2012      3       3  0.851787527 0.97151146 0.54174267 0.4346185465 -0.130762907
5        2013      3       3 -1.327953828 0.28696280 0.13548641 0.9553866911  0.910773382
6        2014      3       3 -0.671565221 0.66592894 0.49731726 0.5042139880  0.008427976
7        2015      3       3  0.316811842 0.09528917 0.18599987 0.9170393266  0.834078653
8        2016      3       3 -0.521696147 0.38882364 0.40774900 0.6428875035  0.285775007
9        2009      4       4  0.072088922 0.13535082 0.64755541 0.1242171908 -0.313674214
10       2010      4       4  0.905285095 0.38544046 0.14331141 0.7339153438  0.600873016
11       2011      4       4  0.741757067 0.43909278 0.23322454 0.5879445994  0.381916899
12       2012      4       4 -0.119515844 0.70939668 0.88170640 0.0139933760 -0.479009936
13       2013      4       4 -0.834713835 0.31235358 0.11613650 0.7812146920  0.671822038
14       2014      4       4 -0.309223534 0.36394519 0.48500740 0.2652173826 -0.102173926
15       2015      4       4 -0.153283813 0.27473499 0.63300923 0.1346822240 -0.297976664
16       2009      5       5  0.566846577 0.29614466 0.15151567 0.5498015623  0.399735416
17       2010      5       5  0.688259498 0.25538498 0.07410002 0.7076867094  0.610248946
18       2011      5       5  0.130898306 0.43433892 0.78281173 0.0293856964 -0.294152405
19       2012      5       5 -0.193501843 0.41179185 0.67047280 0.0685566983 -0.241924402
20       2013      5       5 -0.538769839 0.24842679 0.11859793 0.6105603566  0.480747142
21       2014      5       5 -0.413942179 0.21864896 0.15466806 0.5443593899  0.392479187
22       2009      6       6  0.508525013 0.19677456 0.06104959 0.6254197665  0.531774708
23       2010      6       6  0.267216831 0.29503284 0.41630777 0.1701807469 -0.037274066
24       2011      6       6  0.006504264 0.29327135 0.98336797 0.0001229543 -0.249846307
25       2012      6       6 -0.165316701 0.27007173 0.57354272 0.0856500562 -0.142937430
26       2013      6       6 -0.547984212 0.16272050 0.02810507 0.7392609028  0.674076128
27       2009      7       7  0.237676634 0.20931570 0.30764918 0.2050047418  0.046005690
28       2010      7       7  0.139841668 0.22120202 0.55503842 0.0740164581 -0.111180250
29       2011      7       7 -0.022358406 0.20804261 0.91859505 0.0023046503 -0.197234420
30       2012      7       7 -0.265590766 0.19955200 0.24067102 0.2615989898  0.113918788
31       2009      8       8  0.145171551 0.16490296 0.41254150 0.1143921753 -0.033209129
32       2010      8       8  0.087762391 0.16759356 0.61928404 0.0437061308 -0.115676181
33       2011      8       8 -0.132117855 0.16751453 0.46030861 0.0939347538 -0.057076121
34       2009      9       9  0.102442152 0.13009378 0.45684924 0.0813738845 -0.049858418
35       2010      9       9 -0.022069328 0.14447686 0.88290266 0.0033222961 -0.139060233
36       2009     10      10  0.009910790 0.11672226 0.93442006 0.0009003844 -0.123987068
[1] "Stability Time"
[1] 7
[1] "Absolute Range"
[1] -1.327954  1.229306
[1] "Relative Range"
[1] -1.337865  1.219395
[1] "Proportion Significant"
[1] 0.02777778
[1] "Proportion Significantly Wrong"
[1] 0.02777778
[1] "Columbia"
[1] "Multiple Breakups"
   start_year N_data N_years        slope   slope_se    p_value     r_square adj_r_square
1        2008      3       3 -0.713615667 0.98671032 0.60138362 0.3434259572  -0.31314809
2        2009      3       3 -1.254785898 0.67426555 0.31390651 0.7759454098   0.55189082
3        2010      3       3 -0.332973911 0.14205715 0.25671800 0.8460133787   0.69202676
4        2011      3       3  0.072202764 0.37598601 0.87921664 0.0355661394  -0.92886772
5        2012      3       3 -0.016823945 0.42738560 0.97495253 0.0015471893  -0.99690562
6        2013      3       3 -0.289512053 0.26994905 0.47774801 0.5349248795   0.06984976
7        2014      3       3 -0.018225940 0.11332194 0.89847974 0.0252150992  -0.94956980
8        2015      3       3  0.347694863 0.32458641 0.47812596 0.5343326200   0.06866524
9        2016      3       3  0.067996778 0.48607018 0.91151692 0.0191938410  -0.96161232
10       2008      4       4 -0.696511323 0.44138076 0.25529677 0.5545828937   0.33187434
11       2009      4       4 -0.935271142 0.35349215 0.11807895 0.7777847377   0.66667711
12       2010      4       4 -0.040657867 0.18033008 0.84256141 0.0247869092  -0.46281964
13       2011      4       4 -0.111458636 0.19878866 0.63144229 0.1358347867  -0.29624782
14       2012      4       4 -0.032386094 0.19134372 0.88116591 0.0141215420  -0.47881769
15       2013      4       4 -0.220253480 0.12717474 0.22543095 0.5999572161   0.39993582
16       2014      4       4  0.240582413 0.15778348 0.26681394 0.5375617949   0.30634269
17       2015      4       4  0.067435980 0.21737743 0.78573229 0.0459106536  -0.43113402
18       2008      5       5 -0.669593011 0.25530476 0.07881675 0.6963151567   0.59508688
19       2009      5       5 -0.539628036 0.30631692 0.17633959 0.5084760300   0.34463471
20       2010      5       5 -0.125478590 0.11505577 0.35521329 0.2839044325   0.04520591
21       2011      5       5 -0.090288505 0.11541968 0.49112485 0.1694202385  -0.10743968
22       2012      5       5 -0.071922365 0.11280593 0.56907840 0.1193315377  -0.17422462
23       2013      5       5  0.019627936 0.15675513 0.90827374 0.0051990107  -0.32640132
24       2014      5       5  0.089447308 0.12614469 0.52941023 0.1435426879  -0.14194308
25       2008      6       6 -0.462898829 0.20536635 0.08725641 0.5594996740   0.44937459
26       2009      6       6 -0.457651361 0.20604111 0.09049493 0.5522509286   0.44031366
27       2010      6       6 -0.106351367 0.07612691 0.23492478 0.3279214418   0.15990180
28       2011      6       6 -0.101985152 0.07586109 0.25000899 0.3112144669   0.13901808
29       2012      6       6  0.057041185 0.10486903 0.61538929 0.0688704163  -0.16391198
30       2013      6       6 -0.025195860 0.10583314 0.82352379 0.0139715460  -0.23253557
31       2008      7       7 -0.420598625 0.14725524 0.03556207 0.6200087364   0.54401048
32       2009      7       7 -0.360262751 0.15616652 0.06917303 0.5155908285   0.41870899
33       2010      7       7 -0.111108137 0.05389986 0.09426747 0.4594179751   0.35130157
34       2011      7       7  0.002253207 0.08061843 0.97878404 0.0001562053  -0.19981255
35       2012      7       7  0.014070025 0.07819376 0.86426650 0.0064338715  -0.19227935
36       2008      8       8 -0.353085869 0.11647338 0.02305421 0.6049987717   0.53916523
37       2009      8       8 -0.307537709 0.12031427 0.04313349 0.5212924939   0.44150791
38       2010      8       8 -0.028006527 0.06257760 0.67018342 0.0323048677  -0.12897765
39       2011      8       8 -0.018993700 0.06132876 0.76726094 0.0157344601  -0.14830980
40       2008      9       9 -0.312341212 0.09323629 0.01225082 0.6158589903   0.56098170
41       2009      9       9 -0.201770507 0.11141909 0.11306322 0.3190272756   0.22174546
42       2010      9       9 -0.038952106 0.04888261 0.45171421 0.0831660071  -0.04781028
43       2008     10      10 -0.224931046 0.08988191 0.03679742 0.4390921883   0.36897871
44       2009     10      10 -0.179132530 0.08983752 0.08127292 0.3319906933   0.24848953
45       2008     11      11 -0.202205975 0.07455187 0.02390786 0.4497598208   0.38862202
[1] "Stability Time"
[1] 7
[1] "Absolute Range"
[1] -1.2547859  0.3476949
[1] "Relative Range"
[1] -1.0525799  0.5499008
[1] "Proportion Significant"
[1] 0.1333333
[1] "Proportion Significantly Wrong"
ERROR : object 'wrong_windows' not found 
[1] "Dutchess"
[1] "Multiple Breakups"
   start_year N_data N_years        slope   slope_se   p_value       r_square adj_r_square
1        2008      3       3  0.133993763 0.15949806 0.5551833 0.413751786765  -0.17249643
2        2009      3       3  0.132339519 0.15854298 0.5571940 0.410642484387  -0.17871503
3        2010      3       3 -0.133993763 0.31231058 0.7419859 0.155459198180  -0.68908160
4        2011      3       3  1.427612561 1.21390441 0.4486071 0.580377468863   0.16075494
5        2012      3       3  0.215051718 1.91397674 0.9287691 0.012467061875  -0.97506588
6        2013      3       3 -1.530175689 0.90636922 0.3404393 0.740271886525   0.48054377
7        2014      3       3 -0.264679038 0.17573439 0.3731365 0.694042799306   0.38808560
8        2015      3       3  0.013233952 0.33618753 0.9749525 0.001547189273  -0.99690562
9        2016      3       3  0.362279433 0.13466603 0.2265671 0.878599692240   0.75719938
10       2008      4       4  0.188252966 0.07790558 0.1369421 0.744868919028   0.61730338
11       2009      4       4 -0.082381351 0.14281291 0.6223174 0.142644166063  -0.28603375
12       2010      4       4  0.911157588 0.61937175 0.2790922 0.519708095219   0.27956214
13       2011      4       4  0.279567234 0.85676648 0.7751745 0.050546524004  -0.42418021
14       2012      4       4 -0.169063736 0.88421884 0.8660193 0.017950834069  -0.47307375
15       2013      4       4 -1.084853207 0.48000528 0.1522816 0.718626448745   0.57793967
16       2014      4       4 -0.037055065 0.15312546 0.8313375 0.028447024673  -0.45732946
17       2015      4       4  0.106202464 0.15964166 0.5743376 0.181188510537  -0.22821723
18       2008      5       5  0.026467904 0.10367206 0.8149909 0.021264719173  -0.30498037
19       2009      5       5  0.597182080 0.40091644 0.2331091 0.425148252678   0.23353100
20       2010      5       5  0.317945694 0.49515039 0.5664925 0.120832075103  -0.17222390
21       2011      5       5  0.001985093 0.51996816 0.9971936 0.000004858305  -0.33332686
22       2012      5       5 -0.325886066 0.51847089 0.5742405 0.116367866505  -0.17817618
23       2013      5       5 -0.659712502 0.37020251 0.1727649 0.514220073852   0.35229343
24       2014      5       5  0.041686948 0.09941112 0.7031856 0.055369548841  -0.25950727
25       2008      6       6  0.480770567 0.27093027 0.1506439 0.440474391166   0.30059299
26       2009      6       6  0.263166586 0.32569124 0.4643886 0.140321835440  -0.07459771
27       2010      6       6  0.108707462 0.34593074 0.7690416 0.024092889795  -0.21988389
28       2011      6       6 -0.158901951 0.35284520 0.6757919 0.048255880260  -0.18968015
29       2012      6       6 -0.239061888 0.34310054 0.5243176 0.108235130929  -0.11470609
30       2013      6       6 -0.425566082 0.27750769 0.1999238 0.370248433703   0.21281054
31       2008      7       7  0.259361825 0.23030896 0.3112325 0.202323839756   0.04278861
32       2009      7       7  0.119932689 0.24469581 0.6447903 0.045842887040  -0.14498854
33       2010      7       7 -0.038638413 0.25898064 0.8872313 0.004432052065  -0.19468154
34       2011      7       7 -0.135529847 0.24986387 0.6108245 0.055572700727  -0.13331276
35       2012      7       7 -0.168614726 0.24599443 0.5235453 0.085894757284  -0.09692629
36       2008      8       8  0.148803185 0.18314558 0.4475424 0.099117120342  -0.05103003
37       2009      8       8  0.002835847 0.19451227 0.9888405 0.000035424595  -0.16662534
38       2010      8       8 -0.047185340 0.19309584 0.8150921 0.009854085243  -0.15517023
39       2011      8       8 -0.103744730 0.18713947 0.5993634 0.048725455362  -0.10982030
40       2008      9       9  0.049351612 0.15304330 0.7565156 0.014637669595  -0.12612838
41       2009      9       9 -0.012296547 0.15092165 0.9373438 0.000947444028  -0.14177435
42       2010      9       9 -0.039426148 0.14963846 0.7997711 0.009819705551  -0.13163462
43       2008     10      10  0.028513151 0.12267770 0.8220449 0.006707280448  -0.11745431
44       2009     10      10 -0.012291534 0.12039383 0.9211944 0.001301212669  -0.12353614
45       2008     11      11  0.021715712 0.10024277 0.8333265 0.005187293616  -0.10534745
[1] "Stability Time"
[1] 7
[1] "Absolute Range"
[1] -1.530176  1.427613
[1] "Relative Range"
[1] -1.551891  1.405897
[1] "Proportion Significant"
[1] 0
[1] "Proportion Significantly Wrong"
[1] 0
[1] "Onondaga"
[1] "Multiple Breakups"
   start_year N_data N_years        slope   slope_se     p_value     r_square adj_r_square
1        2009      3       3  0.094364087 0.14982311 0.642175250 0.2840236686   -0.4319527
2        2010      3       3 -0.308157723 0.08257296 0.166671199 0.9330091419    0.8660183
3        2011      3       3  1.458220037 1.10239164 0.412096809 0.6363296691    0.2726593
4        2012      3       3 -0.035386533 1.96472579 0.988535127 0.0003242883   -0.9993514
5        2013      3       3 -1.610087240 1.05557192 0.369431300 0.6993934692    0.3987869
6        2014      3       3  0.175458225 0.02468676 0.088987506 0.9805881267    0.9611763
7        2015      3       3  0.173983786 0.02383549 0.086676295 0.9815772159    0.9631544
8        2016      3       3  0.020642144 0.11236733 0.884340972 0.0326449034   -0.9347102
9        2009      4       4 -0.095248751 0.12835005 0.535343177 0.2159059632   -0.1761411
10       2010      4       4  0.780273047 0.62948988 0.340864527 0.4344595718    0.1516894
11       2011      4       4  0.180176429 0.88742246 0.857890740 0.0201950419   -0.4697074
12       2012      4       4 -0.299605977 0.89179601 0.768874007 0.0534192245   -0.4198712
13       2013      4       4 -0.904420800 0.62356619 0.284017857 0.5126304296    0.2689456
14       2014      4       4  0.183125307 0.01189462 0.004192437 0.9916327029    0.9874491
15       2015      4       4  0.073721943 0.05885948 0.336988970 0.4395836264    0.1593754
16       2009      5       5  0.559402105 0.38515862 0.242326964 0.4128525001    0.2171367
17       2010      5       5  0.154226305 0.51257261 0.783148963 0.0292936011   -0.2942752
18       2011      5       5 -0.067824188 0.53198463 0.906616295 0.0053889366   -0.3261481
19       2012      5       5 -0.265988771 0.51524436 0.641328144 0.0815862961   -0.2245516
20       2013      5       5 -0.539349737 0.41717769 0.286625480 0.3578039713    0.1437386
21       2014      5       5  0.113236905 0.04093031 0.069767579 0.7184144369    0.6245526
22       2009      6       6  0.175331844 0.33577871 0.629138107 0.0638142024   -0.1702322
23       2010      6       6 -0.015502671 0.34957332 0.966753063 0.0004914316   -0.2493857
24       2011      6       6 -0.110035266 0.34911734 0.768381908 0.0242329956   -0.2197088
25       2012      6       6 -0.187632877 0.34032675 0.610754658 0.0706247330   -0.1617191
26       2013      6       6 -0.382848583 0.28766575 0.254023031 0.3069082211    0.1336353
27       2009      7       7  0.042758727 0.24946386 0.870628198 0.0058414401   -0.1929903
28       2010      7       7 -0.060241359 0.24853156 0.818107212 0.0116140318   -0.1860632
29       2011      7       7 -0.090256722 0.24712720 0.729884991 0.0259844712   -0.1688186
30       2012      7       7 -0.158186227 0.24124714 0.540982923 0.0791803723   -0.1049836
31       2009      8       8 -0.004985008 0.18797147 0.979702613 0.0001172049   -0.1665299
32       2010      8       8 -0.055923360 0.18526126 0.772946630 0.0149596032   -0.1492138
33       2011      8       8 -0.088992917 0.18419919 0.646123835 0.0374463229   -0.1229793
34       2009      9       9 -0.012581878 0.14566812 0.933588171 0.0010646363   -0.1416404
35       2010      9       9 -0.061778988 0.14354257 0.679853849 0.0257797816   -0.1133945
36       2009     10      10 -0.025253117 0.11643302 0.833723270 0.0058457657   -0.1184235
[1] "Stability Time"
[1] 6
[1] "Absolute Range"
[1] -1.610087  1.458220
[1] "Relative Range"
[1] -1.584834  1.483473
[1] "Proportion Significant"
[1] 0.02777778
[1] "Proportion Significantly Wrong"
[1] 0.02777778
[1] "Orange"
[1] "Multiple Breakups"
   start_year N_data N_years       slope   slope_se    p_value     r_square adj_r_square
1        2008      3       3 -0.21578092 0.51350210 0.74674620 0.1500790826 -0.699841835
2        2009      3       3  1.06521293 1.25308424 0.55147821 0.4194902324 -0.161019535
3        2010      3       3  0.07831643 1.82286920 0.97266554 0.0018424419 -0.996315116
4        2011      3       3 -1.05754559 1.16707896 0.53131982 0.4508822817 -0.098235437
5        2012      3       3  0.17908721 0.45310868 0.76037808 0.1351093976 -0.729781205
6        2013      3       3 -0.05695740 0.31682826 0.88676204 0.0313068044 -0.937386391
7        2014      3       3  0.72292086 0.13343466 0.11619766 0.9670537200  0.934107440
8        2015      3       3 -0.27547666 0.70985973 0.76433515 0.1308881176 -0.738223765
9        2016      3       3 -1.12052733 0.22196950 0.12449863 0.9622405746  0.924481149
10       2008      4       4  0.73069773 0.59274291 0.34291459 0.4317612308  0.147641846
11       2009      4       4  0.03899391 0.81552796 0.96620948 0.0011417993 -0.498287301
12       2010      4       4  0.02825963 0.81572401 0.97551061 0.0005997304 -0.499100404
13       2011      4       4 -0.71985392 0.55715936 0.32551180 0.4549343381  0.182401507
14       2012      4       4  0.19442190 0.20282968 0.43893846 0.3147900492 -0.027814926
15       2013      4       4  0.30121702 0.25067709 0.35249795 0.4192589110  0.128888367
16       2014      4       4  0.07765923 0.37729098 0.85597109 0.0207443273 -0.468883509
17       2015      4       4 -0.53660444 0.35143905 0.26634424 0.5382507736  0.307376160
18       2008      5       5  0.15805679 0.47583674 0.76161849 0.0354734388 -0.286035415
19       2009      5       5  0.01873022 0.47099061 0.97077681 0.0005268794 -0.332630827
20       2010      5       5 -0.10854766 0.47753600 0.83479417 0.0169313393 -0.310758214
21       2011      5       5 -0.40998375 0.36807883 0.34655150 0.2925623966  0.056749862
22       2012      5       5  0.34941175 0.14737903 0.09842938 0.6520073248  0.536009766
23       2013      5       5  0.01161055 0.22114167 0.96142857 0.0009180030 -0.332109329
24       2014      5       5 -0.21413792 0.27537493 0.49348237 0.1677526922 -0.109663077
25       2008      6       6  0.10956476 0.31276385 0.74377404 0.0297663114 -0.212792111
26       2009      6       6 -0.07626659 0.31317576 0.81957719 0.0146096778 -0.231737903
27       2010      6       6 -0.06187076 0.31378009 0.85330170 0.0096262966 -0.237967129
28       2011      6       6 -0.12658939 0.29126365 0.68625641 0.0450943868 -0.193632016
29       2012      6       6  0.12878006 0.15979654 0.46548152 0.1396878312 -0.075390211
30       2013      6       6 -0.17794493 0.18148222 0.38235073 0.1937755850 -0.007780519
31       2008      7       7  0.01560852 0.22771299 0.94800879 0.0009387930 -0.198873448
32       2009      7       7 -0.04932918 0.22199415 0.83294219 0.0097788300 -0.188265404
33       2010      7       7  0.06364677 0.23341063 0.79600121 0.0146531354 -0.182416238
34       2011      7       7 -0.17306287 0.20769493 0.44267206 0.1219311281 -0.053682646
35       2012      7       7 -0.04267893 0.15022271 0.78771995 0.0158866033 -0.180936076
36       2008      8       8  0.01614315 0.16972752 0.92732275 0.0015054497 -0.164910309
37       2009      8       8  0.04550855 0.17428890 0.80273903 0.0112353891 -0.153558713
38       2010      8       8 -0.01477398 0.17976900 0.93717414 0.0011244119 -0.165354853
39       2011      8       8 -0.23934366 0.15946625 0.18405366 0.2729665582  0.151794318
40       2008      9       9  0.07891886 0.13637469 0.58093128 0.0456563121 -0.090678500
41       2009      9       9 -0.01360041 0.13925012 0.92493299 0.0013608901 -0.141301840
42       2010      9       9 -0.09945638 0.14758220 0.52199504 0.0609255355 -0.073227959
43       2008     10      10  0.02448239 0.11323826 0.83424095 0.0058089958 -0.118464880
44       2009     10      10 -0.08309939 0.11810803 0.50165028 0.0582735654 -0.059442239
45       2008     11      11 -0.03978056 0.09962519 0.69897999 0.0174074245 -0.091769528
[1] "Stability Time"
[1] 6
[1] "Absolute Range"
[1] -1.120527  1.065213
[1] "Relative Range"
[1] -1.080747  1.104993
[1] "Proportion Significant"
[1] 0
[1] "Proportion Significantly Wrong"
[1] 0
[1] "Oswego"
[1] "Multiple Breakups"
   start_year N_data N_years       slope   slope_se   p_value     r_square adj_r_square
1        2008      3       3  0.77859661 0.59351079 0.4146405 0.6324810521  0.264962104
2        2009      3       3  0.55049214 0.72520697 0.5866499 0.3655654412 -0.268869118
3        2010      3       3 -0.98845273 0.16330326 0.1042350 0.9734305305  0.946861061
4        2011      3       3  0.97020437 1.29413447 0.5904593 0.3598117513 -0.280376497
5        2012      3       3  0.13990408 1.77350857 0.9498837 0.0061844341 -0.987631132
6        2013      3       3 -1.22872278 0.98333148 0.4296650 0.6095850846  0.219170169
7        2014      3       3 -0.16727662 0.37050526 0.7300184 0.1693223375 -0.661355325
8        2015      3       3 -0.04562090 0.44074322 0.9343380 0.0106005402 -0.978798920
9        2016      3       3  0.12165572 0.34416602 0.7836948 0.1110699741 -0.777860052
10       2008      4       4  0.43613576 0.33097456 0.3182904 0.4647279236  0.197091885
11       2009      4       4 -0.12165572 0.50574626 0.8323160 0.0281179266 -0.457823110
12       2010      4       4  0.24331144 0.71489947 0.7660211 0.0547461490 -0.417880777
13       2011      4       4  0.02372287 0.79596852 0.9789302 0.0004439353 -0.499334097
14       2012      4       4 -0.06691065 0.80207479 0.9411141 0.0034675455 -0.494798682
15       2013      4       4 -0.93249110 0.47184662 0.1867729 0.6613383574  0.492007536
16       2014      4       4  0.03406360 0.20240419 0.8818313 0.0139638436 -0.479054235
17       2015      4       4 -0.09793286 0.19940686 0.6719440 0.1076207677 -0.338568848
18       2008      5       5  0.02615598 0.30420803 0.9368988 0.0024581621 -0.330055784
19       2009      5       5  0.41058806 0.42389571 0.4041882 0.2382303115 -0.015692918
20       2010      5       5 -0.14537859 0.46980889 0.7772330 0.0309308552 -0.292092193
21       2011      5       5 -0.07542655 0.46310420 0.8809724 0.0087648894 -0.321646814
22       2012      5       5 -0.25669357 0.47586466 0.6270569 0.0884174193 -0.215443441
23       2013      5       5 -0.54319279 0.35317248 0.2216492 0.4408786735  0.254504898
24       2014      5       5 -0.02737254 0.12212269 0.8370460 0.0164703777 -0.311372830
25       2008      6       6  0.36409819 0.27879992 0.2616094 0.2989221090  0.123652636
26       2009      6       6  0.08515900 0.33512731 0.8119390 0.0158864451 -0.230141944
27       2010      6       6 -0.16788489 0.30783648 0.6144846 0.0692108806 -0.163486399
28       2011      6       6 -0.20855266 0.31276398 0.5413899 0.1000374214 -0.124953223
29       2012      6       6 -0.17170836 0.31536691 0.6150481 0.0689987051 -0.163751619
30       2013      6       6 -0.42214535 0.24153720 0.1554251 0.4329949921  0.291243740
31       2008      7       7  0.13164887 0.23848604 0.6047003 0.0574441007 -0.131067079
32       2009      7       7  0.01064488 0.24084423 0.9664573 0.0003905432 -0.199531348
33       2010      7       7 -0.24461490 0.22213543 0.3209767 0.1951885324  0.034226239
34       2011      7       7 -0.15684898 0.22316304 0.5135191 0.0899147500 -0.092102300
35       2012      7       7 -0.17379389 0.22300133 0.4710386 0.1083165443 -0.070020147
36       2008      8       8  0.06336235 0.18207664 0.7397255 0.0197844736 -0.143584781
37       2009      8       8 -0.08870730 0.18845638 0.6544764 0.0356120919 -0.125119226
38       2010      8       8 -0.19638709 0.16789497 0.2864787 0.1856901698  0.049971865
39       2011      8       8 -0.16177314 0.16636020 0.3683932 0.1361455042 -0.007830245
40       2008      9       9 -0.02666288 0.15030853 0.8642277 0.0044750810 -0.137742765
41       2009      9       9 -0.08130657 0.14604021 0.5950475 0.0424024942 -0.094397149
42       2010      9       9 -0.19241880 0.13007107 0.1825871 0.2381727416  0.129340276
43       2008     10      10 -0.03188854 0.11994268 0.7970666 0.0087581334 -0.115147100
44       2009     10      10 -0.09898352 0.11694596 0.4219222 0.0821898510 -0.032536418
45       2008     11      11 -0.05485567 0.09882642 0.5923720 0.0331005903 -0.074332677
[1] "Stability Time"
[1] 7
[1] "Absolute Range"
[1] -1.2287228  0.9702044
[1] "Relative Range"
[1] -1.173867  1.025060
[1] "Proportion Significant"
[1] 0
[1] "Proportion Significantly Wrong"
[1] 0
[1] "Rockland"
[1] "Multiple Breakups"
   start_year N_data N_years        slope   slope_se    p_value      r_square  adj_r_square
1        2008      3       3 -0.341607678 0.65479459 0.69387620 0.21394340484 -0.5721131903
2        2009      3       3 -0.003036513 0.85026874 0.99772649 0.00001275358 -0.9999744928
3        2010      3       3 -0.279359168 1.00980370 0.82817838 0.07109259508 -0.8578148098
4        2011      3       3  0.671069306 1.55853384 0.74115984 0.15640063874 -0.6871987225
5        2012      3       3  0.666514537 1.56116353 0.74311881 0.15417170206 -0.6916565959
6        2013      3       3 -1.085553289 0.54960670 0.29836354 0.79596834966  0.5919366993
7        2014      3       3 -0.408410958 0.15865839 0.23588910 0.86887417749  0.7377483550
8        2015      3       3  0.496469826 0.68109156 0.59900526 0.34697831081 -0.3060433784
9        2016      3       3 -0.107796201 1.02996471 0.93361301 0.01083505045 -0.9783298991
10       2008      4       4  0.088362519 0.38389579 0.83935678 0.02580624517 -0.4612906322
11       2009      4       4 -0.463371838 0.46392628 0.42311000 0.33280207169 -0.0007968925
12       2010      4       4  0.640704179 0.69721796 0.45513459 0.29687831330 -0.0546825301
13       2011      4       4  0.128444487 0.76416803 0.88197728 0.01392936256 -0.4791059562
14       2012      4       4  0.156076753 0.75782269 0.85588858 0.02076810122 -0.4688478482
15       2013      4       4 -0.869657236 0.27559126 0.08745094 0.83274578322  0.7491186748
16       2014      4       4  0.189478392 0.35240846 0.64462872 0.12628875007 -0.3105668749
17       2015      4       4 -0.102026827 0.46062627 0.84526509 0.02394289132 -0.4640856630
18       2008      5       5 -0.248994041 0.29506238 0.46071550 0.19183541184 -0.0775527842
19       2009      5       5  0.211341284 0.47274566 0.68514289 0.06245732310 -0.2500569025
20       2010      5       5  0.289076009 0.45083451 0.56701394 0.12052863736 -0.1726284835
21       2011      5       5 -0.032490686 0.45087060 0.94708781 0.00172799132 -0.3310293449
22       2012      5       5 -0.113869226 0.46445885 0.82214228 0.01964182255 -0.3071442366
23       2013      5       5 -0.317315577 0.35638549 0.43885924 0.20901968185 -0.0546404242
24       2014      5       5 -0.107188898 0.26595940 0.71393096 0.05136270331 -0.2648497289
25       2008      6       6  0.171693104 0.31033009 0.60955131 0.07108438520 -0.1611445185
26       2009      6       6  0.082853418 0.31825118 0.80745407 0.01666186849 -0.2291726644
27       2010      6       6  0.128227593 0.30940583 0.69981872 0.04117061476 -0.1985367315
28       2011      6       6 -0.171432831 0.30587059 0.60506123 0.07281470620 -0.1589816172
29       2012      6       6  0.064721099 0.32106665 0.85008025 0.01005661298 -0.2374292338
30       2013      6       6 -0.384422507 0.23650420 0.17939559 0.39777567204  0.2472195900
31       2008      7       7  0.085239249 0.22504178 0.72040876 0.02789310937 -0.1665282688
32       2009      7       7  0.013772754 0.22854457 0.95428082 0.00072579580 -0.1991290450
33       2010      7       7 -0.016158585 0.23412626 0.94765158 0.00095174999 -0.1988579000
34       2011      7       7 -0.023099186 0.23262136 0.92475881 0.00196819685 -0.1976381638
35       2012      7       7 -0.081118268 0.24213964 0.75121798 0.02195306919 -0.1736563170
36       2008      8       8  0.030979659 0.17063650 0.86191117 0.00546359941 -0.1602924674
37       2009      8       8 -0.073093198 0.17757633 0.69492081 0.02746242714 -0.1346271683
38       2010      8       8  0.064706640 0.18064486 0.73246017 0.02093659510 -0.1422406391
39       2011      8       8 -0.117014186 0.18166623 0.54332263 0.06467548396 -0.0912119354
40       2008      9       9 -0.041954484 0.13871993 0.77110547 0.01289860609 -0.1281158788
41       2009      9       9  0.002985904 0.14439306 0.98407882 0.00006108499 -0.1427873314
42       2010      9       9 -0.027986525 0.14981170 0.85710752 0.00496076493 -0.1371876972
43       2008     10      10  0.014630470 0.11538184 0.90222744 0.00200576321 -0.1227435164
44       2009     10      10 -0.061632006 0.12107682 0.62446891 0.03137307941 -0.0897052857
45       2008     11      11 -0.041158549 0.09956297 0.68899547 0.01863428805 -0.0904063466
[1] "Stability Time"
[1] 7
[1] "Absolute Range"
[1] -1.0855533  0.6710693
[1] "Relative Range"
[1] -1.0443947  0.7122279
[1] "Proportion Significant"
[1] 0
[1] "Proportion Significantly Wrong"
[1] 0
[1] "Saratoga"
[1] "Multiple Breakups"
   start_year N_data N_years        slope   slope_se    p_value      r_square adj_r_square
1        2008      3       3  0.047588707 1.78913033 0.98307067 0.00070699559  -0.99858601
2        2009      3       3 -1.408065864 0.94870777 0.37745305 0.68777614272   0.37555229
3        2010      3       3  0.638248543 0.23273240 0.22259993 0.88264058680   0.76528117
4        2011      3       3 -0.002799336 0.60284157 0.99704383 0.00002156226  -0.99995688
5        2012      3       3 -0.708231936 0.19555986 0.17151232 0.92915690866   0.85831382
6        2013      3       3  0.260338221 0.36364438 0.60445090 0.33885754584  -0.32228491
7        2014      3       3  0.159562136 0.42182748 0.76977973 0.12517337032  -0.74965326
8        2015      3       3 -0.551469136 0.01131338 0.01305841 0.99957931248   0.99915862
9        2016      3       3 -0.313525600 0.12606338 0.24338036 0.86082898710   0.72165797
10       2008      4       4 -0.206031109 0.81341163 0.82370051 0.03108150909  -0.45337774
11       2009      4       4 -0.508919233 0.67044575 0.52707122 0.22366163328  -0.16450755
12       2010      4       4  0.172998947 0.28807164 0.60913466 0.15277571103  -0.27083643
13       2011      4       4 -0.217228451 0.29666514 0.54020819 0.21140851004  -0.18288723
14       2012      4       4 -0.194833766 0.30904362 0.59283622 0.16578234086  -0.25132649
15       2013      4       4  0.073902463 0.19502191 0.74117647 0.06698961938  -0.39951557
16       2014      4       4 -0.120931303 0.24862262 0.67475928 0.10578152632  -0.34132771
17       2015      4       4 -0.412622084 0.08032289 0.03586791 0.92955068582   0.89432603
18       2008      5       5 -0.007278273 0.48343947 0.98893341 0.00007554720  -0.33323260
19       2009      5       5 -0.436696371 0.38932148 0.34367975 0.29547348606   0.06063131
20       2010      5       5 -0.028553224 0.20298485 0.89704713 0.00655249554  -0.32459667
21       2011      5       5 -0.038630833 0.19992275 0.85912202 0.01229279628  -0.31694294
22       2012      5       5 -0.167400276 0.17912803 0.41896981 0.22547540984  -0.03269945
23       2013      5       5 -0.084539939 0.14507187 0.60097496 0.10168667606  -0.19775110
24       2014      5       5 -0.171879213 0.14652519 0.32544441 0.31444423685   0.08592565
25       2008      6       6 -0.099016503 0.32088678 0.77305030 0.02325062737  -0.22093672
26       2009      6       6 -0.406463546 0.25546774 0.18680728 0.38757949539   0.23447437
27       2010      6       6  0.045109296 0.13952450 0.76265895 0.02546642329  -0.21816697
28       2011      6       6 -0.063664892 0.13167581 0.65401765 0.05521547667  -0.18098065
29       2012      6       6 -0.211629780 0.12001496 0.15261691 0.43736812186   0.29671015
30       2013      6       6 -0.131328835 0.09873896 0.25426879 0.30664640679   0.13330801
31       2008      7       7 -0.160761851 0.22968455 0.51519223 0.08923566246  -0.09291721
32       2009      7       7 -0.256739075 0.20026072 0.25605813 0.24739438902   0.09687327
33       2010      7       7  0.005398719 0.10128764 0.95955625 0.00056787377  -0.19931855
34       2011      7       7 -0.122770866 0.09916534 0.27065906 0.23462534230   0.08155041
35       2012      7       7 -0.214948992 0.08488503 0.05238694 0.56187327883   0.47424793
36       2008      8       8 -0.098909862 0.17488154 0.59218329 0.05061534858  -0.10761543
37       2009      8       8 -0.220547664 0.15072095 0.19371831 0.26300811523   0.14017613
38       2010      8       8 -0.055920063 0.08338393 0.52741030 0.06973130523  -0.08531348
39       2011      8       8 -0.145098901 0.07502921 0.10129516 0.38398132063   0.28131154
40       2008      9       9 -0.101522575 0.13547105 0.47803675 0.07427080911  -0.05797622
41       2009      9       9 -0.224413413 0.11676928 0.09606740 0.34539795835   0.25188338
42       2010      9       9 -0.087152652 0.06705882 0.23488300 0.19439081566   0.07930379
43       2008     10      10 -0.126326386 0.10901321 0.27994949 0.14373090435   0.03669727
44       2009     10      10 -0.219332195 0.09319584 0.04643019 0.40910346125   0.33524139
45       2008     11      11 -0.138439875 0.08928325 0.15541745 0.21082158984   0.12313510
[1] "Stability Time"
[1] 6
[1] "Absolute Range"
[1] -1.4080659  0.6382485
[1] "Relative Range"
[1] -1.2696260  0.7766884
[1] "Proportion Significant"
[1] 0.06666667
[1] "Proportion Significantly Wrong"
[1] 0.06666667
[1] "Schuyler"
[1] "Multiple Breakups"
   start_year N_data N_years       slope   slope_se    p_value     r_square adj_r_square
1        2009      3       3  0.04646807 0.44632624 0.93395796 0.0107231478 -0.978553704
2        2010      3       3  0.28303280 0.30974553 0.52866900 0.4550277064 -0.089944587
3        2011      3       3  1.08566311 0.77314436 0.39395774 0.6635067440  0.327013488
4        2012      3       3  0.15630169 1.30971143 0.92438307 0.0140421778 -0.971915644
5        2013      3       3 -0.89556646 0.70241507 0.42342192 0.6191315847  0.238263169
6        2014      3       3  0.51114878 0.10975235 0.13464870 0.9559284408  0.911856882
7        2015      3       3  0.81107906 0.06341247 0.04967170 0.9939245785  0.987849157
8        2016      3       3 -0.65900173 0.91216401 0.60170451 0.3429473328 -0.314105334
9        2009      4       4  0.03379496 0.19973722 0.88120675 0.0141118363 -0.478832246
10       2010      4       4  0.87190999 0.36712474 0.14079321 0.7382363135  0.607354470
11       2011      4       4  0.26022120 0.58878567 0.70171223 0.0889755951 -0.366536607
12       2012      4       4 -0.02112185 0.59461067 0.97488997 0.0006305138 -0.499054229
13       2013      4       4 -0.29486103 0.46793132 0.59299980 0.1656491612 -0.251526258
14       2014      4       4  0.65308762 0.09552309 0.02073020 0.9589693385  0.938454008
15       2015      4       4 -0.09293614 0.52270328 0.87525907 0.0155602994 -0.476659551
16       2009      5       5  0.50945903 0.29785414 0.18571328 0.4937200259  0.324960034
17       2010      5       5  0.39286642 0.34845531 0.34158241 0.2976124933  0.063483324
18       2011      5       5  0.10729900 0.35121397 0.77995023 0.0301731556 -0.293102459
19       2012      5       5  0.08786690 0.34901786 0.81749178 0.0206897079 -0.305747056
20       2013      5       5  0.06843480 0.34202514 0.85420802 0.0131691984 -0.315774402
21       2014      5       5  0.10307463 0.32230366 0.77009333 0.0329680066 -0.289375991
22       2009      6       6  0.27084247 0.23874861 0.31998928 0.2434159490  0.054269936
23       2010      6       6  0.24573764 0.24341989 0.36983253 0.2030497578  0.003812197
24       2011      6       6  0.14845643 0.23114815 0.55566613 0.0934831029 -0.133146121
25       2012      6       6  0.23801308 0.24437757 0.38522825 0.1916891004 -0.010388625
26       2013      6       6 -0.15738796 0.25910121 0.57635530 0.0844547281 -0.144431590
27       2009      7       7  0.19100188 0.17500083 0.32486075 0.1924058352  0.030887002
28       2010      7       7  0.24199606 0.17213741 0.21876842 0.2832938698  0.139952644
29       2011      7       7  0.24591869 0.17286130 0.21411881 0.2881440267  0.145772832
30       2012      7       7  0.02625144 0.21167867 0.90613430 0.0030665377 -0.196320155
31       2009      8       8  0.20025526 0.13054728 0.17593350 0.2817000006  0.161983334
32       2010      8       8  0.29701345 0.13217714 0.06570381 0.4569839333  0.366481255
33       2011      8       8  0.07945839 0.16073866 0.63864644 0.0391336692 -0.121010719
34       2009      9       9  0.25261733 0.10554375 0.04792277 0.4500646059  0.371502407
35       2010      9       9  0.15362626 0.13166539 0.28150041 0.1628202287  0.043223119
36       2009     10      10  0.14337256 0.10519935 0.21004677 0.1884271686  0.086980565
[1] "Stability Time"
[1] 6
[1] "Absolute Range"
[1] -0.8955665  1.0856631
[1] "Relative Range"
[1] -1.0389390  0.9422906
[1] "Proportion Significant"
[1] 0.08333333
[1] "Proportion Significantly Wrong"
[1] 0.08333333
[1] "Sullivan"
[1] "Multiple Breakups"
   start_year N_data N_years        slope   slope_se   p_value      r_square adj_r_square
1        2008      3       3  0.142389877 0.66780600 0.8662624 0.04348594806  -0.91302810
2        2009      3       3  0.189202987 0.69483357 0.8307521 0.06902884700  -0.86194231
3        2010      3       3 -0.187252440 0.91218021 0.8711053 0.04043595009  -0.91912810
4        2011      3       3 -0.072170211 0.97862296 0.9531362 0.00540915724  -0.98918169
5        2012      3       3  0.296483031 0.76578092 0.7648375 0.13035628310  -0.73928743
6        2013      3       3 -0.395960890 0.36599823 0.4749790 0.53926247099   0.07852494
7        2014      3       3  0.050714203 0.10811025 0.7207651 0.18036286019  -0.63927428
8        2015      3       3  1.244448511 0.79731307 0.3627502 0.70897284945   0.41794570
9        2016      3       3 -0.345246687 1.71512402 0.8735413 0.03894194196  -0.92211612
10       2008      4       4  0.401812528 0.33410529 0.3521731 0.41967973163   0.12951960
11       2009      4       4 -0.277367677 0.41124380 0.5695330 0.18530183150  -0.22204725
12       2010      4       4  0.197785390 0.46457786 0.7117408 0.08309339436  -0.37535991
13       2011      4       4 -0.189983205 0.44290768 0.7097473 0.08424662765  -0.37363006
14       2012      4       4  0.146290969 0.35327511 0.7189868 0.07896842667  -0.38154736
15       2013      4       4 -0.254741341 0.18286223 0.2982368 0.49247160321   0.23870740
16       2014      4       4  0.804405275 0.43782147 0.2075664 0.62795104992   0.44192657
17       2015      4       4  0.014434042 0.79464048 0.9871570 0.00016494264  -0.49975259
18       2008      5       5  0.019895572 0.29296581 0.9501294 0.00153493708  -0.33128675
19       2009      5       5  0.009362622 0.28944529 0.9762272 0.00034864971  -0.33286847
20       2010      5       5  0.029258194 0.28532672 0.9247959 0.00349276485  -0.32867631
21       2011      5       5 -0.127955834 0.25820832 0.6542374 0.07566384503  -0.23244821
22       2012      5       5  0.059686715 0.21000286 0.7947314 0.02622069787  -0.29837240
23       2013      5       5  0.349537889 0.36450514 0.4083321 0.23460843849  -0.02052208
24       2014      5       5  0.131076708 0.46370213 0.7958081 0.02594391870  -0.29874144
25       2008      6       6  0.139770572 0.20389666 0.5306941 0.10512665209  -0.11859168
26       2009      6       6 -0.057178870 0.19334174 0.7821460 0.02139765419  -0.22325293
27       2010      6       6  0.010923059 0.18708990 0.9562431 0.00085144763  -0.24893569
28       2011      6       6 -0.111459786 0.16930512 0.5462854 0.09775941928  -0.12780073
29       2012      6       6  0.401478149 0.24050151 0.1703737 0.41061081864   0.26326352
30       2013      6       6 -0.001448977 0.31305852 0.9965287 0.00000535562  -0.24999331
31       2008      7       7  0.057262465 0.15184242 0.7215621 0.02765689283  -0.16681173
32       2009      7       7 -0.049320955 0.13678851 0.7331576 0.02534228957  -0.16958925
33       2010      7       7 -0.011424628 0.13292023 0.9348411 0.00147533531  -0.19822960
34       2011      7       7  0.187670415 0.21013901 0.4127317 0.13757228878  -0.03491325
35       2012      7       7  0.125252935 0.23313932 0.6141360 0.05457596111  -0.13450885
36       2008      8       8  0.037942769 0.11372499 0.7500055 0.01821426777  -0.14541669
37       2009      8       8 -0.053314931 0.10198221 0.6198573 0.04356647525  -0.11583911
38       2010      8       8  0.199002160 0.15676495 0.2513017 0.21171424390   0.08033328
39       2011      8       8  0.020341411 0.18402566 0.9155892 0.00203221958  -0.16429574
40       2008      9       9  0.017294843 0.08889396 0.8512667 0.00537834493  -0.13671046
41       2009      9       9  0.123404560 0.12903545 0.3707440 0.11556167196  -0.01078666
42       2010      9       9  0.062872608 0.14464520 0.6768884 0.02628150670  -0.11282114
43       2008     10      10  0.149045377 0.10399375 0.1896965 0.20430507728   0.10484321
44       2009     10      10  0.025770854 0.11735841 0.8316891 0.00599141408  -0.11825966
45       2008     11      11  0.063410486 0.09825602 0.5347984 0.04422978641  -0.06196690
[1] "Stability Time"
[1] 5
[1] "Absolute Range"
[1] -0.3959609  1.2444485
[1] "Relative Range"
[1] -0.4593714  1.1810380
[1] "Proportion Significant"
[1] 0
[1] "Proportion Significantly Wrong"
[1] 0
[1] "Ulster"
[1] "Multiple Breakups"
   start_year N_data N_years        slope   slope_se    p_value     r_square  adj_r_square
1        2008      3       3 -1.587644787 0.85851246 0.31557917 0.7737505676  0.5475011353
2        2009      3       3  0.251643986 0.20340141 0.43275862 0.6048387097  0.2096774194
3        2010      3       3 -0.020589053 0.36057523 0.96368807 0.0032498796 -0.9935002407
4        2011      3       3  0.180726136 0.47680461 0.76934984 0.1256206221 -0.7487587558
5        2012      3       3  0.215041225 0.45699278 0.72000371 0.1812835102 -0.6374329795
6        2013      3       3 -0.304260456 0.15717382 0.30355351 0.7893586006  0.5787172012
7        2014      3       3 -0.400342706 0.21264693 0.31083948 0.7799500832  0.5599001664
8        2015      3       3 -0.036602762 0.42265229 0.94500433 0.0074441687 -0.9851116625
9        2016      3       3 -0.052616470 0.43189780 0.92282334 0.0146245715 -0.9707508570
10       2008      4       4 -0.781468962 0.60336436 0.32460885 0.4561532111  0.1842298166
11       2009      4       4  0.017843846 0.16277365 0.92271619 0.0059727867 -0.4910408199
12       2010      4       4  0.225106984 0.21476750 0.40456079 0.3545478513  0.0318217770
13       2011      4       4  0.036145227 0.22898997 0.88907459 0.0123044468 -0.4815433298
14       2012      4       4  0.061767160 0.22270936 0.80755382 0.0370355318 -0.4444467024
15       2013      4       4 -0.416356414 0.09554697 0.04883707 0.9047109208  0.8570663812
16       2014      4       4 -0.108435681 0.19351222 0.63163168 0.1356952178 -0.2964571732
17       2015      4       4 -0.192622033 0.20938241 0.45471399 0.2973368339 -0.0539947492
18       2008      5       5 -0.592964739 0.36495771 0.20268285 0.4680671763  0.2907562351
19       2009      5       5  0.168830238 0.12818236 0.27936983 0.3663905841  0.1551874455
20       2010      5       5  0.113926096 0.13962601 0.47429659 0.1816144680 -0.0911807093
21       2011      5       5 -0.006405483 0.13447053 0.96500102 0.0007557879 -0.3323256161
22       2012      5       5 -0.134972684 0.17156731 0.48887690 0.1710195339 -0.1053072882
23       2013      5       5 -0.216413828 0.12794043 0.18931571 0.4881629821  0.3175506428
24       2014      5       5 -0.188504223 0.12091037 0.21688034 0.4475757544  0.2634343392
25       2008      6       6 -0.310600578 0.28923987 0.34335320 0.2237767028  0.0297208785
26       2009      6       6  0.105494388 0.09153622 0.31330935 0.2492814368  0.0616017960
27       2010      6       6  0.061309626 0.09632244 0.55904888 0.0919693075 -0.1350383657
28       2011      6       6 -0.127456045 0.11240098 0.32017030 0.2432585968  0.0540732461
29       2012      6       6 -0.072551903 0.11795733 0.57177724 0.0864054734 -0.1419931583
30       2013      6       6 -0.242754744 0.08512615 0.04631586 0.6702995967  0.5878744959
31       2008      7       7 -0.238244761 0.20874620 0.30543623 0.2066760469  0.0480112562
32       2009      7       7  0.068139963 0.06822432 0.36376104 0.1663232864 -0.0004120564
33       2010      7       7 -0.046407073 0.09223142 0.63622894 0.0481935774 -0.1421677071
34       2011      7       7 -0.082519619 0.08360672 0.36896747 0.1630627992 -0.0043246409
35       2012      7       7 -0.128273071 0.08939751 0.21079531 0.2916671400  0.1500005680
36       2008      8       8 -0.190911726 0.15797191 0.27231124 0.1957657758  0.0617267384
37       2009      8       8 -0.017157545 0.07078903 0.81656134 0.0096960668 -0.1553545888
38       2010      8       8 -0.029467402 0.06943745 0.68608872 0.0291407810 -0.1326690888
39       2011      8       8 -0.123643257 0.06668656 0.11314602 0.3642498612  0.2582915047
40       2008      9       9 -0.207339394 0.12273154 0.13499741 0.2896273074  0.1881454942
41       2009      9       9 -0.009455713 0.05501295 0.86839418 0.0042027311 -0.1380540216
42       2010      9       9 -0.072976756 0.05936293 0.25866236 0.1775598556  0.0600684063
43       2008     10      10 -0.166459377 0.10071059 0.13696257 0.2545594625  0.1613793953
44       2009     10      10 -0.048692765 0.04938713 0.35303872 0.1083448335 -0.0031120623
45       2008     11      11 -0.172989643 0.08231624 0.06495732 0.3291795822  0.2546439802
[1] "Stability Time"
[1] 7
[1] "Absolute Range"
[1] -1.587645  0.251644
[1] "Relative Range"
[1] -1.4146551  0.4246336
[1] "Proportion Significant"
[1] 0.04444444
[1] "Proportion Significantly Wrong"
[1] 0.04444444
[1] "Westchester"
[1] "Multiple Breakups"
   start_year N_data N_years        slope   slope_se    p_value      r_square  adj_r_square
1        2008      3       3 -0.397689561 0.81194799 0.71005037 0.19348396053 -0.6130320789
2        2009      3       3 -0.238613737 0.90379046 0.83567276 0.06516162538 -0.8696767492
3        2010      3       3 -0.135476664 0.84424424 0.89870462 0.02510445823 -0.9497910835
4        2011      3       3  0.175682641 1.02389215 0.89182020 0.02859880643 -0.9428023871
5        2012      3       3  0.729825898 0.70395739 0.48851527 0.51803625827  0.0360725165
6        2013      3       3 -0.566379858 0.04440735 0.04981264 0.99389012321  0.9877802464
7        2014      3       3 -0.442265754 0.11606466 0.16338506 0.93556701031  0.8711340206
8        2015      3       3  1.065458407 0.75442029 0.39223563 0.66606070187  0.3321214037
9        2016      3       3  1.194816769 0.67973520 0.32928545 0.75548617097  0.5109723419
10       2008      4       4 -0.020977032 0.42326826 0.96497753 0.00122657372 -0.4981601394
11       2009      4       4 -0.489813692 0.42941966 0.37219878 0.39413437268  0.0912015590
12       2010      4       4  0.343673704 0.46805772 0.53920857 0.21232874304 -0.1815068854
13       2011      4       4  0.153481949 0.45807785 0.76946120 0.05314813947 -0.4202777908
14       2012      4       4  0.195960439 0.44058519 0.69998557 0.09000865605 -0.3649870159
15       2013      4       4 -0.476528239 0.05554734 0.01331699 0.97354336816  0.9603150522
16       2014      4       4  0.422162765 0.50176996 0.48871653 0.26141078838 -0.1078838174
17       2015      4       4  0.881734570 0.35366860 0.13019511 0.75656055206  0.6348408281
18       2008      5       5 -0.260989237 0.28092815 0.42140332 0.22341903188 -0.0354412908
19       2009      5       5 -0.052267771 0.35395276 0.89197052 0.00721623638 -0.3237116848
20       2010      5       5  0.272876222 0.27330710 0.39165462 0.24940880173 -0.0007882644
21       2011      5       5 -0.010313707 0.28087028 0.97301463 0.00044926401 -0.3327343147
22       2012      5       5  0.001748086 0.27798906 0.99537746 0.00001318084 -0.3333157589
23       2013      5       5  0.111178269 0.34082471 0.76570116 0.03425461227 -0.2876605170
24       2014      5       5  0.514112088 0.29452095 0.17922173 0.50389243855  0.3385232514
25       2008      6       6 -0.013834852 0.23277648 0.95545723 0.00088232279 -0.2488970965
26       2009      6       6  0.010288735 0.23451432 0.96710880 0.00048096812 -0.2493987898
27       2010      6       6  0.121766675 0.19905845 0.57378756 0.08554560792 -0.1430679901
28       2011      6       6 -0.090101346 0.18955530 0.65934451 0.05346474275 -0.1831690716
29       2012      6       6  0.284888070 0.24462595 0.30890743 0.25321048367  0.0665131046
30       2013      6       6  0.265709069 0.24029860 0.33086484 0.23410865161  0.0426358145
31       2008      7       7  0.023474297 0.16600131 0.89306672 0.00398344409 -0.1952198671
32       2009      7       7 -0.037396554 0.16809653 0.83274955 0.00980161992 -0.1882380561
33       2010      7       7  0.028905850 0.15062042 0.85536176 0.00731217345 -0.1912253919
34       2011      7       7  0.145216000 0.19084992 0.48104543 0.10377484868 -0.0754701816
35       2012      7       7  0.357358720 0.17796515 0.10090016 0.44642318358  0.3357078203
36       2008      8       8 -0.016544385 0.12586883 0.89972277 0.00287120950 -0.1633169222
37       2009      8       8 -0.074252033 0.12708580 0.58032834 0.05383190004 -0.1038627833
38       2010      8       8  0.185484409 0.14413847 0.24556172 0.21629885900  0.0856820022
39       2011      8       8  0.232620299 0.15093670 0.17420787 0.28360168974  0.1642019714
40       2008      9       9 -0.050199202 0.09941492 0.62910182 0.03514429457 -0.1026922348
41       2009      9       9  0.071642391 0.12955903 0.59749124 0.04185413614 -0.0950238444
42       2010      9       9  0.247354167 0.11722412 0.07277810 0.38878004357  0.3014629069
43       2008     10      10  0.064795720 0.10342791 0.54845405 0.04676563252 -0.0723886634
44       2009     10      10  0.142961650 0.11125281 0.23473990 0.17109324015  0.0674798952
45       2008     11      11  0.125369548 0.09140360 0.20340743 0.17289276020  0.0809919558
[1] "Stability Time"
[1] 6
[1] "Absolute Range"
[1] -0.5663799  1.1948168
[1] "Relative Range"
[1] -0.6917494  1.0694472
[1] "Proportion Significant"
[1] 0.04444444
[1] "Proportion Significantly Wrong"
[1] 0.04444444
