[1] "Albany"
[1] "Multiple Breakups"
   start_year N_data N_years        slope   slope_se   p_value      r_square adj_r_square
1        2008      3       3 -0.245832613 1.35208453 0.8855021 0.03199976362 -0.936000473
2        2009      3       3 -0.129385586 1.28485381 0.9361074 0.01003881676 -0.979922366
3        2010      3       3 -0.524011622 1.05701636 0.7070030 0.19727979794 -0.605440404
4        2011      3       3  0.478726667 0.47808514 0.4995732 0.50067048641  0.001340973
5        2012      3       3  0.485195947 0.48182018 0.4977776 0.50349087003  0.006981740
6        2013      3       3 -0.491665226 1.04581124 0.7202274 0.18101286980 -0.637974260
7        2014      3       3 -0.232894054 1.19521284 0.8774862 0.03657985850 -0.926840283
8        2015      3       3  0.252301892 0.91508483 0.8287301 0.07064779835 -0.858704403
9        2016      3       3 -0.342871802 0.57146114 0.6559623 0.26470033924 -0.470599322
10       2008      4       4 -0.644340217 0.64696416 0.4242140 0.33152955645 -0.002705665
11       2009      4       4  0.078925207 0.58705564 0.9053615 0.00895644534 -0.486565332
12       2010      4       4 -0.288529856 0.49187458 0.6168673 0.14679064276 -0.279814036
13       2011      4       4  0.648221785 0.23513672 0.1102450 0.79166390689  0.687495860
14       2012      4       4 -0.267828163 0.48522700 0.6364138 0.13219491878 -0.301707622
15       2013      4       4  0.025877117 0.55500233 0.9670489 0.00108577633 -0.498371336
16       2014      4       4 -0.355810361 0.53920579 0.5771607 0.17879307288 -0.231810391
17       2015      4       4  0.212192361 0.40989305 0.6562532 0.11816184870 -0.322757227
18       2008      5       5 -0.333814811 0.41432220 0.4793654 0.17788728781 -0.096150283
19       2009      5       5  0.034934108 0.33988701 0.9246216 0.00350899149 -0.328654678
20       2010      5       5  0.080219063 0.35492552 0.8357116 0.01674274365 -0.311009675
21       2011      5       5  0.091863766 0.34872316 0.8092775 0.02260862545 -0.303188499
22       2012      5       5  0.002587712 0.32071274 0.9940688 0.00002170045 -0.333304399
23       2013      5       5 -0.142324144 0.33482296 0.6994301 0.05680751174 -0.257589984
24       2014      5       5 -0.179845964 0.32746825 0.6211046 0.09135570140 -0.211525731
25       2008      6       6 -0.247311305 0.27579719 0.4205620 0.16737728429 -0.040778395
26       2009      6       6  0.205907918 0.24342134 0.4452481 0.15173932217 -0.060325847
27       2010      6       6 -0.154893030 0.26909841 0.5957175 0.07649300147 -0.154383748
28       2011      6       6  0.182248839 0.23418113 0.4798943 0.13150258759 -0.085621766
29       2012      6       6 -0.110901931 0.21994255 0.6406062 0.05976360175 -0.175295498
30       2013      6       6 -0.077631351 0.22235256 0.7445915 0.02957283680 -0.213033954
31       2008      7       7 -0.048519595 0.22628469 0.8386912 0.00911126905 -0.189066477
32       2009      7       7 -0.001848366 0.20979641 0.9933112 0.00001552397 -0.199981371
33       2010      7       7 -0.025415026 0.20443865 0.9059082 0.00308137687 -0.196302348
34       2011      7       7  0.052216326 0.18181461 0.7854844 0.01622853395 -0.180525759
35       2012      7       7 -0.070237889 0.15728494 0.6738665 0.03835427236 -0.153974873
36       2008      8       8 -0.153568368 0.17923589 0.4244512 0.10901197333 -0.039486031
37       2009      8       8  0.064846823 0.16104430 0.7011493 0.02631208204 -0.135969238
38       2010      8       8 -0.080403900 0.15565172 0.6239410 0.04257924424 -0.116990882
39       2011      8       8  0.047595412 0.13554287 0.7374798 0.02013682691 -0.143173702
40       2008      9       9 -0.069868216 0.14700524 0.6490620 0.03126096866 -0.107130322
41       2009      9       9  0.002803354 0.12978556 0.9833699 0.00006664634 -0.142780976
42       2010      9       9 -0.057576586 0.12128549 0.6494402 0.03118995117 -0.107211484
43       2008     10      10 -0.096137411 0.11824629 0.4397262 0.07632048066 -0.039139459
44       2009     10      10  0.006351656 0.10355333 0.9525955 0.00047005824 -0.124471184
45       2008     11      11 -0.076690365 0.09719835 0.4503908 0.06469553360 -0.039227185
[1] "Stability Time"
[1] 5
[1] "Absolute Range"
[1] -0.6443402  0.6482218
[1] "Relative Range"
[1] -0.5676499  0.7249122
[1] "Proportion Significant"
[1] 0
[1] "Proportion Significantly Wrong"
[1] 0
[1] "Cattaraugus"
[1] "Multiple Breakups"
   start_year N_data N_years       slope   slope_se    p_value    r_square adj_r_square
1        2009      3       3  0.55941238 1.46581819 0.76790255 0.127131394 -0.745737212
2        2010      3       3 -0.47334894 0.86955317 0.68264386 0.228589421 -0.542821159
3        2011      3       3  0.21515861 0.47204315 0.72773741 0.172018349 -0.655963303
4        2012      3       3 -0.05020368 0.31883616 0.90057472 0.024193548 -0.951612903
5        2013      3       3  0.07171954 0.24844376 0.82108762 0.076923077 -0.846153846
6        2014      3       3 -0.10040735 0.14906626 0.62263072 0.312101911 -0.375796178
7        2015      3       3  0.65981973 0.28985106 0.26350355 0.838241120  0.676482240
8        2016      3       3  0.71719536 0.25672522 0.21883547 0.886420045  0.772840090
9        2009      4       4  0.44752991 0.65870871 0.56696728 0.187517337 -0.218723994
10       2010      4       4 -0.36146646 0.39420439 0.45596585 0.295973154 -0.056040268
11       2011      4       4  0.21946178 0.21111873 0.40773701 0.350775455  0.026163183
12       2012      4       4 -0.08749783 0.14420443 0.60571240 0.155462712 -0.266805933
13       2013      4       4  0.05450685 0.11155097 0.67343152 0.106646972 -0.340029542
14       2014      4       4  0.30409083 0.24286569 0.33711147 0.439421197  0.159131795
15       2015      4       4  0.59383776 0.13510712 0.04806203 0.906185894  0.859278841
16       2009      5       5  0.21515861 0.40327558 0.63066678 0.086661120 -0.217785173
17       2010      5       5 -0.16638932 0.25393713 0.55907540 0.125195385 -0.166406153
18       2011      5       5  0.10471052 0.13873112 0.50523137 0.159589123 -0.120547836
19       2012      5       5 -0.04590050 0.08665113 0.63300685 0.085532910 -0.219289453
20       2013      5       5  0.27253424 0.14139727 0.14954189 0.553239747  0.404319663
21       2014      5       5  0.37867915 0.14668238 0.08166449 0.689595124  0.586126832
22       2009      6       6  0.18974940 0.26441311 0.51266640 0.114061354 -0.107423307
23       2010      6       6 -0.13811134 0.16704064 0.45481174 0.145959632 -0.067550460
24       2011      6       6  0.07950623 0.09197922 0.43612806 0.157393777 -0.053257779
25       2012      6       6  0.13852116 0.12064415 0.31489084 0.247882312  0.059852890
26       2013      6       6  0.33482778 0.09930762 0.02800164 0.739716114  0.674645143
27       2009      7       7  0.12192321 0.19102516 0.55138873 0.075336490 -0.109596212
28       2010      7       7 -0.09630909 0.12055606 0.46061003 0.113192078 -0.064169506
29       2011      7       7  0.18647079 0.08968776 0.09216600 0.463674795  0.356409754
30       2012      7       7  0.21874459 0.09707096 0.07395629 0.503871706  0.404646047
31       2009      8       8  0.09665061 0.14312743 0.52465530 0.070631760 -0.084262946
32       2010      8       8  0.02595564 0.11426811 0.82785127 0.008525965 -0.156719708
33       2011      8       8  0.23821132 0.07322015 0.01739298 0.638212778  0.577914908
34       2009      9       9  0.15587046 0.11601842 0.22102968 0.204995853  0.091423832
35       2010      9       9  0.09945109 0.09815726 0.34470650 0.127892792  0.003306048
36       2009     10      10  0.19238222 0.09492101 0.07724436 0.339266764  0.256675109
[1] "Stability Time"
[1] 7
[1] "Absolute Range"
[1] -0.4733489  0.7171954
[1] "Relative Range"
[1] -0.6657312  0.5248131
[1] "Proportion Significant"
[1] 0.08333333
[1] "Proportion Significantly Wrong"
[1] 0.08333333
[1] "Chemung"
[1] "Multiple Breakups"
   start_year N_data N_years       slope   slope_se     p_value   r_square adj_r_square
1        2009      3       3  0.49046153 0.40628466 0.440415594 0.59304933   0.18609865
2        2010      3       3  0.32839598 0.31271607 0.484433063 0.52444274   0.04888548
3        2011      3       3  0.36251505 0.29301742 0.432758617 0.60483871   0.20967742
4        2012      3       3  0.09809231 0.14035288 0.611670992 0.32816377  -0.34367246
5        2013      3       3 -0.26868762 0.35211337 0.585042058 0.36799975  -0.26400049
6        2014      3       3  0.25589297 0.65498012 0.762888905 0.13242435  -0.73515131
7        2015      3       3  1.12166420 0.15512687 0.087489927 0.98123191   0.96246383
8        2016      3       3  0.14074114 0.41120933 0.790065526 0.10485942  -0.79028117
9        2009      4       4  0.53396334 0.18342368 0.100522720 0.80905938   0.71358907
10       2010      4       4  0.24053940 0.14876557 0.247290446 0.56657167   0.34985751
11       2011      4       4  0.30536562 0.13513152 0.152315397 0.71856919   0.57785378
12       2012      4       4 -0.17059532 0.16734435 0.415244673 0.34193879   0.01290819
13       2013      4       4  0.16803639 0.29727549 0.628853111 0.13775001  -0.29337498
14       2014      4       4  0.54846394 0.33813072 0.246255178 0.56813126   0.35219688
15       2015      4       4  0.58684789 0.31647385 0.204855383 0.63225496   0.44838244
16       2009      5       5  0.40686983 0.12883712 0.050949000 0.76875177   0.69166903
17       2010      5       5  0.24309833 0.08590255 0.066193412 0.72748361   0.63664481
18       2011      5       5  0.05714943 0.16316842 0.749300990 0.03928484  -0.28095355
19       2012      5       5  0.08785659 0.17776531 0.655069758 0.07529026  -0.23294632
20       2013      5       5  0.39236923 0.21501778 0.165522164 0.52606456   0.36808608
21       2014      5       5  0.38298648 0.21734394 0.176258636 0.50860538   0.34480717
22       2009      6       6  0.36117465 0.08837350 0.015013078 0.80678985   0.75848731
23       2010      6       6  0.08359170 0.10790423 0.481771101 0.13046043  -0.08692446
24       2011      6       6  0.17668801 0.12717474 0.237071453 0.32549160   0.15686451
25       2012      6       6  0.27100284 0.15723843 0.159890933 0.42615349   0.28269186
26       2013      6       6  0.31876953 0.14703615 0.096028384 0.54023417   0.42529272
27       2009      7       7  0.21202561 0.10639588 0.102881421 0.44266394   0.33119672
28       2010      7       7  0.16663507 0.09011323 0.123679954 0.40613666   0.28736399
29       2011      7       7  0.29183984 0.11183331 0.047693016 0.57662981   0.49195577
30       2012      7       7  0.24614467 0.11210682 0.079530835 0.49087519   0.38905023
31       2009      8       8  0.24807402 0.08198840 0.023225433 0.60409072   0.53810584
32       2010      8       8  0.25843159 0.08555815 0.023380929 0.60327026   0.53714863
33       2011      8       8  0.26787526 0.08449612 0.019312232 0.62618204   0.56387904
34       2009      9       9  0.30522345 0.07156776 0.003724393 0.72209727   0.68239688
35       2010      9       9  0.24594158 0.06666422 0.007764191 0.66036945   0.61185080
36       2009     10      10  0.28649674 0.05810607 0.001148598 0.75240350   0.72145394
[1] "Stability Time"
[1] 7
[1] "Absolute Range"
[1] -0.2686876  1.1216642
[1] "Relative Range"
[1] -0.5551844  0.8351675
[1] "Proportion Significant"
[1] 0.2222222
[1] "Proportion Significantly Wrong"
[1] 0.7777778
[1] "Columbia"
[1] "Multiple Breakups"
   start_year N_data N_years        slope   slope_se     p_value     r_square  adj_r_square
1        2008      3       3 -1.502227680 1.08124841 0.397166176 0.6587358128  0.3174716256
2        2009      3       3  0.535794539 0.09540427 0.112181601 0.9692685405  0.9385370809
3        2010      3       3  1.101633632 0.23128308 0.131742125 0.9577836412  0.9155672823
4        2011      3       3 -0.120178214 0.93669648 0.918765437 0.0161943320 -0.9676113360
5        2012      3       3 -0.355527218 0.80081767 0.734010225 0.1646452990 -0.6707094021
6        2013      3       3  0.350519792 0.39318124 0.536478891 0.4428244367 -0.1143511266
7        2014      3       3 -0.215319301 0.06649389 0.190683181 0.9129361422  0.8258722844
8        2015      3       3 -0.425631176 0.18791750 0.264684548 0.8368725869  0.6737451737
9        2016      3       3 -0.410608899 0.19659062 0.284267631 0.8135183094  0.6270366188
10       2008      4       4 -0.653969783 0.68823454 0.442294729 0.3110351694 -0.0334472459
11       2009      4       4  0.842248986 0.18200322 0.043660349 0.9145855289  0.8718782934
12       2010      4       4  0.288427715 0.48076293 0.609467740 0.1525154457 -0.2712268314
13       2011      4       4  0.063093563 0.43206046 0.897287690 0.0105498186 -0.4841752721
14       2012      4       4 -0.209310390 0.36795141 0.626818438 0.1392644785 -0.2911032823
15       2013      4       4  0.147218313 0.21141301 0.558251707 0.1951415542 -0.2072876688
16       2014      4       4 -0.364540584 0.09114065 0.057197283 0.8888769623  0.8333154434
17       2015      4       4 -0.351521277 0.09430460 0.065029977 0.8741689431  0.8112534147
18       2008      5       5 -0.053078711 0.52748992 0.926195922 0.0033637818 -0.3288482909
19       2009      5       5  0.386573256 0.28329345 0.265728545 0.3829758796  0.1773011728
20       2010      5       5  0.274406923 0.27768662 0.395914836 0.2455711108 -0.0059051856
21       2011      5       5  0.021031188 0.25062953 0.938411110 0.0023416592 -0.3302111210
22       2012      5       5 -0.158234649 0.21447375 0.514117052 0.1535754712 -0.1285660384
23       2013      5       5 -0.073108414 0.17629457 0.706235763 0.0542160094 -0.2610453207
24       2014      5       5 -0.335497515 0.05522716 0.008954436 0.9248195273  0.8997593697
25       2008      6       6 -0.122753462 0.34765833 0.741845329 0.0302254662 -0.2122181672
26       2009      6       6  0.348516822 0.18675610 0.135431377 0.4654231879  0.3317789848
27       2010      6       6  0.183987123 0.18913574 0.385747607 0.1913142931 -0.0108571336
28       2011      6       6 -0.008298020 0.16494701 0.962289493 0.0006323031 -0.2492096211
29       2012      6       6 -0.228338607 0.14612338 0.193171412 0.3790605295  0.2238256618
30       2013      6       6 -0.135629699 0.12092508 0.324811216 0.2392528805  0.0490661006
31       2008      7       7 -0.023964108 0.25236138 0.928035224 0.0018002143 -0.1978397428
32       2009      7       7  0.262174497 0.14115212 0.122380655 0.4082767980  0.2899321576
33       2010      7       7  0.121251234 0.13855719 0.421560168 0.1328173396 -0.0406191925
34       2011      7       7 -0.098360146 0.12770077 0.475955923 0.1060682989 -0.0727180414
35       2012      7       7 -0.236422023 0.10343018 0.071020031 0.5109995883  0.4131995060
36       2008      8       8 -0.008345709 0.18831509 0.966089205 0.0003272374 -0.1662848897
37       2009      8       8  0.196004945 0.11192995 0.130484796 0.3382223310  0.2279260528
38       2010      8       8  0.022414191 0.11799094 0.855600186 0.0059785150 -0.1596917325
39       2011      8       8 -0.133531349 0.09732447 0.219142554 0.2388148812  0.1119506947
40       2008      9       9 -0.007177310 0.14586980 0.962131579 0.0003457359 -0.1424620162
41       2009      9       9  0.101984568 0.10229173 0.351974032 0.1243436216 -0.0007501467
42       2010      9       9 -0.029877639 0.09625277 0.765288778 0.0135778456 -0.1273396051
43       2008     10      10 -0.047160845 0.11863152 0.701365392 0.0193721212 -0.1032063636
44       2009     10      10  0.044733002 0.08804110 0.625098893 0.0312609404 -0.0898314420
45       2008     11      11 -0.070012914 0.09775666 0.492034384 0.0539198899 -0.0512001224
[1] "Stability Time"
[1] 8
[1] "Absolute Range"
[1] -1.502228  1.101634
[1] "Relative Range"
[1] -1.432215  1.171647
[1] "Proportion Significant"
[1] 0.04444444
[1] "Proportion Significantly Wrong"
[1] 0.04444444
[1] "Dutchess"
[1] "Multiple Breakups"
   start_year N_data N_years       slope   slope_se     p_value    r_square  adj_r_square
1        2008      3       3 -0.97096531 1.12117417 0.545628948 0.428571429 -0.1428571429
2        2009      3       3  0.38838613 0.33635225 0.454371052 0.571428571  0.1428571429
3        2010      3       3  0.58257919 0.44846967 0.417656550 0.627906977  0.2558139535
4        2011      3       3  0.77677225 0.33635225 0.260146938 0.842105263  0.6842105263
5        2012      3       3 -0.48548266 0.39241096 0.432758617 0.604838710  0.2096774194
6        2013      3       3  0.42722474 0.91936282 0.723065211 0.177592955 -0.6448140900
7        2014      3       3  0.46120852 0.89974227 0.698447676 0.208083556 -0.5838328876
8        2015      3       3 -0.33012821 0.44286380 0.592196621 0.357194356 -0.2856112885
9        2016      3       3  0.21846720 0.12613209 0.333333333 0.750000000  0.5000000000
10       2008      4       4 -0.54374058 0.55879033 0.433156569 0.321311475 -0.0180327869
11       2009      4       4  0.62141780 0.20181135 0.091261065 0.825806452  0.7387096774
12       2010      4       4  0.54374058 0.20181135 0.114562255 0.784000000  0.6760000000
13       2011      4       4  0.13593514 0.39939617 0.766015805 0.054748603 -0.4178770950
14       2012      4       4  0.19807692 0.43191261 0.691531631 0.095152735 -0.3572708981
15       2013      4       4  0.12913839 0.44571750 0.799297577 0.040281462 -0.4395778064
16       2014      4       4  0.29808635 0.41325155 0.545638697 0.206444194 -0.1903337094
17       2015      4       4 -0.15438348 0.22253330 0.559580443 0.193969387 -0.2090459201
18       2008      5       5 -0.07767723 0.42010383 0.865101162 0.011267606 -0.3183098592
19       2009      5       5  0.58257919 0.11865392 0.016177864 0.889328063  0.8524374177
20       2010      5       5  0.19419306 0.23303168 0.465798188 0.187969925 -0.0827067669
21       2011      5       5  0.38450226 0.27160198 0.251826997 0.400498529  0.2006647052
22       2012      5       5  0.07573529 0.25917560 0.789164878 0.027675680 -0.2964324272
23       2013      5       5  0.13108032 0.25733756 0.645595245 0.079601838 -0.2271975494
24       2014      5       5  0.20584465 0.24446225 0.461599053 0.191159958 -0.0784533896
25       2008      6       6  0.09432234 0.29240155 0.763171779 0.025354584 -0.2183067700
26       2009      6       6  0.32180565 0.16941477 0.130311959 0.474248120  0.3428101504
27       2010      6       6  0.35509589 0.17861396 0.117710967 0.497006957  0.3712586960
28       2011      6       6  0.24385100 0.19547113 0.280261691 0.280092078  0.1001150977
29       2012      6       6  0.09238041 0.16994220 0.615595621 0.068792903 -0.1640088714
30       2013      6       6  0.11290940 0.16879332 0.540171606 0.100609288 -0.1242383905
31       2008      7       7  0.02080640 0.21107076 0.925305290 0.001939655 -0.1976724138
32       2009      7       7  0.41057962 0.13029820 0.025348221 0.665087751  0.5981053015
33       2010      7       7  0.25695903 0.13842599 0.122553479 0.407991137  0.2895893644
34       2011      7       7  0.21430592 0.13926755 0.184469151 0.321383131  0.1856597575
35       2012      7       7  0.08842720 0.12018895 0.494935344 0.097685591 -0.0827772904
36       2008      8       8  0.15674154 0.17581221 0.406974652 0.116974725 -0.0301961539
37       2009      8       8  0.32192124 0.10978212 0.026206376 0.589006284  0.5205073316
38       2010      8       8  0.23106663 0.10425397 0.068538417 0.450164210  0.3585249112
39       2011      8       8  0.18413664 0.10525515 0.130793435 0.337785585  0.2274165160
40       2008      9       9  0.13658245 0.13668001 0.350938915 0.124843902 -0.0001783978
41       2009      9       9  0.28821487 0.08723517 0.013050821 0.609280111  0.5534629839
42       2010      9       9  0.20357906 0.08229939 0.042605180 0.466418444  0.3901925076
43       2008     10      10  0.14270248 0.10909016 0.227167231 0.176205930  0.0732316715
44       2009     10      10  0.25533445 0.07213242 0.007622064 0.610330082  0.5616213420
45       2008     11      11  0.13955420 0.08909029 0.151688688 0.214229111  0.1269212346
[1] "Stability Time"
[1] 6
[1] "Absolute Range"
[1] -0.9709653  0.7767723
[1] "Relative Range"
[1] -1.1105195  0.6372181
[1] "Proportion Significant"
[1] 0.1333333
[1] "Proportion Significantly Wrong"
[1] 0.1333333
[1] "Onondaga"
[1] "Multiple Breakups"
   start_year N_data N_years        slope   slope_se    p_value     r_square adj_r_square
1        2010      3       3 -1.686454310 0.08298365 0.03130026 0.9975846189   0.99516924
2        2011      3       3  0.527016972 1.19496459 0.73556680 0.1628357647  -0.67432847
3        2012      3       3  1.288796049 0.75515123 0.33741720 0.7444240978   0.48884820
4        2013      3       3 -0.522225909 0.29044278 0.32312441 0.7637567498   0.52751350
5        2014      3       3 -0.114985521 0.52556313 0.86287754 0.0456804483  -0.90863910
6        2015      3       3  0.661166747 0.07745141 0.07423755 0.9864631535   0.97292631
7        2016      3       3  0.263508486 0.15213670 0.33333333 0.7500000000   0.50000000
8        2010      4       4 -0.387117921 0.75108961 0.65758285 0.1172495043  -0.32412574
9        2011      4       4  0.570136542 0.53498396 0.39817728 0.3621905868   0.04328588
10       2012      4       4  0.463774935 0.58389836 0.51031105 0.2397952708  -0.14030709
11       2013      4       4 -0.177269345 0.23777387 0.53365872 0.2174741859  -0.17378872
12       2014      4       4  0.168645431 0.28645912 0.61568021 0.1477016975  -0.27844745
13       2015      4       4  0.449401745 0.12707432 0.07148735 0.8621357321   0.79320360
14       2010      5       5 -0.053659910 0.47445753 0.91709693 0.0042455717  -0.32767257
15       2011      5       5  0.259675635 0.35711521 0.51974168 0.1498392270  -0.13354770
16       2012      5       5  0.365079030 0.34189578 0.36390321 0.2753997405   0.03386632
17       2013      5       5  0.032579231 0.18309637 0.87011077 0.0104433925  -0.31940881
18       2014      5       5  0.191642535 0.16591935 0.33172385 0.3078154339   0.07708725
19       2010      6       6 -0.097190143 0.31162047 0.77070767 0.0237409211  -0.22032385
20       2011      6       6  0.247492646 0.23389257 0.34965697 0.2187003126   0.02337539
21       2012      6       6  0.360014191 0.22384243 0.18304286 0.3927202159   0.24090027
22       2013      6       6  0.087881791 0.12404437 0.51775695 0.1114923023  -0.11063462
23       2010      7       7 -0.017110941 0.22514711 0.94236715 0.0011538348  -0.19861540
24       2011      7       7  0.273090613 0.16604604 0.16095824 0.3510650966   0.22127812
25       2012      7       7  0.319632371 0.15998837 0.10222010 0.4439127355   0.33269528
26       2010      8       8  0.061599386 0.17385883 0.73522831 0.0204934623  -0.14275763
27       2011      8       8  0.260998881 0.12396015 0.07986737 0.4249104229   0.32906216
28       2010      9       9  0.094224246 0.13598136 0.51068727 0.0641884582  -0.06949890
29       2008     10      10  0.009602867 0.11028961 0.93275615 0.0009467413  -0.12393492
[1] "Stability Time"
[1] 7
[1] "Absolute Range"
[1] -1.686454  1.288796
[1] "Relative Range"
[1] -1.696057  1.279193
[1] "Proportion Significant"
[1] 0.03448276
[1] "Proportion Significantly Wrong"
[1] 0.03448276
[1] "Orange"
[1] "Multiple Breakups"
   start_year N_data N_years         slope   slope_se    p_value     r_square adj_r_square
1        2008      3       3 -2.189979e-01 0.12643847 0.33333333 7.500000e-01   0.50000000
2        2009      3       3  6.022441e-01 0.34770580 0.33333333 7.500000e-01   0.50000000
3        2010      3       3  1.368737e+00 0.09482885 0.04403594 9.952229e-01   0.99044586
4        2011      3       3  3.832463e-01 0.66380198 0.66666667 2.500000e-01  -0.50000000
5        2012      3       3 -8.759914e-01 0.06321924 0.04586456 9.948187e-01   0.98963731
6        2013      3       3  5.474946e-02 0.60058275 0.94212534 8.241758e-03  -0.98351648
7        2014      3       3  9.143161e-01 0.10431174 0.07231748 9.871514e-01   0.97430270
8        2015      3       3 -5.474946e-02 0.45517850 0.92379265 1.426127e-02  -0.97147747
9        2016      3       3 -5.858193e-01 0.14856521 0.15811491 9.395722e-01   0.87914433
10       2008      4       4  2.299478e-01 0.26529491 0.47744377 2.730650e-01  -0.09040248
11       2009      4       4  9.416908e-01 0.25017570 0.06388926 8.763033e-01   0.81445498
12       2010      4       4  7.445927e-01 0.36283656 0.17658888 6.780059e-01   0.51700880
13       2011      4       4 -1.423486e-01 0.42451141 0.76928731 5.322835e-02  -0.42015748
14       2012      4       4 -2.956471e-01 0.33625265 0.47200730 2.787763e-01  -0.08183556
15       2013      4       4  3.624415e-01 0.32202181 0.37728136 3.877785e-01   0.08166776
16       2014      4       4  3.690114e-01 0.31826915 0.36599341 4.019644e-01   0.10294654
17       2015      4       4 -2.157129e-01 0.22377199 0.43676341 3.172355e-01  -0.02414681
18       2008      5       5  5.803443e-01 0.25374472 0.10623732 6.355204e-01   0.51402715
19       2009      5       5  6.679435e-01 0.21410704 0.05248497 7.643796e-01   0.68583950
20       2010      5       5  2.737473e-01 0.34319371 0.48337525 1.749720e-01  -0.10003733
21       2011      5       5 -4.985384e-15 0.25850407 1.00000000 1.207675e-28  -0.33333333
22       2012      5       5  2.627974e-02 0.26876430 0.92827378 3.176844e-03  -0.32909754
23       2013      5       5  1.828632e-01 0.21287429 0.45349148 1.974135e-01  -0.07011533
24       2014      5       5  1.204488e-01 0.23315131 0.64109618 8.169493e-02  -0.22440676
25       2008      6       6  4.880524e-01 0.17445181 0.04892942 6.617839e-01   0.57722988
26       2009      6       6  3.535251e-01 0.22934573 0.19806291 3.726543e-01   0.21581789
27       2010      6       6  2.565403e-01 0.22489255 0.31764510 2.454612e-01   0.05682648
28       2011      6       6  1.454771e-01 0.18892735 0.48424429 1.290953e-01  -0.08863083
29       2012      6       6 -5.944228e-03 0.17692841 0.97480833 2.821066e-04  -0.24964737
30       2013      6       6  5.850371e-02 0.15676737 0.72794362 3.364588e-02  -0.20794266
31       2008      7       7  2.972114e-01 0.16539895 0.13227830 3.923913e-01   0.27086957
32       2009      7       7  3.206754e-01 0.16327717 0.10674096 4.354922e-01   0.32259067
33       2010      7       7  3.015131e-01 0.16112887 0.12021961 4.118750e-01   0.29424995
34       2011      7       7  9.150982e-02 0.13717724 0.53425924 8.172830e-02  -0.10192604
35       2012      7       7 -5.201199e-02 0.12790326 0.70108602 3.201420e-02  -0.16158296
36       2008      8       8  2.841758e-01 0.12351061 0.06103175 4.687340e-01   0.38018963
37       2009      8       8  3.414020e-01 0.12228652 0.03150180 5.650365e-01   0.49254262
38       2010      8       8  2.248639e-01 0.12799214 0.12945690 3.396831e-01   0.22963029
39       2011      8       8  3.402288e-02 0.10749792 0.76234640 1.642102e-02  -0.14750881
40       2008      9       9  3.080570e-01 0.09665933 0.01533970 5.920083e-01   0.53372381
41       2009      9       9  2.721048e-01 0.10282556 0.03312025 5.000992e-01   0.42868481
42       2010      9       9  1.522035e-01 0.10765238 0.20030465 2.221315e-01   0.11100746
43       2008     10      10  2.574220e-01 0.08246330 0.01419312 5.491621e-01   0.49280731
44       2009     10      10  2.040662e-01 0.09094735 0.05509917 3.862473e-01   0.30952822
45       2008     11      11  2.031703e-01 0.07426000 0.02300018 4.540598e-01   0.39339980
[1] "Stability Time"
[1] 8
[1] "Absolute Range"
[1] -0.8759914  1.3687366
[1] "Relative Range"
[1] -1.079162  1.165566
[1] "Proportion Significant"
[1] 0.1777778
[1] "Proportion Significantly Wrong"
[1] 0.8444444
[1] "Oswego"
[1] "Multiple Breakups"
   start_year N_data N_years       slope   slope_se    p_value    r_square adj_r_square
1        2008      3       3  0.61500016 0.07200731 0.07420080 0.986476491  0.972952981
2        2009      3       3 -0.49027985 0.71014102 0.61532093 0.322791098 -0.354417804
3        2010      3       3 -1.23000033 0.28306320 0.14399979 0.949702768  0.899405536
4        2011      3       3  0.87304219 0.93112896 0.52048942 0.467837519 -0.064324963
5        2012      3       3  1.43213325 0.60833759 0.25571867 0.847144836  0.694289672
6        2013      3       3 -0.52468545 0.52143222 0.49802023 0.503109789  0.006219578
7        2014      3       3 -0.57199316 0.49411910 0.45358062 0.572657228  0.145314456
8        2015      3       3  0.53328686 0.14401461 0.16791439 0.932029419  0.864058838
9        2016      3       3  0.86014009 0.04469419 0.03305001 0.997307270  0.994614541
10       2008      4       4 -0.07311191 0.39858469 0.87137369 0.016544728 -0.475182908
11       2009      4       4 -0.68811207 0.33749951 0.17831730 0.675162461  0.512743691
12       2010      4       4 -0.06623079 0.68372373 0.93166427 0.004669772 -0.492995341
13       2011      4       4  0.88594429 0.41648015 0.16723992 0.693489345  0.540234018
14       2012      4       4  0.46877635 0.61916645 0.52802353 0.222761789 -0.165857317
15       2013      4       4 -0.37244066 0.24920769 0.27365248 0.527580725  0.291371087
16       2014      4       4 -0.07999303 0.35988718 0.84473561 0.024107031 -0.463839454
17       2015      4       4  0.67951067 0.10618463 0.02355963 0.953435791  0.930153686
18       2008      5       5 -0.34405604 0.27825676 0.30426174 0.337581230  0.116774974
19       2009      5       5 -0.09289513 0.39504815 0.82923027 0.018098087 -0.309202550
20       2010      5       5  0.25546161 0.43625838 0.59929853 0.102574807 -0.196566924
21       2011      5       5  0.42576934 0.35833722 0.32025416 0.320001306  0.093335075
22       2012      5       5  0.23911895 0.38127401 0.57504136 0.115911859 -0.178784188
23       2013      5       5 -0.11095807 0.20854865 0.63157394 0.086222798 -0.218369603
24       2014      5       5  0.22191614 0.27121205 0.47316486 0.182453101 -0.090062532
25       2008      6       6 -0.01720280 0.26228598 0.95085307 0.001074290 -0.248657138
26       2009      6       6  0.14450354 0.29269473 0.64739764 0.057435230 -0.178205963
27       2010      6       6  0.10690313 0.29819934 0.73809256 0.031129573 -0.211088034
28       2011      6       6  0.27401606 0.25041428 0.33531738 0.230382218  0.037977772
29       2012      6       6  0.25116091 0.24969924 0.37139517 0.201874267  0.002342834
30       2013      6       6  0.11353849 0.18825310 0.57895901 0.083357026 -0.145803718
31       2008      7       7  0.14192311 0.20697179 0.52338804 0.085956881 -0.096851743
32       2009      7       7  0.06082419 0.21253042 0.78621096 0.016116991 -0.180659611
33       2010      7       7  0.07280471 0.21177580 0.74499529 0.023091400 -0.172290320
34       2011      7       7  0.27432325 0.17706972 0.18201024 0.324337130  0.189204557
35       2012      7       7  0.32900358 0.18219408 0.13077978 0.394736462  0.273683754
36       2008      8       8  0.07741261 0.15870007 0.64300826 0.038144145 -0.122165164
37       2009      8       8  0.04454297 0.15868947 0.78837373 0.012961196 -0.151545271
38       2010      8       8  0.11775727 0.15996776 0.48941875 0.082833763 -0.070027277
39       2011      8       8  0.32972037 0.13580008 0.05130292 0.495590808  0.411522609
40       2008      9       9  0.06106995 0.12329013 0.63553254 0.033864033 -0.104155390
41       2009      9       9  0.08615737 0.12524640 0.51365564 0.063320902 -0.070490398
42       2010      9       9  0.19338816 0.13137917 0.18450272 0.236369717  0.127279677
43       2008     10      10  0.09211318 0.09997122 0.38378780 0.095940232 -0.017067238
44       2009     10      10  0.15378262 0.10726981 0.18958837 0.204393777  0.104942999
45       2008     11      11  0.14747493 0.08766111 0.12679851 0.239237399  0.154708221
[1] "Stability Time"
[1] 6
[1] "Absolute Range"
[1] -1.230000  1.432133
[1] "Relative Range"
[1] -1.377475  1.284658
[1] "Proportion Significant"
[1] 0.04444444
[1] "Proportion Significantly Wrong"
[1] 0.04444444
[1] "Rockland"
[1] "Multiple Breakups"
   start_year N_data N_years        slope   slope_se    p_value    r_square adj_r_square
1        2008      3       3 -0.088274567 0.35675741 0.84557904 0.057692308  -0.88461538
2        2009      3       3  0.794471102 0.15289603 0.12103772 0.964285714   0.92857143
3        2010      3       3  0.450200291 0.35166088 0.42215712 0.621060172   0.24212034
4        2011      3       3 -0.176549134 0.01019307 0.03671450 0.996677741   0.99335548
5        2012      3       3 -0.273651157 0.04586881 0.10572598 0.972672065   0.94534413
6        2013      3       3 -0.088274567 0.15289603 0.66666667 0.250000000  -0.50000000
7        2014      3       3  1.456530353 0.73899750 0.29890887 0.795277507   0.59055501
8        2015      3       3 -0.255996244 1.72772519 0.90635369 0.021482579  -0.95703484
9        2016      3       3 -1.633079487 0.93266581 0.33034512 0.754053935   0.50810787
10       2008      4       4  0.317788441 0.28357990 0.37894100 0.385714286   0.07857143
11       2009      4       4  0.534943875 0.16470246 0.08314326 0.840626288   0.76093943
12       2010      4       4  0.195969538 0.21512206 0.45847215 0.293252410  -0.06012139
13       2011      4       4 -0.231279365 0.03192563 0.01852694 0.963289363   0.94493404
14       2012      4       4 -0.146535781 0.07620299 0.19440253 0.648987282   0.47348092
15       2013      4       4  0.785643645 0.50916905 0.26279932 0.543464837   0.31519726
16       2014      4       4  0.173018151 0.81139262 0.85090465 0.022229423  -0.46665587
17       2015      4       4 -0.483744626 0.78377079 0.60000639 0.159994885  -0.26000767
18       2008      5       5  0.303664510 0.16392788 0.16103586 0.533544943   0.37805992
19       2009      5       5  0.337208845 0.14857775 0.10796706 0.631946369   0.50926183
20       2010      5       5  0.035309827 0.15501510 0.83445650 0.017001020  -0.31066531
21       2011      5       5 -0.160659712 0.04474513 0.03700866 0.811226489   0.74830199
22       2012      5       5  0.455496765 0.35035700 0.28443947 0.360374212   0.14716562
23       2013      5       5  0.153597746 0.46859191 0.76461684 0.034576169  -0.28723177
24       2014      5       5 -0.121818902 0.49842648 0.82267817 0.019522857  -0.30730286
25       2008      6       6  0.228505022 0.11575709 0.11961967 0.493458910   0.36682364
26       2009      6       6  0.182097821 0.13221450 0.24046989 0.321680963   0.15210120
27       2010      6       6  0.009584096 0.10256237 0.93004232 0.002178307  -0.24727712
28       2011      6       6  0.273398944 0.25231005 0.33949814 0.226926563   0.03365820
29       2012      6       6  0.098363089 0.30841851 0.76574145 0.024798077  -0.21900240
30       2013      6       6 -0.051451462 0.32881618 0.88323866 0.006083855  -0.24239518
31       2008      7       7  0.139347709 0.09669295 0.20910881 0.293473297   0.15216796
32       2009      7       7  0.126106524 0.09892090 0.25839885 0.245302458   0.09436295
33       2010      7       7  0.292567136 0.17875305 0.16261752 0.348858613   0.21863034
34       2011      7       7  0.051073142 0.21978725 0.82545844 0.010684276  -0.18717887
35       2012      7       7 -0.041615153 0.23257749 0.86501697 0.006362468  -0.19236504
36       2008      8       8  0.105298948 0.07470356 0.20833718 0.248765346   0.12355957
37       2009      8       8  0.320310571 0.13419404 0.05425354 0.487065147   0.40157601
38       2010      8       8  0.115387470 0.16797525 0.51778107 0.072911594  -0.08160314
39       2011      8       8 -0.047289947 0.17338399 0.79419186 0.012246640  -0.15237892
40       2008      9       9  0.264823701 0.10877081 0.04510871 0.458528633   0.38117558
41       2009      9       9  0.173018151 0.13430007 0.23858899 0.191658352   0.07618097
42       2010      9       9  0.023834133 0.14044008 0.87003842 0.004097654  -0.13817411
43       2008     10      10  0.154400242 0.10767229 0.18948409 0.204479390   0.10503931
44       2009     10      10  0.087632570 0.11793223 0.47868637 0.064563961  -0.05236554
45       2008     11      11  0.086348576 0.09629412 0.39322371 0.082016843  -0.01998129
[1] "Stability Time"
[1] 6
[1] "Absolute Range"
[1] -1.633079  1.456530
[1] "Relative Range"
[1] -1.719428  1.370182
[1] "Proportion Significant"
[1] 0.08888889
[1] "Proportion Significantly Wrong"
[1] 0.08888889
[1] "Saratoga"
[1] "Multiple Breakups"
   start_year N_data N_years        slope   slope_se    p_value      r_square adj_r_square
1        2008      3       3  0.819745215 1.41440036 0.66560744 0.25144230237 -0.497115395
2        2009      3       3  0.504096196 1.59664041 0.80530991 0.09064542009 -0.818709160
3        2010      3       3 -1.177794850 0.62560016 0.31083948 0.77995008319  0.559900166
4        2011      3       3  0.956369418 0.60656015 0.35982423 0.71313943561  0.426278871
5        2012      3       3  0.202580714 1.04176027 0.87772889 0.03643684805 -0.927126304
6        2013      3       3 -0.131913023 0.84864022 0.90182916 0.02359171883 -0.952816562
7        2014      3       3  0.706676910 0.36448009 0.30314618 0.78988017225  0.579760345
8        2015      3       3 -0.485251478 0.32368008 0.37449672 0.69207184483  0.384143690
9        2016      3       3 -0.584186245 0.26656007 0.27252089 0.82767530324  0.655350606
10       2008      4       4  0.140393146 0.74427510 0.86778882 0.01747979482 -0.473780308
11       2009      4       4  0.048054030 0.76103675 0.95539570 0.00198954361 -0.497015685
12       2010      4       4 -0.114010541 0.67489811 0.88139164 0.01406794237 -0.478898086
13       2011      4       4  0.293977594 0.46886816 0.59469580 0.16427149077 -0.253592764
14       2012      4       4  0.362760814 0.47497942 0.52481989 0.22579613226 -0.161305802
15       2013      4       4  0.077263342 0.39827498 0.86409752 0.01846948305 -0.472295775
16       2014      4       4  0.117779485 0.37705332 0.78432081 0.04651751291 -0.430223731
17       2015      4       4 -0.432486269 0.14792503 0.09978366 0.81038946053  0.715584191
18       2008      5       5 -0.042400615 0.44247749 0.92970154 0.00305150028 -0.329264666
19       2009      5       5  0.348627275 0.47241268 0.51401650 0.15364275870 -0.128476322
20       2010      5       5 -0.198811771 0.39271648 0.64754226 0.07870517689 -0.228393097
21       2011      5       5  0.370298701 0.27426402 0.26979540 0.37796969371  0.170626258
22       2012      5       5  0.337320445 0.27462256 0.30690691 0.33462486423  0.112833152
23       2013      5       5 -0.105530419 0.25300627 0.70465120 0.05481367545 -0.260248433
24       2014      5       5 -0.048054030 0.23781643 0.85279347 0.01342714958 -0.315430467
25       2008      6       6  0.198138745 0.32123951 0.57074550 0.08684876307 -0.141439046
26       2009      6       6  0.155872736 0.32868018 0.66005848 0.05323247430 -0.183459407
27       2010      6       6 -0.003499733 0.28073574 0.99065058 0.00003885059 -0.249951437
28       2011      6       6  0.349973327 0.17993102 0.12365915 0.48607169701  0.357589621
29       2012      6       6  0.132451444 0.21520280 0.57153577 0.08650910131 -0.141863623
30       2013      6       6 -0.160180100 0.16860996 0.39590555 0.18409095045 -0.019886312
31       2008      7       7  0.091194973 0.23539272 0.71439063 0.02914343901 -0.165027873
32       2009      7       7  0.213685637 0.23479659 0.40451245 0.14211113586 -0.029466637
33       2010      7       7  0.074705845 0.20358041 0.72866744 0.02622560706 -0.168529272
34       2011      7       7  0.193158355 0.15615558 0.27102731 0.23431170634  0.081174048
35       2012      7       7  0.031968717 0.16285489 0.85210307 0.00764794213 -0.190822469
36       2008      8       8  0.150533399 0.17876484 0.43202325 0.10569097103 -0.043360534
37       2009      8       8  0.226248782 0.17515729 0.24398737 0.21757442183  0.087170159
38       2010      8       8  0.013909196 0.15574681 0.93174481 0.00132750942 -0.165117906
39       2011      8       8  0.101514699 0.12785343 0.45744363 0.09508056119 -0.055739345
40       2008      9       9  0.173214363 0.13908845 0.25307012 0.18137336458  0.064426702
41       2009      9       9  0.147302876 0.14312768 0.33764182 0.13142671064  0.007344812
42       2010      9       9 -0.023555897 0.12256475 0.85304887 0.00524909482 -0.136858177
43       2008     10      10  0.118264879 0.11540068 0.33543517 0.11604703580  0.005552915
44       2009     10      10  0.092396221 0.11849541 0.45798630 0.07063224548 -0.045538724
45       2008     11      11  0.077349000 0.09714035 0.44637477 0.06581154571 -0.037987171
[1] "Stability Time"
[1] 5
[1] "Absolute Range"
[1] -1.1777948  0.9563694
[1] "Relative Range"
[1] -1.2551438  0.8790204
[1] "Proportion Significant"
[1] 0
[1] "Proportion Significantly Wrong"
[1] 0
[1] "Schuyler"
[1] "Multiple Breakups"
   start_year N_data N_years       slope   slope_se     p_value   r_square  adj_r_square
1        2009      3       3 -0.48872600 0.55022388 0.537639094 0.44101433 -0.1179713341
2        2010      3       3  0.48872600 0.01410830 0.018372528 0.99916736  0.9983347211
3        2011      3       3  0.98967016 0.27511194 0.172611679 0.92826825  0.8565365025
4        2012      3       3  0.34821728 0.64545493 0.685039194 0.22543714 -0.5491257286
5        2013      3       3  0.10996335 0.50789896 0.864262791 0.04477612 -0.9104477612
6        2014      3       3  0.62923473 0.20809749 0.203331510 0.90141045  0.8028208904
7        2015      3       3 -0.06109075 0.19046211 0.802403876 0.09328358 -0.8134328358
8        2016      3       3 -0.34210820 0.02821661 0.052388933 0.99324324  0.9864864865
9        2009      4       4 -0.09285794 0.33583692 0.808119959 0.03681795 -0.4447730750
10       2010      4       4  0.78440524 0.17082704 0.044299950 0.91336258  0.8700438771
11       2011      4       4  0.50949686 0.30330312 0.235004026 0.58521884  0.3778282599
12       2012      4       4  0.42885707 0.29238674 0.280119260 0.51822828  0.2773424191
13       2013      4       4  0.24558482 0.24025680 0.414208233 0.34315199  0.0147279908
14       2014      4       4  0.28712653 0.21834282 0.319040790 0.46370545  0.1955581678
15       2015      4       4 -0.16372321 0.10376080 0.255325682 0.55453984  0.3318097591
16       2009      5       5  0.29812286 0.29757488 0.390241467 0.25069056  0.0009207483
17       2010      5       5  0.53271134 0.17562431 0.056166593 0.75410981  0.6721464085
18       2011      5       5  0.50949686 0.17511214 0.062019463 0.73834454  0.6511260573
19       2012      5       5  0.41297347 0.16905847 0.092270755 0.66544734  0.5539297919
20       2013      5       5  0.14539599 0.15028987 0.404687277 0.23779218 -0.0162770912
21       2014      5       5  0.10263246 0.16503701 0.578082323 0.11418954 -0.1810806145
22       2009      6       6  0.25727933 0.19623051 0.260021548 0.30057745  0.1257218116
23       2010      6       6  0.52607863 0.11503685 0.010236498 0.83944467  0.7993058375
24       2011      6       6  0.47511149 0.11634407 0.015052961 0.80654281  0.7581785103
25       2012      6       6  0.29358469 0.13038453 0.087481932 0.55898948  0.4487368458
26       2013      6       6  0.05410895 0.11161513 0.653182272 0.05549289 -0.1806338855
27       2009      7       7  0.32116280 0.14357427 0.075506902 0.50018837  0.4002260421
28       2010      7       7  0.49614417 0.08315906 0.001893368 0.87683402  0.8522008193
29       2011      7       7  0.37003540 0.10221693 0.015217947 0.72383499  0.6686019826
30       2012      7       7  0.18807224 0.11050349 0.149499067 0.36682082  0.2401849892
31       2009      8       8  0.34341729 0.10778252 0.018926827 0.62852685  0.5666146533
32       2010      8       8  0.40974439 0.07956263 0.002115339 0.81551001  0.7847616828
33       2011      8       8  0.27098111 0.09526382 0.029391591 0.57420748  0.5032420645
34       2009      9       9  0.30484285 0.08640740 0.009624006 0.64003958  0.5886166681
35       2010      9       9  0.32255916 0.07957312 0.004848553 0.70126107  0.6585840776
36       2009     10      10  0.25258248 0.07524377 0.009978229 0.58481419  0.5329159637
[1] "Stability Time"
[1] 8
[1] "Absolute Range"
[1] -0.4887260  0.9896702
[1] "Relative Range"
[1] -0.7413085  0.7370877
[1] "Proportion Significant"
[1] 0.3333333
[1] "Proportion Significantly Wrong"
[1] 0.6666667
[1] "Sullivan"
[1] "Multiple Breakups"
   start_year N_data N_years       slope   slope_se     p_value   r_square adj_r_square
1        2008      3       3  0.31004312 0.34858572 0.537212204 0.44168026  -0.11663948
2        2009      3       3  0.06527224 0.48990425 0.915676784 0.01744186  -0.96511628
3        2010      3       3  0.52217788 0.75369885 0.614277734 0.32432432  -0.35135135
4        2011      3       3  0.52217788 0.75369885 0.614277734 0.32432432  -0.35135135
5        2012      3       3 -0.57765928 0.11870757 0.129027573 0.95948181   0.91896362
6        2013      3       3  0.26108894 0.36554394 0.605152915 0.33781406  -0.32437188
7        2014      3       3  1.29565387 0.23176240 0.112684730 0.96899516   0.93799031
8        2015      3       3  0.16970781 0.88182765 0.878962282 0.03571429  -0.92857143
9        2016      3       3 -0.97908353 0.21857267 0.139827564 0.95252879   0.90505758
10       2008      4       4  0.04242695 0.21948851 0.864575986 0.01833966  -0.47249050
11       2009      4       4  0.50912343 0.33714863 0.270103047 0.53274956   0.29912434
12       2010      4       4  0.26108894 0.36923552 0.552786405 0.20000000  -0.20000000
13       2011      4       4  0.12336452 0.40820308 0.791021115 0.04367217  -0.43449174
14       2012      4       4 -0.11553186 0.27203961 0.712388965 0.08272011  -0.37591984
15       2013      4       4  0.75519976 0.32879524 0.148466710 0.72510894   0.58766342
16       2014      4       4  0.53980138 0.44853140 0.351912522 0.42001738   0.13002607
17       2015      4       4 -0.21409293 0.45235496 0.682637442 0.10071899  -0.34892151
18       2008      5       5  0.34594285 0.21625379 0.207967333 0.46034087   0.28045450
19       2009      5       5  0.33941562 0.21792196 0.217224100 0.44708995   0.26278660
20       2010      5       5  0.08224302 0.23686898 0.751364441 0.03863225  -0.28182367
21       2011      5       5  0.19777487 0.23955977 0.469571362 0.18513164  -0.08649115
22       2012      5       5  0.33941562 0.30604071 0.348319598 0.29078020   0.05437360
23       2013      5       5  0.43144947 0.26640856 0.203777349 0.46645706   0.28860941
24       2014      5       5  0.16056970 0.33911507 0.668182989 0.06953624  -0.24061835
25       2008      6       6  0.27134601 0.14797750 0.140622782 0.45670241   0.32087801
26       2009      6       6  0.18928948 0.16692953 0.320167409 0.24326111   0.05407639
27       2010      6       6  0.14714227 0.15952990 0.408545027 0.17538149  -0.03077313
28       2011      6       6  0.43322115 0.20754169 0.105140052 0.52137143   0.40171429
29       2012      6       6  0.22696089 0.21060805 0.341845401 0.22500454   0.03125567
30       2013      6       6  0.19152739 0.22272126 0.438308218 0.15602919  -0.05496351
31       2008      7       7  0.17576880 0.11829484 0.197457735 0.30630326   0.16756391
32       2009      7       7  0.21120230 0.11871306 0.135351882 0.38764465   0.26517358
33       2010      7       7  0.33638513 0.15704304 0.085102453 0.47852216   0.37422660
34       2011      7       7  0.32542871 0.15940466 0.096680671 0.45461450   0.34553741
35       2012      7       7  0.09814147 0.16646127 0.581107228 0.06500097  -0.12199884
36       2008      8       8  0.19581671 0.08892825 0.069912895 0.44693530   0.35475785
37       2009      8       8  0.34415563 0.11713891 0.026014717 0.58993761   0.52159388
38       2010      8       8  0.27406568 0.12245803 0.066526341 0.45498211   0.36414579
39       2011      8       8  0.20335409 0.13814480 0.191428944 0.26532617   0.14288053
40       2008      9       9  0.30525649 0.09347350 0.013755698 0.60373175   0.54712200
41       2009      9       9  0.29274597 0.09546674 0.018157393 0.57325512   0.51229157
42       2010      9       9  0.18667859 0.10743874 0.125860286 0.30132948   0.20151941
43       2008     10      10  0.27026661 0.07725409 0.008097912 0.60472130   0.55531146
44       2009     10      10  0.21785103 0.08757571 0.037664390 0.43614413   0.36566215
45       2008     11      11  0.21160072 0.07159627 0.016077360 0.49252350   0.43613723
[1] "Stability Time"
[1] 5
[1] "Absolute Range"
[1] -0.9790835  1.2956539
[1] "Relative Range"
[1] -1.190684  1.084053
[1] "Proportion Significant"
[1] 0.1333333
[1] "Proportion Significantly Wrong"
[1] 0.8666667
[1] "Ulster"
[1] "Multiple Breakups"
   start_year N_data N_years       slope   slope_se     p_value    r_square adj_r_square
1        2008      3       3 -0.62479502 0.79359626 0.575408770 0.382653061  -0.23469388
2        2009      3       3 -1.24959005 0.43287069 0.212295615 0.892857143   0.78571429
3        2010      3       3 -0.12495900 0.21643534 0.666666667 0.250000000  -0.50000000
4        2011      3       3  1.01841589 0.44369246 0.261569720 0.840471973   0.68094395
5        2012      3       3  0.81223353 0.56273190 0.385722266 0.675675676   0.35135135
6        2013      3       3 -0.39362086 0.13346846 0.208118941 0.896881591   0.79376318
7        2014      3       3  0.23742211 0.49780129 0.716684303 0.185318275  -0.62936345
8        2015      3       3  0.74975403 0.20200632 0.167545977 0.932320442   0.86464088
9        2016      3       3  0.19993441 0.11543218 0.333333333 0.750000000   0.50000000
10       2008      4       4 -0.72476223 0.35956940 0.181391716 0.670119522   0.50517928
11       2009      4       4 -0.72476223 0.35956940 0.181391716 0.670119522   0.50517928
12       2010      4       4  0.48609053 0.36582696 0.315258629 0.468870745   0.20330612
13       2011      4       4  0.74100690 0.25499905 0.100828538 0.808509317   0.71276398
14       2012      4       4  0.28365694 0.39555595 0.547746846 0.204532915  -0.19320063
15       2013      4       4  0.03123975 0.25245121 0.912831644 0.007598322  -0.48860252
16       2014      4       4  0.37237783 0.23586488 0.255139648 0.554816944   0.33222542
17       2015      4       4  0.48983930 0.17515669 0.107614671 0.796351575   0.69452736
18       2008      5       5 -0.54981962 0.23086437 0.097479608 0.654054054   0.53873874
19       2009      5       5 -0.11746146 0.40747367 0.791911062 0.026952829  -0.29739623
20       2010      5       5  0.47859299 0.21125464 0.108376192 0.631105011   0.50814002
21       2011      5       5  0.41236472 0.24015981 0.184472230 0.495648849   0.32753180
22       2012      5       5  0.34113808 0.23077304 0.235872302 0.421429702   0.22857294
23       2013      5       5  0.18993769 0.17215947 0.350466165 0.288626824   0.05150243
24       2014      5       5  0.32489341 0.13890886 0.101323427 0.645826964   0.52776929
25       2008      6       6 -0.16601696 0.26822313 0.569457726 0.087403954  -0.14074506
26       2009      6       6  0.04962658 0.28366160 0.869617572 0.007593763  -0.24050780
27       2010      6       6  0.31882397 0.16623845 0.127583808 0.479046651   0.34880831
28       2011      6       6  0.41664902 0.15724096 0.056996743 0.637062072   0.54632759
29       2012      6       6  0.36595137 0.15175413 0.073437365 0.592469400   0.49058675
30       2013      6       6  0.20814600 0.11319405 0.139786012 0.458093037   0.32261630
31       2008      7       7 -0.02856206 0.20559614 0.894932944 0.003845085  -0.19538590
32       2009      7       7  0.03704142 0.20071061 0.860832819 0.006765755  -0.19188109
33       2010      7       7  0.34542239 0.11854719 0.033252589 0.629360844   0.55523301
34       2011      7       7  0.41638125 0.11118625 0.013363825 0.737177772   0.68461333
35       2012      7       7  0.33560418 0.10872738 0.027262683 0.655824094   0.58698891
36       2008      8       8 -0.02097526 0.15330490 0.895648203 0.003110273  -0.16303801
37       2009      8       8  0.12034742 0.15714233 0.472807941 0.089049359  -0.06277575
38       2010      8       8  0.36104227 0.08881887 0.006613588 0.733613162   0.68921536
39       2011      8       8  0.38157125 0.08527545 0.004216769 0.769424137   0.73099483
40       2008      9       9  0.05727288 0.12705259 0.665779184 0.028210143  -0.11061698
41       2009      9       9  0.17785832 0.12616944 0.201481668 0.221113842   0.10984439
42       2010      9       9  0.34426206 0.06947758 0.001646877 0.778144864   0.74645127
43       2008     10      10  0.11579534 0.10683650 0.310009958 0.128040982   0.01904610
44       2009     10      10  0.19743523 0.10128105 0.087075596 0.322038563   0.23729338
45       2008     11      11  0.14245327 0.08857900 0.142251550 0.223222260   0.13691362
[1] "Stability Time"
[1] 7
[1] "Absolute Range"
[1] -1.249590  1.018416
[1] "Relative Range"
[1] -1.3920433  0.8759626
[1] "Proportion Significant"
[1] 0.1333333
[1] "Proportion Significantly Wrong"
[1] 0.1333333
[1] "Westchester"
[1] "Multiple Breakups"
   start_year N_data N_years                   slope   slope_se    p_value     r_square adj_r_square
1        2008      3       3  0.00000000000002260933 0.34053791 1.00000000 4.358552e-27 -1.000000000
2        2009      3       3  0.09830482678287805198 0.28378159 0.78770438 1.071429e-01 -0.785714286
3        2010      3       3  0.85033675167271527418 0.71796743 0.44639453 5.838058e-01  0.167611641
4        2011      3       3  0.58982896069741808098 0.86837167 0.62015841 3.157064e-01 -0.368587214
5        2012      3       3 -1.04203116389927563645 0.07378321 0.04500210 9.950114e-01  0.990022729
6        2013      3       3 -0.58982896069743595557 0.33486228 0.32871978 7.562496e-01  0.512499125
7        2014      3       3  0.36372785909687632699 0.21567401 0.34073339 7.398667e-01  0.479733381
8        2015      3       3  1.47457240174435200153 0.42567239 0.17891238 9.230769e-01  0.846153846
9        2016      3       3  0.31949068704426170084 1.09255913 0.81888672 7.877564e-02 -0.842448726
10       2008      4       4 -0.05898289606973903393 0.15605407 0.74180111 6.666667e-02 -0.400000000
11       2009      4       4  0.64782880849930091216 0.34170933 0.19844570 6.424893e-01  0.463733939
12       2010      4       4  0.44532086532653003541 0.39720868 0.37877263 3.859234e-01  0.078885159
13       2011      4       4 -0.08847434410460855436 0.55152425 0.88729024 1.270349e-02 -0.480944763
14       2012      4       4 -0.74515058701437042465 0.17455129 0.05073331 9.011072e-01  0.851660864
15       2013      4       4 -0.13369456442474189628 0.30295117 0.70211518 8.873537e-02 -0.366896949
16       2014      4       4  0.95552291632977282010 0.35502608 0.11476732 7.836369e-01  0.675455360
17       2015      4       4  0.63406613274969503280 0.52127056 0.34791075 4.252204e-01  0.137830586
18       2008      5       5  0.35979566602541918074 0.25802349 0.25750998 3.932572e-01  0.191009653
19       2009      5       5  0.44532086532653764044 0.22932854 0.14744495 5.569188e-01  0.409225124
20       2010      5       5  0.04128802724882491004 0.32711734 0.90754356 5.282260e-03 -0.326290321
21       2011      5       5 -0.20840623277975714456 0.32586431 0.56795435 1.199825e-01 -0.173356683
22       2012      5       5 -0.38928711406029359310 0.22884271 0.18747869 4.909890e-01  0.321318689
23       2013      5       5  0.42664294823779536081 0.36776693 0.32994779 3.096799e-01  0.079573230
24       2014      5       5  0.56820189880522786741 0.30334858 0.15776864 5.390643e-01  0.385419020
25       2008      6       6  0.29744231875173532398 0.17270959 0.16013519 4.257832e-01  0.282228993
26       2009      6       6  0.15672598098530704513 0.22428015 0.52317713 1.087970e-01 -0.114003732
27       2010      6       6 -0.08145257076297890420 0.22556897 0.73628989 3.156891e-02 -0.210538861
28       2011      6       6 -0.10757356759386881018 0.22112898 0.65208209 5.585943e-02 -0.180175715
29       2012      6       6  0.08398040916606053230 0.31161606 0.80087649 1.783370e-02 -0.227707880
30       2013      6       6  0.30109364088940249182 0.25143503 0.29722159 2.638951e-01  0.079868877
31       2008      7       7  0.11796579213944563547 0.16016109 0.49448382 9.787969e-02 -0.082544373
32       2009      7       7  0.03581104404237011457 0.17327512 0.84441897 8.470271e-03 -0.189835675
33       2010      7       7 -0.03756648737774281877 0.16150132 0.82528748 1.070544e-02 -0.187153469
34       2011      7       7  0.17694868820921472174 0.22678915 0.47055749 1.085383e-01 -0.069754087
35       2012      7       7  0.07548406342258938417 0.22040042 0.74591288 2.292161e-02 -0.172494069
36       2008      8       8  0.03253421648291146551 0.12916550 0.80953949 1.046329e-02 -0.154459494
37       2009      8       8  0.04388608338521646224 0.12923577 0.74574296 1.885686e-02 -0.144666999
38       2010      8       8  0.16817147153219211275 0.16911459 0.35841347 1.414930e-01 -0.001591461
39       2011      8       8  0.14968080173253237031 0.16977017 0.41188047 1.146965e-01 -0.032854031
40       2008      9       9  0.03964961346910233358 0.10013547 0.70392628 2.190706e-02 -0.117820502
41       2009      9       9  0.19218593636056643947 0.13172729 0.18793944 2.331783e-01  0.123632307
42       2010      9       9  0.14811260568623366152 0.13150653 0.29717434 1.534132e-01  0.032472282
43       2008     10      10  0.16175612407004036353 0.10654055 0.16742928 2.236861e-01  0.126646835
44       2009     10      10  0.17140787069963489553 0.10576456 0.14375032 2.471667e-01  0.153062585
45       2008     11      11  0.14951270473434491448 0.08727673 0.12084725 2.458945e-01  0.162105042
[1] "Stability Time"
[1] 6
[1] "Absolute Range"
[1] -1.042031  1.474572
[1] "Relative Range"
[1] -1.191544  1.325060
[1] "Proportion Significant"
[1] 0.02222222
[1] "Proportion Significantly Wrong"
[1] 0.02222222
