[1] "GC"
[1] "Multiple Breakups"
    start_year N_data N_years                  slope   slope_se    p_value     r_square adj_r_square
1         1995      3       3 -0.6345653963327303471 0.20353693 0.19759611 9.067164e-01  0.813432870
2         1996      3       3  0.0088134153332937830 0.57499186 0.99024272 2.348892e-04 -0.999530222
3         1997      3       3  1.1281162425201736177 0.07123793 0.04014776 9.960282e-01  0.992056415
4         1998      3       3 -0.9959151394360531429 1.29754802 0.58324949 3.707177e-01 -0.258564619
5         1999      3       3 -1.2691307926647650284 1.13980689 0.46585582 5.535308e-01  0.107061507
6         2000      3       3 -0.0000000000001195625 0.40707389 1.00000000 8.627909e-26 -1.000000000
7         2001      3       3 -0.4230435869789107572 0.16282956 0.23390806 8.709677e-01  0.741935467
8         2002      3       3  0.2115218093537067356 0.20353694 0.48775427 5.192308e-01  0.038461598
9         2003      3       3  0.1145743041457512740 0.25950961 0.73531546 1.631274e-01 -0.673745203
10        2004      3       3 -0.4230436187071300869 0.05088424 0.07620735 9.857387e-01  0.971477466
11        2005      3       3  0.3966033727080729432 0.52410765 0.58760483 3.641213e-01 -0.271757401
12        2006      3       3  1.4101453428102610488 0.06106108 0.02754923 9.981285e-01  0.996257019
13        2007      3       3  0.0528804602702309945 0.84467832 0.96019684 3.903992e-03 -0.992192015
14        2008      3       3 -0.9871017241028294809 0.24424433 0.15442096 9.423077e-01  0.884615389
15        2009      3       3  0.7050726555411217511 0.73273300 0.51224571 4.807692e-01 -0.038461548
16        2010      3       3  0.7050726555409139173 0.73273300 0.51224571 4.807692e-01 -0.038461548
17        2011      3       3 -0.8460872056861792334 0.16282956 0.12103772 9.642857e-01  0.928571429
18        2012      3       3 -0.3525363277704331999 0.44778129 0.57540878 3.826530e-01 -0.234693908
19        2013      3       3  0.2115218093535553567 0.12212217 0.33333333 7.500000e-01  0.500000000
20        1995      4       4 -0.1780308501246436192 0.27885490 0.58854264 1.692972e-01 -0.246054256
21        1996      4       4  0.4812120901034788178 0.37484659 0.32786953 4.517594e-01  0.177639050
22        1997      4       4 -0.1709801305494553780 0.75070995 0.84099962 2.528112e-02 -0.462078319
23        1998      4       4 -0.7103607110862966145 0.60324673 0.36011993 4.094465e-01  0.114169751
24        1999      4       4 -0.9024930067069708572 0.55194176 0.24364886 5.720670e-01  0.358100559
25        2000      4       4 -0.1128116210791309804 0.19334938 0.61861497 1.454545e-01 -0.281818193
26        2001      4       4 -0.0987101628917924079 0.20091478 0.67183497 1.076923e-01 -0.338461567
27        2002      4       4  0.0828460406747915795 0.11749302 0.55379523 1.990987e-01 -0.201351953
28        2003      4       4 -0.1180996829703111067 0.17752401 0.57433495 1.811907e-01 -0.228213894
29        2004      4       4  0.0863713941167317950 0.29498993 0.79726261 4.110245e-02 -0.438346328
30        2005      4       4  0.8231723385110814029 0.33998744 0.13650932 7.456162e-01  0.618424238
31        2006      4       4  0.5746342355236686572 0.48315487 0.35636439 4.142668e-01  0.121400190
32        2007      4       4 -0.2785036960830599706 0.42344002 0.57829917 1.778316e-01 -0.233252609
33        2008      4       4 -0.0564058137123924150 0.54832717 0.92745237 5.263158e-03 -0.492105263
34        2009      4       4  0.4512464970078315374 0.35896440 0.33563617 4.413793e-01  0.162068954
35        2010      4       4  0.0282028973377152214 0.50999714 0.96092678 1.526717e-03 -0.497709925
36        2011      4       4 -0.4935508652241931693 0.21617119 0.14987421 7.227139e-01  0.584070783
37        2012      4       4 -0.1692174347915232913 0.22650288 0.53290065 2.181818e-01 -0.172727295
38        1995      5       5  0.1991830215415736072 0.27083227 0.51534696 1.527538e-01 -0.129661537
39        1996      5       5 -0.1692174411371801246 0.43342379 0.72229749 4.835257e-02 -0.268863237
40        1997      5       5 -0.2555888479452288475 0.43616666 0.59905295 1.027053e-01 -0.196392972
41        1998      5       5 -0.6521922143072033107 0.34990008 0.15920690 5.366271e-01  0.382169404
42        1999      5       5 -0.6768697518574029459 0.34426035 0.14398507 5.630499e-01  0.417399801
43        2000      5       5  0.0000000063456422254 0.12924195 0.99999996 8.035685e-16 -0.333333333
44        2001      5       5 -0.0810833512625121350 0.11644377 0.53632310 1.391373e-01 -0.147816957
45        2002      5       5 -0.0616938629122787061 0.10754285 0.60637680 9.885411e-02 -0.201527858
46        2003      5       5  0.1198623469999745839 0.17140663 0.53471466 1.401552e-01 -0.146459772
47        2004      5       5  0.4741613641826501468 0.28130655 0.19046591 4.864016e-01  0.315202179
48        2005      5       5  0.4618226017531811278 0.28645249 0.20530918 4.642123e-01  0.285616396
49        2006      5       5  0.1797935395369170408 0.36024890 0.65202348 7.666235e-02 -0.231116865
50        2007      5       5  0.1057609015039357447 0.33013165 0.76971266 3.307851e-02 -0.289228656
51        2008      5       5  0.0282029036833767975 0.32032344 0.93538884 2.577319e-03 -0.329896908
52        2009      5       5  0.0846087110501082401 0.29624241 0.79376427 2.647058e-02 -0.298039223
53        2010      5       5 -0.0282029100289811520 0.29624241 0.93015699 3.012049e-03 -0.329317268
54        2011      5       5 -0.3243334240870187068 0.15849766 0.13323718 5.825991e-01  0.443465478
55        1995      6       6 -0.1848297668984084652 0.28388561 0.55051019 9.581916e-02 -0.130226044
56        1996      6       6 -0.2301558648233994753 0.28591541 0.46595606 1.394131e-01 -0.075733583
57        1997      6       6 -0.3439747397148172348 0.29006212 0.30130440 2.601194e-01  0.075149241
58        1998      6       6 -0.5625472586718017753 0.23483775 0.07472251 5.892501e-01  0.486562646
59        1999      6       6 -0.4351305520458914611 0.26508773 0.17604647 4.024845e-01  0.253105582
60        2000      6       6 -0.0156123194155870487 0.08508751 0.86334267 8.346478e-03 -0.239566903
61        2001      6       6 -0.1374891704140416282 0.08289514 0.17253728 4.074887e-01  0.259360843
62        2002      6       6  0.0921630670499385130 0.11334584 0.46177901 1.418434e-01 -0.072695715
63        2003      6       6  0.3872863390804995309 0.19086660 0.11232842 5.072207e-01  0.384025854
64        2004      6       6  0.3157718305923102320 0.20561303 0.19939841 3.709260e-01  0.213657484
65        2005      6       6  0.2120254285542811923 0.23657131 0.42078555 1.672308e-01 -0.040961441
66        2006      6       6  0.3233261847790751542 0.24997378 0.26549774 2.949042e-01  0.118630252
67        2007      6       6  0.1198623524391049799 0.21627519 0.60895732 7.131191e-02 -0.160860114
68        2008      6       6 -0.1128116310508573833 0.22495075 0.64236696 5.915493e-02 -0.176056331
69        2009      6       6  0.0282029018703204119 0.19665142 0.89289665 5.115711e-03 -0.243605361
70        2010      6       6 -0.0402898678439549546 0.19406169 0.84567234 1.066098e-02 -0.236673773
71        1995      7       7 -0.2266305032227074467 0.20218297 0.31325336 2.008256e-01  0.040990750
72        1996      7       7 -0.3028035294310257308 0.20647770 0.20241671 3.007657e-01  0.160918835
73        1997      7       7 -0.3537953916363538176 0.20518325 0.14525661 3.728973e-01  0.247476749
74        1998      7       7 -0.4098234821095452785 0.18801392 0.08113850 4.872486e-01  0.384698265
75        1999      7       7 -0.3380571567689494850 0.19564466 0.14457964 3.738798e-01  0.248655749
76        2000      7       7 -0.0742844417409328911 0.06904647 0.33113951 1.879793e-01  0.025575114
77        2001      7       7 -0.0031476460669800899 0.09721977 0.97542440 2.096050e-04 -0.199748474
78        2002      7       7  0.2996558810977407727 0.14413441 0.09217863 4.636490e-01  0.356378807
79        2003      7       7  0.2902129451631730306 0.14613730 0.10379340 4.409515e-01  0.329141833
80        2004      7       7  0.1649366434832686690 0.16947599 0.37514358 1.592609e-01 -0.008886906
81        2005      7       7  0.3116169402314927783 0.17688739 0.13842544 3.829808e-01  0.259576989
82        2006      7       7  0.2795109521616598314 0.17855915 0.17827086 3.288933e-01  0.194671939
83        2007      7       7 -0.0088134108004895954 0.17001950 0.96066530 5.371397e-04 -0.199355432
84        2008      7       7 -0.1057609024104855105 0.15911628 0.53568022 8.118557e-02 -0.102577314
85        2009      7       7  0.0050362305343092809 0.13969534 0.97263631 2.598750e-04 -0.199688150
86        1995      8       8 -0.2839176560510802139 0.15428517 0.11534402 3.607763e-01  0.254239052
87        1996      8       8 -0.3195909720997121006 0.15420428 0.08359581 4.172113e-01  0.320079813
88        1997      8       8 -0.2813995358735693064 0.15854347 0.12626403 3.442828e-01  0.234996605
89        1998      8       8 -0.3399457457688802031 0.14582900 0.05855045 4.752560e-01  0.387798715
90        1999      8       8 -0.3120366213879379735 0.14659671 0.07736548 4.302358e-01  0.335275116
91        2000      8       8  0.0161579152683292877 0.07331555 0.83287612 8.030187e-03 -0.157298116
92        2001      8       8  0.1794158122184037474 0.12790911 0.21027932 2.469423e-01  0.121432675
93        2002      8       8  0.2436277876026982925 0.11219580 0.07291579 4.400479e-01  0.346722607
94        2003      8       8  0.1785764408404346137 0.12656517 0.20794733 2.491332e-01  0.123988709
95        2004      8       8  0.2528608825813524197 0.13613823 0.11263155 3.650708e-01  0.259249288
96        2005      8       8  0.2801404803174270541 0.13309063 0.07993600 4.247662e-01  0.328893875
97        2006      8       8  0.1439523363702816805 0.15439677 0.38713433 1.265463e-01 -0.019029262
98        2007      8       8 -0.0264402263580406638 0.12713303 0.84212987 7.157194e-03 -0.158316607
99        2008      8       8 -0.0940096902760893249 0.11879218 0.45885525 9.451477e-02 -0.056399433
100       1995      9       9 -0.3011247848619790224 0.11992099 0.04033631 4.738921e-01  0.398733782
101       1996      9       9 -0.2685151713968315090 0.12303234 0.06540116 4.049240e-01  0.319913141
102       1997      9       9 -0.2511821360482207610 0.12404025 0.08251871 3.694060e-01  0.279321191
103       1998      9       9 -0.3187515996640846172 0.11361949 0.02631809 5.292675e-01  0.462020001
104       1999      9       9 -0.1921322998511103275 0.13299138 0.19177360 2.296815e-01  0.119636028
105       2000      9       9  0.1583475696295918445 0.09982185 0.15669149 2.644241e-01  0.159341832
106       2001      9       9  0.1586413511983047475 0.09980132 0.15595600 2.652259e-01  0.160258213
107       2002      9       9  0.1636356156566370901 0.09841572 0.14032449 2.831221e-01  0.180711003
108       2003      9       9  0.2461878726474975854 0.10552258 0.05237930 4.374371e-01  0.357070955
109       2004      9       9  0.2394309261801502997 0.10573690 0.05795387 4.228004e-01  0.340343266
110       2005      9       9  0.1715676820531824021 0.12065331 0.19801982 2.241234e-01  0.113283848
111       2006      9       9  0.0992977344900902864 0.12234254 0.44371895 8.601329e-02 -0.044556238
112       2007      9       9 -0.0329033918610333806 0.09854749 0.74824676 1.567582e-02 -0.124941919
113       1995     10      10 -0.2626929819664934329 0.09820340 0.02814375 4.721411e-01  0.406158713
114       1996     10      10 -0.2461344559900314199 0.09899280 0.03773409 4.359096e-01  0.365398260
115       1997     10      10 -0.2499803091844136627 0.09895232 0.03546080 4.437507e-01  0.374219577
116       1998     10      10 -0.2194271587201244433 0.10725443 0.07498905 3.434835e-01  0.261418958
117       1999     10      10 -0.0379243617156346524 0.13849864 0.79115635 9.285474e-03 -0.114553841
118       2000     10      10  0.1451808729019845312 0.07999231 0.10707899 2.916587e-01  0.203116009
119       2001     10      10  0.1086452898613804174 0.08468517 0.23543364 1.706333e-01  0.066962442
120       2002     10      10  0.2216705735321846393 0.08535973 0.03177058 4.574021e-01  0.389577337
121       2003     10      10  0.2364130010344506205 0.08436686 0.02311923 4.953425e-01  0.432260359
122       2004     10      10  0.1580003738070800134 0.09656626 0.14043812 2.507332e-01  0.157074870
123       2005     10      10  0.1300111267543183902 0.09919342 0.22633834 1.767760e-01  0.073873013
124       2006     10      10  0.0711482425607248975 0.09893952 0.49254187 6.071502e-02 -0.056695602
125       1995     11      11 -0.2450127506992091364 0.08082987 0.01421868 5.051755e-01  0.450194985
 [ reached 'max' / getOption("max.print") -- omitted 65 rows ]
[1] "Stability Time"
[1] 14
[1] "Absolute Range"
[1] -1.269131  1.410145
[1] "Relative Range"
[1] -1.248734  1.430542
[1] "Proportion Significant"
[1] 0.1421053
[1] "Proportion Significantly Wrong"
[1] 0.1421053
[1] "GX"
[1] "Multiple Breakups"
    start_year N_data N_years                   slope   slope_se    p_value     r_square  adj_r_square
1         1995      3       3 -0.65057270993506521872 0.75121669 0.54562896 4.285714e-01 -0.1428571796
2         1996      3       3  0.05421438842842649791 0.34430767 0.90057473 2.419354e-02 -0.9516129187
3         1997      3       3  0.75900148679256085327 0.75121669 0.49671841 5.051546e-01  0.0103092301
4         1998      3       3 -0.48792954464960736072 1.47113265 0.79612113 9.910277e-02 -0.8017944520
5         1999      3       3 -1.30114546866294555905 1.00162222 0.41765654 6.279070e-01  0.2558139798
6         2000      3       3  0.32528637936410165210 0.06260136 0.12103765 9.642858e-01  0.9285715112
7         2001      3       3 -0.21685755371411227777 0.25040559 0.54562902 4.285713e-01 -0.1428573633
8         2002      3       3  0.10842877685718385616 0.43820974 0.84557906 5.769229e-02 -0.8846154126
9         2003      3       3  0.24396477232473129382 0.35995800 0.62080211 3.147668e-01 -0.3704663362
10        2004      3       3 -0.43371515622100598186 0.03130069 0.04586455 9.948187e-01  0.9896373080
11        2005      3       3  0.60991193081231442896 0.63383907 0.51224571 4.807692e-01 -0.0384615385
12        2006      3       3  0.75900153558504634965 0.54776215 0.39797249 6.575343e-01  0.3150685395
13        2007      3       3 -0.42016154691584362002 0.13302798 0.19520429 9.088903e-01  0.8177805212
14        2008      3       3  0.00000000000002488597 0.37560836 1.00000000 4.373989e-27 -1.0000000000
15        2009      3       3  0.21685755371402243297 0.25040559 0.54562902 4.285713e-01 -0.1428573633
16        2010      3       3 -0.54214398187123957751 0.18780415 0.21229558 8.928572e-01  0.7857143546
17        2011      3       3  1.08428791494940357509 1.12682504 0.51224571 4.807692e-01 -0.0384615285
18        2012      3       3  0.65057275872783515425 1.37723061 0.71905559 1.824324e-01 -0.6351351189
19        2013      3       3 -0.54214398187092560644 0.68861527 0.57540874 3.826531e-01 -0.2346937848
20        1995      4       4 -0.48792954464945426096 0.34883076 0.29678916 4.945055e-01  0.2417582385
21        1996      4       4  0.59635832150645406990 0.34883076 0.22946816 5.937193e-01  0.3905789827
22        1997      4       4 -0.24938622580546351837 0.67217103 0.74623947 6.439441e-02 -0.4034083879
23        1998      4       4 -0.46624379903664509017 0.65802965 0.55205902 2.006511e-01 -0.1990233171
24        1999      4       4 -0.67225847506494484929 0.57661284 0.36389343 4.046316e-01  0.1069473545
25        2000      4       4  0.02168576512999081593 0.17750558 0.91393367 7.407412e-03 -0.4888888815
26        2001      4       4  0.06505728563138180043 0.19756666 0.77322128 5.142859e-02 -0.4228571164
27        2002      4       4  0.03795006702065450294 0.20015320 0.86711791 1.765765e-02 -0.4735135268
28        2003      4       4 -0.03795007677924544520 0.22892345 0.88357563 1.355463e-02 -0.4796680491
29        2004      4       4  0.20330397368440900063 0.36804946 0.63617517 1.323685e-01 -0.3014472357
30        2005      4       4  0.47979739858341796666 0.29324675 0.24344464 5.723760e-01  0.3585640149
31        2006      4       4  0.24125406022224518687 0.38647487 0.59618392 1.630674e-01 -0.2553988578
32        2007      4       4 -0.12198237640377267155 0.18214343 0.57201051 1.831750e-01 -0.2252374987
33        2008      4       4 -0.00000001951718184233 0.16797716 0.99999992 6.749999e-15 -0.5000000000
34        2009      4       4 -0.15180032663416348493 0.24050669 0.59244420 1.661017e-01 -0.2508474055
35        2010      4       4  0.49877242233515428627 0.60681386 0.49750030 2.525060e-01 -0.1212410728
36        2011      4       4  0.43371517573813617163 0.62851298 0.56147098 1.923077e-01 -0.2115384456
37        2012      4       4  0.41202939109096337056 0.63112635 0.58087103 1.756691e-01 -0.2364963651
38        1995      5       5  0.05421438842857040363 0.37220198 0.89342731 7.022471e-03 -0.3239700392
39        1996      5       5 -0.02168576512999503131 0.40974032 0.96111829 9.328365e-04 -0.3320895514
40        1997      5       5 -0.31444350167826207176 0.38989158 0.47896774 1.781780e-01 -0.0957626880
41        1998      5       5 -0.32528635984671527837 0.38853229 0.46391833 1.893939e-01 -0.0808080851
42        1999      5       5 -0.54214393307795372134 0.34127807 0.21036721 4.568713e-01  0.2758284503
43        2000      5       5  0.13011455174558941850 0.12009029 0.35790587 2.812500e-01  0.0416666895
44        2001      5       5  0.03252864281569149696 0.11560089 0.79670585 2.571429e-02 -0.2990476073
45        2002      5       5 -0.08132159728064079773 0.13452018 0.58815033 1.085907e-01 -0.1885456716
46        2003      5       5  0.25480765001043054196 0.21456392 0.32046500 3.197742e-01  0.0930322284
47        2004      5       5  0.25209693790795328905 0.21435264 0.32439244 3.155648e-01  0.0874197425
48        2005      5       5  0.22770046067545213209 0.22326854 0.38287543 2.574431e-01  0.0099241206
49        2006      5       5  0.21956830485084319338 0.22348236 0.39830777 2.434328e-01 -0.0087562890
50        2007      5       5 -0.08132159728063635684 0.10774898 0.50525275 1.595745e-01 -0.1205673509
51        2008      5       5 -0.17348608200556603354 0.13941992 0.30173325 3.404256e-01  0.1205674324
52        2009      5       5  0.41202939109097180825 0.35390555 0.32849901 3.112069e-01  0.0816091710
53        2010      5       5  0.26022909373253572118 0.37644211 0.53907687 1.374046e-01 -0.1501272321
54        2011      5       5  0.34697212497677037968 0.36631176 0.41341416 2.302158e-01 -0.0263789038
55        1995      6       6 -0.23234740686096902462 0.29452403 0.47430355 1.346392e-01 -0.0817010340
56        1996      6       6 -0.13321252237501518545 0.27585812 0.65440487 5.508715e-02 -0.1811410580
57        1997      6       6 -0.25713113007360804962 0.25737984 0.37431602 1.996908e-01 -0.0003864835
58        1998      6       6 -0.33148229134698542486 0.25437924 0.26248908 2.980088e-01  0.1225109498
59        1999      6       6 -0.30360060029309104968 0.26245697 0.31174720 2.506699e-01  0.0633373837
60        2000      6       6  0.08829201655889187816 0.08224208 0.34346815 2.236833e-01  0.0296041436
61        2001      6       6 -0.05111642476953667108 0.08977421 0.59954332 7.497417e-02 -0.1562822892
62        2002      6       6  0.14018292771241464001 0.15527409 0.41767839 1.692739e-01 -0.0384075664
63        2003      6       6  0.27494443121984968315 0.14094537 0.12285613 4.875273e-01  0.3594091597
64        2004      6       6  0.13708497102383979116 0.15524447 0.42709759 1.631336e-01 -0.0460829434
65        2005      6       6  0.21608309242359086122 0.14631738 0.21377889 3.528524e-01  0.1910654972
66        2006      6       6  0.15102580958032124636 0.15156105 0.37541982 1.988703e-01 -0.0014121090
67        2007      6       6 -0.18200547683993958947 0.09140420 0.11728759 4.977991e-01  0.3722488704
68        2008      6       6  0.23544536076140432090 0.25312482 0.40494330 1.778325e-01 -0.0277093832
69        2009      6       6  0.26642502244462912264 0.24646517 0.34052374 2.260852e-01  0.0326064693
70        2010      6       6  0.24783722376176209323 0.24654304 0.37165321 2.016807e-01  0.0021008193
71        1995      7       7 -0.26332706436196207100 0.20902659 0.26335124 2.409337e-01  0.0891204828
72        1996      7       7 -0.13553598849731010589 0.19506576 0.51812454 8.805348e-02 -0.0943358195
73        1997      7       7 -0.27881688614207106314 0.18242518 0.18695693 3.184275e-01  0.1821130300
74        1998      7       7 -0.20524020219107236285 0.19407925 0.33867264 1.827824e-01  0.0193388802
75        1999      7       7 -0.22653871367349820432 0.19084377 0.28853031 2.198542e-01  0.0638249961
76        2000      7       7  0.01161737243417986128 0.07308589 0.87992535 5.027935e-03 -0.1939664782
77        2001      7       7  0.10746067584743199119 0.11140887 0.37906477 1.568835e-01 -0.0117398331
78        2002      7       7  0.18394169419391179221 0.11266454 0.16347109 3.477306e-01  0.2172767142
79        2003      7       7  0.18297358272874414409 0.11292628 0.16609526 3.442922e-01  0.2131505953
80        2004      7       7  0.15102581724777225380 0.11006909 0.22839042 2.735366e-01  0.1282438762
81        2005      7       7  0.16554752407747722054 0.10749730 0.18418265 3.217256e-01  0.1860707587
82        2006      7       7  0.01742604819566580948 0.13204169 0.90015127 3.471326e-03 -0.1958344083
83        2007      7       7  0.12682295394382198106 0.18965503 0.53331246 8.209119e-02 -0.1014905762
84        2008      7       7  0.17038809185892792031 0.18288495 0.39427248 1.479217e-01 -0.0224939026
85        2009      7       7  0.25558213778843702491 0.17438959 0.20266030 3.004967e-01  0.1605960017
86        1995      8       8 -0.23621986201556197105 0.15658330 0.18213567 2.749982e-01  0.1541645181
87        1996      8       8 -0.17942383023417826649 0.14758488 0.26974500 1.976472e-01  0.0639217157
88        1997      8       8 -0.19233201795522977817 0.14484997 0.23252245 2.271086e-01  0.0982933559
89        1998      8       8 -0.16716104550958696406 0.14631922 0.29680149 1.786640e-01  0.0417746409
90        1999      8       8 -0.21621216349663341383 0.14237143 0.17965313 2.776561e-01  0.1572654841
91        2000      8       8  0.12101427353543905974 0.08340716 0.19700540 2.597226e-01  0.1363430732
92        2001      8       8  0.14876688352528755210 0.08639592 0.13586347 3.307313e-01  0.2191865523
93        2002      8       8  0.13263164248438058523 0.08904721 0.18694702 2.699371e-01  0.1482600033
94        2003      8       8  0.18361899385740249047 0.08417110 0.07191276 4.423236e-01  0.3493775911
95        2004      8       8  0.12617754746212356265 0.08328554 0.18054999 2.766922e-01  0.1561408535
96        2005      8       8  0.05840955089002076994 0.10122252 0.58489622 5.257818e-02 -0.1053254512
97        2006      8       8  0.21330782213066865061 0.14992000 0.20463959 2.522797e-01  0.1276596745
98        2007      8       8  0.10036116853477862476 0.14218370 0.50674546 7.667196e-02 -0.0772160412
99        2008      8       8  0.18329627725658348414 0.13651796 0.22794892 2.310371e-01  0.1028766697
100       1995      9       9 -0.25119336070139075545 0.12159660 0.07769785 3.787441e-01  0.2899932856
101       1996      9       9 -0.13011454686628623478 0.11781022 0.30591306 1.483969e-01  0.0267393711
102       1997      9       9 -0.16445032945719989526 0.11334919 0.19011758 2.311837e-01  0.1213527992
103       1998      9       9 -0.17077533900087715768 0.11335759 0.17565927 2.448433e-01  0.1369637266
104       1999      9       9 -0.08312873542942721128 0.13440799 0.55584067 5.181406e-02 -0.0836410726
105       2000      9       9  0.15134852014013619459 0.06693859 0.05824493 4.220678e-01  0.3395060064
106       2001      9       9  0.11475380429142720273 0.06974369 0.14389123 2.788876e-01  0.1758715634
107       2002      9       9  0.14321635943621349729 0.06924586 0.07741879 3.792992e-01  0.2906276514
108       2003      9       9  0.15722174270696803733 0.06695623 0.05122847 4.406132e-01  0.3607007640
109       2004      9       9  0.04834116423523634326 0.07862181 0.55809873 5.123970e-02 -0.0842974896
110       2005      9       9  0.20691826949917255241 0.11618611 0.11813580 3.118147e-01  0.2135025257
111       2006      9       9  0.17484142016605447312 0.11823208 0.18272655 2.380409e-01  0.1291896141
112       2007      9       9  0.12469310151770904294 0.11102734 0.29843864 1.526777e-01  0.0316316539
113       1995     10      10 -0.19780039604272534048 0.10178100 0.08788472 3.206968e-01  0.2357838438
114       1996     10      10 -0.11861452374769462792 0.09421429 0.24352820 1.653667e-01  0.0610374964
115       1997     10      10 -0.16790033614141519624 0.09044331 0.10048223 3.010828e-01  0.2137181752
116       1998     10      10 -0.07015013867241161327 0.10748200 0.53227247 5.055514e-02 -0.0681254640
117       1999     10      10 -0.02119289566834831398 0.11302617 0.85593359 4.375505e-03 -0.1200775572
118       2000     10      10  0.12305024865516718535 0.05584203 0.05866897 3.777029e-01  0.2999157834
119       2001     10      10  0.12666454328707477117 0.05605959 0.05376744 3.895540e-01  0.3132481949
120       2002     10      10  0.12896454202606463801 0.05584856 0.04975249 3.999547e-01  0.3249490192
121       2003     10      10  0.08789303002225694328 0.06674625 0.22436671 1.781405e-01  0.0754080918
122       2004     10      10  0.17167891339813851070 0.09489123 0.10801977 2.903567e-01  0.2016513130
123       2005     10      10  0.17660749564294761504 0.09432208 0.09804651 3.047006e-01  0.2177882050
124       2006     10      10  0.18120750140093730418 0.09438816 0.09114199 3.154013e-01  0.2298264125
125       1995     11      11 -0.17693606858116836533 0.08397235 0.06437472 3.303455e-01  0.2559394671
 [ reached 'max' / getOption("max.print") -- omitted 65 rows ]
[1] "Stability Time"
[1] 13
[1] "Absolute Range"
[1] -1.301145  1.084288
[1] "Relative Range"
[1] -1.326281  1.059152
[1] "Proportion Significant"
[1] 0.1052632
[1] "Proportion Significantly Wrong"
[1] 0.1052632
[1] "HC"
[1] "Multiple Breakups"
    start_year N_data N_years                   slope   slope_se    p_value     r_square adj_r_square
1         1991      3       3 -0.16759090947065885535 2.22544910 0.95214868 5.639098e-03 -0.988721805
2         1992      3       3 -1.42452273049460509391 1.49975918 0.51637545 4.742888e-01 -0.051422319
3         1993      3       3  0.16759090946990085058 0.58055194 0.82108762 7.692308e-02 -0.846153846
4         1994      3       3 -0.23276514273095935681 0.34940627 0.62588339 3.073770e-01 -0.385245949
5         1995      3       3  0.24828283194796668676 0.07167309 0.17891239 9.230769e-01  0.846153814
6         1996      3       3  0.09310605150605807956 0.01791827 0.12103772 9.642857e-01  0.928571429
7         1997      3       3 -0.49656566389607031953 0.32252886 0.36671657 7.032967e-01  0.406593417
8         1998      3       3 -0.77588384634566776032 0.16126443 0.13046145 9.585890e-01  0.917177915
9         1999      3       3  0.12414142993987783981 0.35836541 0.78770437 1.071429e-01 -0.785714251
10        2000      3       3  0.12414142993979782048 0.35836541 0.78770437 1.071429e-01 -0.785714251
11        2001      3       3  0.00000000000005165604 0.28669232 1.00000000 3.232158e-26 -1.000000000
12        2002      3       3  0.43449493496010443971 0.03583655 0.05238895 9.932432e-01  0.986486476
13        2003      3       3  0.12414140200802631364 0.14334614 0.54562895 4.285714e-01 -0.142857143
14        2004      3       3 -0.49656566389579387399 0.21501925 0.26014695 8.421053e-01  0.684210506
15        2005      3       3 -0.27931818244990891387 0.34044714 0.56258891 4.023179e-01 -0.195364279
16        2006      3       3  0.06207072893582277900 0.14334616 0.73985298 1.578948e-01 -0.684210347
17        2007      3       3  0.03103535050205807888 0.12542788 0.84557904 5.769231e-02 -0.884615385
18        2008      3       3 -0.12414142993986823638 0.21501923 0.66666663 2.500001e-01 -0.499999887
19        2009      3       3  0.99313132779190960164 0.86007696 0.45437105 5.714286e-01  0.142857143
20        2010      3       3  0.18621213094355598683 1.32595197 0.91117621 1.934098e-02 -0.961318049
21        2011      3       3 -1.30348486074363978382 0.46587502 0.21852512 8.867292e-01  0.773458446
22        2012      3       3  0.06207070100413719649 0.32252886 0.87896229 3.571428e-02 -0.928571442
23        2013      3       3  0.37242423395591617297 0.14334616 0.23390806 8.709677e-01  0.741935467
24        1991      4       4 -0.15083181852292801284 0.99529813 0.89345195 1.135249e-02 -0.482971268
25        1992      4       4 -0.98878636587252821677 0.71634087 0.30151831 4.878767e-01  0.231814996
26        1993      4       4  0.12848636951330241751 0.26061050 0.67081215 1.083646e-01 -0.337453043
27        1994      4       4 -0.06517423884739319273 0.18379114 0.75678215 5.915492e-02 -0.411267615
28        1995      4       4  0.18000504967072228357 0.05080707 0.07125672 8.625641e-01  0.793846120
29        1996      4       4 -0.25448990763462620013 0.20084454 0.33269345 4.452980e-01  0.167947046
30        1997      4       4 -0.55242930038569615370 0.14780129 0.06471110 8.747653e-01  0.812147988
31        1998      4       4 -0.29173231706430524657 0.28867885 0.41859997 3.380260e-01  0.007038988
32        1999      4       4  0.00000001117272732717 0.17556248 0.99999996 2.025000e-15 -0.500000000
33        2000      4       4  0.17379799074304844164 0.16280994 0.39753591 3.629630e-01  0.044444465
34        2001      4       4  0.16138382819679164548 0.15849315 0.41569347 3.414141e-01  0.012121178
35        2002      4       4  0.26069696097593625383 0.10161412 0.12423946 7.669565e-01  0.650434777
36        2003      4       4 -0.19862627673101640458 0.19706838 0.41961897 3.368421e-01  0.005263209
37        2004      4       4 -0.29173232265066889601 0.15242120 0.19572884 6.468521e-01  0.470278153
38        2005      4       4 -0.19241918428516069373 0.16030595 0.35290160 4.187363e-01  0.128104510
39        2006      4       4  0.09310606826510715861 0.06656342 0.29678912 4.945055e-01  0.241758318
40        2007      4       4 -0.10552020846590930148 0.09675865 0.38934194 3.729033e-01  0.059354893
41        2008      4       4  0.62070707149010795334 0.44065832 0.29430321 4.980080e-01  0.247011938
42        2009      4       4  0.21104041134545495351 0.59315699 0.75601995 5.952626e-02 -0.410710604
43        2010      4       4 -0.24828282636149767715 0.64386206 0.73693318 6.920415e-02 -0.396193776
44        2011      4       4 -0.64553536306443948245 0.43325176 0.27469314 5.260700e-01  0.289105066
45        2012      4       4  0.13655554779518735975 0.15051347 0.46003126 2.915662e-01 -0.062650638
46        1991      5       5 -0.28490454609888071769 0.57982580 0.65687261 7.448454e-02 -0.234020619
47        1992      5       5 -0.62939696739612183141 0.46271121 0.26694364 3.814746e-01  0.175299403
48        1993      5       5  0.11979646802092823454 0.15054717 0.48432987 1.742823e-01 -0.100956969
49        1994      5       5 -0.00620707010039809551 0.11143954 0.95908358 1.033058e-03 -0.331955923
50        1995      5       5 -0.08069192247797142559 0.15334522 0.63516409 8.450000e-02 -0.220666661
51        1996      5       5 -0.37242425071498308498 0.13447062 0.06959413 7.188499e-01  0.625133133
52        1997      5       5 -0.30414646285147595162 0.16682285 0.16579518 5.256129e-01  0.367483924
53        1998      5       5 -0.23586868057433194035 0.16976084 0.25887026 3.915401e-01  0.188720140
54        1999      5       5  0.07448485796390684477 0.11010628 0.54722199 1.323530e-01 -0.156862715
55        2000      5       5  0.22345454595991251501 0.09827318 0.10754665 6.328125e-01  0.510416660
56        2001      5       5  0.13655554779519177289 0.09262203 0.23683644 4.201389e-01  0.226851824
57        2002      5       5 -0.00000001117275086544 0.16154292 0.99999995 1.594495e-15 -0.333333333
58        2003      5       5 -0.16138384495588753431 0.11579140 0.25769503 3.930233e-01  0.190697699
59        2004      5       5 -0.22966161047393410244 0.09501753 0.09441861 6.607143e-01  0.547619003
60        2005      5       5 -0.08689898699198664311 0.11080389 0.49011317 1.701389e-01 -0.106481502
61        2006      5       5 -0.01862121030120504964 0.07508589 0.82014135 2.008928e-02 -0.306547626
62        2007      5       5  0.38483838532948583255 0.28856760 0.27454307 3.721921e-01  0.162922792
63        2008      5       5  0.22345454595989699964 0.34253434 0.56069829 1.242331e-01 -0.167689164
64        2009      5       5 -0.08689898699198282672 0.38323322 0.83518890 1.685007e-02 -0.310866577
65        2010      5       5 -0.16138383936946421038 0.37510433 0.69605752 5.811554e-02 -0.255845943
66        2011      5       5 -0.36001011051416942355 0.29957289 0.31567717 3.249614e-01  0.099948494
67        1991      6       6 -0.22930692426535437267 0.38093989 0.57966266 8.306183e-02 -0.146172714
68        1992      6       6 -0.41906594363081423049 0.32634987 0.26843774 2.918992e-01  0.114874029
69        1993      6       6  0.10906710087782217622 0.09875074 0.33135672 2.336946e-01  0.042118275
70        1994      6       6 -0.13921573027198905215 0.10592182 0.25903608 3.016091e-01  0.127011320
71        1995      6       6 -0.21458730615157214916 0.12670337 0.16558868 4.176183e-01  0.272022825
72        1996      6       6 -0.24650938095362431857 0.11416842 0.09697892 5.382144e-01  0.422767993
73        1997      6       6 -0.26069696656230528786 0.11205521 0.08056005 5.750388e-01  0.468798485
74        1998      6       6 -0.11527416379575707028 0.13114331 0.42903890 1.618877e-01 -0.047640360
75        1999      6       6  0.13832900677000331546 0.08095944 0.16270330 4.219140e-01  0.277392522
76        2000      6       6  0.18798556916932115946 0.06751539 0.04959815 6.596477e-01  0.574559676
77        2001      6       6 -0.01418759997364356026 0.10607141 0.90005577 4.452696e-03 -0.244434130
78        2002      6       6 -0.03014863577859260707 0.10717756 0.79243499 1.939815e-02 -0.225752311
79        2003      6       6 -0.15429004417105518510 0.07591383 0.11190201 5.080434e-01  0.385054257
80        2004      6       6 -0.14364934778201099430 0.07959473 0.14543088 4.488200e-01  0.311024946
81        2005      6       6 -0.11527417018017337147 0.07436512 0.19604880 3.752776e-01  0.219096950
82        2006      6       6  0.30680664293415305099 0.19420951 0.18930857 3.842059e-01  0.230257390
83        2007      6       6  0.16847763456805428528 0.22647666 0.49825629 1.215352e-01 -0.098081025
84        2008      6       6  0.00709379440044623916 0.25668693 0.97927631 1.909004e-04 -0.249761375
85        2009      6       6 -0.07093795038901910821 0.25105421 0.79153241 1.956947e-02 -0.225538161
86        2010      6       6 -0.09576623717502989741 0.24846855 0.71954129 3.580843e-02 -0.205239458
87        1991      7       7 -0.17158116722404498367 0.27141915 0.55505456 7.401065e-02 -0.111187215
88        1992      7       7 -0.29239736607524358103 0.24207525 0.28110418 2.258827e-01  0.071059207
89        1993      7       7 -0.01950793699537727369 0.10191353 0.85572966 7.274750e-03 -0.191270300
90        1994      7       7 -0.22500631607863888495 0.08979453 0.05410560 5.566978e-01  0.468037395
91        1995      7       7 -0.15961038997131762884 0.09504925 0.15394242 3.606010e-01  0.232721193
92        1996      7       7 -0.22833152921118679557 0.08140859 0.03778091 6.113993e-01  0.533679101
93        1997      7       7 -0.16404400748138575628 0.09691293 0.15129497 3.642895e-01  0.237147393
94        1998      7       7 -0.01995129675130131314 0.10783367 0.86048484 6.799864e-03 -0.191840163
95        1999      7       7  0.13300865897447800013 0.05732932 0.06804673 5.184332e-01  0.422119820
96        2000      7       7  0.06207070299914384248 0.08697135 0.50733770 9.245282e-02 -0.089056622
97        2001      7       7 -0.03325217122779301759 0.07580716 0.67922675 3.705535e-02 -0.155533580
98        2002      7       7 -0.05763708748423295586 0.07742988 0.49013132 9.976388e-02 -0.080283343
99        2003      7       7 -0.10862373872777909833 0.05980461 0.12902031 3.975166e-01  0.277019874
100       2004      7       7 -0.15074314497563920390 0.05643080 0.04427984 5.879959e-01  0.505595103
101       2005      7       7  0.15295995971600592767 0.16354898 0.39259083 1.488929e-01 -0.021328494
102       2006      7       7  0.16404401546187910577 0.16016364 0.35270143 1.734229e-01  0.008107428
103       2007      7       7  0.01995129874641920348 0.18165681 0.91681646 2.406703e-03 -0.197111956
104       2008      7       7 -0.00443362349539579755 0.18162705 0.98146936 1.191612e-04 -0.199857007
105       2009      7       7 -0.04433622098823126328 0.17818528 0.81339672 1.223092e-02 -0.185322896
106       1991      8       8 -0.12805777943784854567 0.20385851 0.55303614 6.170794e-02 -0.094674073
107       1992      8       8 -0.30318584732041736762 0.18053972 0.14409141 3.197395e-01  0.206362774
108       1993      8       8 -0.11283568001762565858 0.09313195 0.27122368 1.965609e-01  0.062654421
109       1994      8       8 -0.17993115684361418727 0.07181040 0.04617450 5.113307e-01  0.429885845
110       1995      8       8 -0.16478294772334059481 0.07090844 0.05913373 4.737043e-01  0.385988295
111       1996      8       8 -0.16034932489294556612 0.07226612 0.06830384 4.507203e-01  0.359173627
112       1997      8       8 -0.07906625673887532346 0.08732076 0.40011445 1.202184e-01 -0.026411863
113       1998      8       8  0.01108405574584541385 0.08234756 0.89732914 3.010477e-03 -0.163154444
114       1999      8       8  0.04729196532988717838 0.06538375 0.49671337 8.020049e-02 -0.073099426
115       2000      8       8  0.03029641358530674525 0.06737036 0.66871668 3.260595e-02 -0.128626395
116       2001      8       8 -0.05394240356570829259 0.05775223 0.38633492 1.269444e-01 -0.018564820
117       2002      8       8 -0.04359728473655496289 0.05827929 0.48269540 8.531236e-02 -0.067135575
118       2003      8       8 -0.12192460522376773191 0.04523236 0.03578885 5.477096e-01  0.472327849
119       2004      8       8  0.06576539489816259076 0.13188801 0.63577895 3.979222e-02 -0.120242404
120       2005      8       8  0.07611051239721980388 0.12972572 0.57879295 5.425738e-02 -0.103366386
121       2006      8       8  0.04950878073534199092 0.13647015 0.72920555 2.146420e-02 -0.141625105
122       2007      8       8  0.00812830608385949754 0.13557094 0.95413772 5.987637e-04 -0.165968109
123       2008      8       8  0.00147787117325587618 0.13541982 0.99164647 1.984946e-05 -0.166643509
124       1991      9       9 -0.16955648176148621631 0.15971544 0.32365815 1.386766e-01  0.015630396
125       1992      9       9 -0.32111245967317342265 0.14022794 0.05581311 4.282816e-01  0.346607492
 [ reached 'max' / getOption("max.print") -- omitted 151 rows ]
[1] "Stability Time"
[1] 13
[1] "Absolute Range"
[1] -1.4245227  0.9931313
[1] "Relative Range"
[1] -1.362934  1.054720
[1] "Proportion Significant"
[1] 0.1594203
[1] "Proportion Significantly Wrong"
[1] 0.8442029
[1] "HX"
[1] "Multiple Breakups"
    start_year N_data N_years                  slope   slope_se    p_value     r_square adj_r_square
1         1995      3       3  0.9055672399290524144 1.49379855 0.65305568 2.687386e-01 -0.462522856
2         1996      3       3  0.0485125405856428812 1.98861931 0.98447269 5.947663e-04 -0.998810467
3         1997      3       3 -1.3583508453388162263 1.17636636 0.45437106 5.714286e-01  0.142857129
4         1998      3       3 -0.4366127779533549025 0.64420063 0.62080211 3.147668e-01 -0.370466336
5         1999      3       3 -0.3234168693237933767 0.70955432 0.72773741 1.720183e-01 -0.655963319
6         2000      3       3  0.1293667360864482196 0.44813959 0.82108765 7.692306e-02 -0.846153889
7         2001      3       3 -0.1293667651940187957 0.29875973 0.73985305 1.578948e-01 -0.684210496
8         2002      3       3  0.2587335012806562529 0.07468994 0.17891239 9.230769e-01  0.846153814
9         2003      3       3  0.0404271123039165667 0.05134932 0.57540869 3.826532e-01 -0.234693630
10        2004      3       3 -0.1293667360865317639 0.04668121 0.22046304 8.847926e-01  0.769585180
11        2005      3       3  0.5821503706047803650 0.45747580 0.42401782 6.182223e-01  0.236444593
12        2006      3       3  0.1940501332372270848 0.68154558 0.82341389 7.498699e-02 -0.850026019
13        2007      3       3 -0.9459943522325428011 0.02334059 0.01570418 9.993916e-01  0.998783220
14        2008      3       3 -0.2587335012805512258 0.37344965 0.61427774 3.243243e-01 -0.351351371
15        2009      3       3  1.1643007412091430641 0.44813955 0.23390804 8.709677e-01  0.741935495
16        2010      3       3 -0.0000000000003289344 1.12034890 1.00000000 8.635944e-26 -1.000000000
17        2011      3       3 -0.5821503706043900106 0.78424423 0.59348027 3.552632e-01 -0.289473671
18        2012      3       3  0.0646833680431692370 0.41079459 0.90057472 2.419354e-02 -0.951612911
19        2013      3       3 -0.3234168693238281267 0.18672482 0.33333333 7.500000e-01  0.500000000
20        1995      4       4 -0.1261325764166066066 0.89503538 0.90084230 9.832250e-03 -0.485251625
21        1996      4       4 -0.1067275543606221316 0.89384256 0.91586861 7.078091e-03 -0.489382863
22        1997      4       4 -1.2128132643303903837 0.53275506 0.15056350 7.215424e-01  0.582313551
23        1998      4       4 -0.1455375868295837594 0.33352733 0.70516358 8.692852e-02 -0.369607226
24        1999      4       4 -0.2975435337495080379 0.31767375 0.44782327 3.048991e-01 -0.042651284
25        2000      4       4  0.1293667419080175851 0.20041412 0.58477264 1.724138e-01 -0.241379355
26        2001      4       4 -0.0000000116430074258 0.15306881 0.99999995 2.892857e-15 -0.500000000
27        2002      4       4  0.1536230209333742103 0.06927088 0.15684532 7.109098e-01  0.566364733
28        2003      4       4 -0.0436612719738224964 0.05370570 0.50162105 2.483816e-01 -0.127427640
29        2004      4       4  0.3137143728495703776 0.25666343 0.34610042 4.275847e-01  0.141376985
30        2005      4       4  0.1908159619243747496 0.30480217 0.59521570 1.638503e-01 -0.254224502
31        2006      4       4 -0.2538822443111742877 0.39972742 0.59031008 1.678458e-01 -0.248231250
32        2007      4       4 -0.5417232583004345514 0.23363931 0.14627166 7.288521e-01  0.593278122
33        2008      4       4  0.4657202906619761218 0.45037469 0.40975675 3.483871e-01  0.022580635
34        2009      4       4  0.3104802015366557311 0.53213624 0.61861496 1.454546e-01 -0.281818174
35        2010      4       4  0.0388100208259541113 0.50153604 0.94536417 2.985074e-03 -0.495522389
36        2011      4       4 -0.4657202964834797898 0.35710846 0.32208078 4.595745e-01  0.189361712
37        2012      4       4 -0.0258733530388064875 0.19100771 0.90465373 9.090912e-03 -0.486363632
38        1995      5       5 -0.1714109340468988052 0.51740972 0.76221997 3.529249e-02 -0.286276682
39        1996      5       5 -0.4269102640145384098 0.54817013 0.49288777 1.681723e-01 -0.109103551
40        1997      5       5 -0.7600296414555643976 0.40366693 0.15625981 5.416340e-01  0.388845291
41        1998      5       5 -0.1875817906114346789 0.19408606 0.40509290 2.374365e-01 -0.016751363
42        1999      5       5 -0.1552401065898294796 0.20097004 0.49612019 1.658986e-01 -0.112135165
43        2000      5       5  0.1293667419080175573 0.11570914 0.34501480 2.941176e-01  0.058823471
44        2001      5       5  0.0161708391000649765 0.08886611 0.86720858 1.091702e-02 -0.318777303
45        2002      5       5  0.0598321285383908857 0.06731812 0.43958411 2.084349e-01 -0.055420166
46        2003      5       5  0.2231576459460084538 0.15713756 0.25065186 4.020096e-01  0.202679518
47        2004      5       5  0.1423034329811833087 0.17819262 0.48290179 1.753147e-01 -0.099580398
48        2005      5       5 -0.1067275660036079848 0.24592445 0.69361578 5.907241e-02 -0.254570114
49        2006      5       5 -0.2150722176637255290 0.23186794 0.42205168 2.228732e-01 -0.036169075
50        2007      5       5  0.0355758553345983386 0.35956529 0.92742550 3.252513e-03 -0.328996649
51        2008      5       5  0.1293667477295266655 0.32453611 0.71684946 5.030181e-02 -0.266264253
52        2009      5       5  0.2328601482417406165 0.31048020 0.50771458 1.578947e-01 -0.122807015
53        2010      5       5 -0.0905567269035275346 0.29903966 0.78180681 2.966102e-02 -0.293785308
54        2011      5       5 -0.3492902223626102587 0.21685819 0.20563203 4.637405e-01  0.284987286
55        1995      6       6 -0.3816319038893538629 0.35981247 0.34864883 2.195060e-01  0.024382548
56        1996      6       6 -0.3280371049085546997 0.36337346 0.41770426 1.692569e-01 -0.038428919
57        1997      6       6 -0.6144920571209095961 0.27729915 0.09101733 5.510970e-01  0.438871202
58        1998      6       6 -0.1173541263939945345 0.13337167 0.42860063 1.621684e-01 -0.047289480
59        1999      6       6 -0.0739238641618543135 0.13969132 0.62467685 6.543076e-02 -0.168211546
60        2000      6       6  0.1039554199956283786 0.07715711 0.24913807 3.121563e-01  0.140195424
61        2001      6       6 -0.0115506035153957291 0.06033795 0.85751181 9.078365e-03 -0.238652044
62        2002      6       6  0.2208475269062322999 0.10287933 0.09834891 5.353254e-01  0.419156717
63        2003      6       6  0.1265946108696277550 0.11700648 0.34014423 2.263962e-01  0.032995284
64        2004      6       6 -0.0563669358407701757 0.16359982 0.74779147 2.882187e-02 -0.213972664
65        2005      6       6 -0.1210503122005031212 0.16120757 0.49447535 1.235463e-01 -0.095567068
66        2006      6       6  0.1039554233222066970 0.23867842 0.68563862 4.527777e-02 -0.193402786
67        2007      6       6 -0.0817782652379230590 0.24494788 0.75525441 2.711016e-02 -0.216112298
68        2008      6       6  0.1256705536066477225 0.21246947 0.58601029 8.042671e-02 -0.149466608
69        2009      6       6  0.0850124348875562486 0.22045345 0.71940481 3.584416e-02 -0.205194805
70        2010      6       6 -0.1145819795543594061 0.19625821 0.59067061 7.852377e-02 -0.151845290
71        1995      7       7 -0.3187966245910298646 0.25699922 0.26983798 2.353261e-01  0.082391311
72        1996      7       7 -0.3268820507942581943 0.25694471 0.25925960 2.445376e-01  0.093445122
73        1997      7       7 -0.4550937423304357576 0.21660260 0.08963329 4.689003e-01  0.362680331
74        1998      7       7 -0.0658384396219792445 0.09888692 0.53502185 8.143674e-02 -0.102275907
75        1999      7       7 -0.0421597040787139929 0.10046468 0.69216459 3.402243e-02 -0.159173086
76        2000      7       7  0.0612181928101423467 0.05987849 0.35349703 1.729041e-01  0.007484905
77        2001      7       7  0.1270566282738549435 0.09068805 0.22011428 2.819067e-01  0.138288049
78        2002      7       7  0.1490027803588503119 0.08374147 0.13531357 3.877033e-01  0.265243964
79        2003      7       7 -0.0184809602189556811 0.11773232 0.88140681 4.904025e-03 -0.194115171
80        2004      7       7 -0.0796991530290873523 0.11646422 0.52419394 8.563873e-02 -0.097233526
81        2005      7       7  0.0947149421731560692 0.16885543 0.59905528 5.920161e-02 -0.128958071
82        2006      7       7 -0.0011550591040598726 0.17935003 0.99511052 8.295297e-06 -0.199990046
83        2007      7       7 -0.0317641575882798496 0.17559480 0.86355419 6.502021e-03 -0.192197575
84        2008      7       7  0.0415821672497533323 0.15788791 0.80277801 1.368243e-02 -0.183581083
85        2009      7       7  0.0231012049517371025 0.15992976 0.89079005 4.155585e-03 -0.195013298
86        1995      8       8 -0.3199516892394675960 0.19155707 0.14590336 3.173903e-01  0.203622017
87        1996      8       8 -0.2668189184742872921 0.19462946 0.21947124 2.385194e-01  0.111605946
88        1997      8       8 -0.3399727379663381455 0.17459221 0.09943889 3.872386e-01  0.285111681
89        1998      8       8 -0.0429297427883716734 0.07488327 0.58727656 5.193201e-02 -0.106079318
90        1999      8       8 -0.0429297420953537942 0.07488327 0.58727657 5.193201e-02 -0.106079320
91        2000      8       8  0.1528529739072430338 0.06921622 0.06930149 4.483655e-01  0.356426433
92        2001      8       8  0.0920198028775645049 0.07055679 0.23996133 2.208727e-01  0.091018187
93        2002      8       8  0.0311866318479258053 0.09231895 0.74700922 1.866472e-02 -0.144891166
94        2003      8       8 -0.0450473459480594807 0.08908287 0.63111761 4.087647e-02 -0.118977455
95        2004      8       8  0.0789291205567368426 0.12618697 0.55467698 6.121534e-02 -0.095248772
96        2005      8       8  0.0150157849858483204 0.13400524 0.91443557 2.088302e-03 -0.164230314
97        2006      8       8  0.0198285343714909509 0.13422746 0.88740030 3.623853e-03 -0.162438838
98        2007      8       8 -0.0621807444891702352 0.13205352 0.65436133 3.563700e-02 -0.125090162
99        2008      8       8  0.0030801589969398331 0.11976373 0.98031581 1.102292e-04 -0.166538066
100       1995      9       9 -0.2732872556944020426 0.15080558 0.11285351 3.193314e-01  0.222093021
101       1996      9       9 -0.2123770797542071931 0.15400113 0.21032602 2.136432e-01  0.101306519
102       1997      9       9 -0.2668189208305776217 0.14168024 0.10167954 3.362803e-01  0.241463148
103       1998      9       9 -0.0433917654597512359 0.05800495 0.47879156 7.402616e-02 -0.058255814
104       1999      9       9  0.0512076697634555739 0.07948870 0.53996424 5.596899e-02 -0.078892586
105       2000      9       9  0.1196642444635340613 0.05693588 0.07368199 3.868952e-01  0.299308802
106       2001      9       9  0.0091634795650879473 0.07263158 0.90314952 2.268743e-03 -0.140264293
107       2002      9       9  0.0000000048512531014 0.07374195 0.99999995 6.182734e-16 -0.142857143
108       2003      9       9  0.0749249115044041403 0.09777134 0.46853103 7.740062e-02 -0.054399288
109       2004      9       9  0.0183269591301759016 0.10381762 0.86487613 4.432120e-03 -0.137791863
110       2005      9       9  0.0285684909483156467 0.10409452 0.79166364 1.064566e-02 -0.130690671
111       2006      9       9 -0.0148232735411849351 0.10587944 0.89260206 2.792239e-03 -0.139666012
112       2007      9       9 -0.0722297687436418978 0.10245262 0.50358214 6.629745e-02 -0.067088632
113       1995     10      10 -0.2275678717925170014 0.12316307 0.10183611 2.991051e-01  0.211493232
114       1996     10      10 -0.1757231672271352130 0.12465977 0.19632027 1.989614e-01  0.098831593
115       1997     10      10 -0.2264898160994887333 0.11539522 0.08529711 3.250263e-01  0.240654612
116       1998     10      10  0.0337137575818833579 0.06420940 0.61377786 3.331295e-02 -0.087522933
117       1999     10      10  0.0425342191538246317 0.06360747 0.52251129 5.293587e-02 -0.065447144
118       2000     10      10  0.0468464451013195227 0.06189002 0.47079400 6.683164e-02 -0.049814406
119       2001     10      10 -0.0123486421080304127 0.05925619 0.84012911 5.399205e-03 -0.118925895
120       2002     10      10  0.0899686971670377589 0.07847667 0.28474476 1.411076e-01  0.033746074
121       2003     10      10  0.0260693628921795303 0.08293836 0.76131711 1.219914e-02 -0.111275962
122       2004     10      10  0.0288135050732264142 0.08303882 0.73755113 1.482697e-02 -0.108319660
123       2005     10      10 -0.0013720712669338029 0.08481885 0.98748975 3.270878e-05 -0.124963203
124       2006     10      10 -0.0316556517399306028 0.08501982 0.71931535 1.703377e-02 -0.105837008
125       1995     11      11 -0.1944911460135788639 0.10235942 0.08987651 2.862981e-01  0.206997845
 [ reached 'max' / getOption("max.print") -- omitted 65 rows ]
[1] "Stability Time"
[1] 11
[1] "Absolute Range"
[1] -1.358351  1.164301
[1] "Relative Range"
[1] -1.302740  1.219912
[1] "Proportion Significant"
[1] 0.005263158
[1] "Proportion Significantly Wrong"
[1] 0.005263158
[1] "TC"
[1] "Multiple Breakups"
    start_year N_data N_years                  slope   slope_se    p_value     r_square adj_r_square
1         1991      3       3 -0.1184537292024188948 0.29635360 0.75792456 1.377551e-01 -0.724489796
2         1992      3       3  0.0493557205010864836 0.39323843 0.92051291 1.550868e-02 -0.968982630
3         1993      3       3 -0.5834943044745452001 0.75861456 0.58260039 3.717029e-01 -0.256594204
4         1994      3       3  0.3235541699223455914 1.28229924 0.84265036 5.985625e-02 -0.880287503
5         1995      3       3  0.4825892780881989585 1.19048028 0.75481851 1.411353e-01 -0.717729385
6         1996      3       3 -0.5703327724268656418 0.58257545 0.50675998 4.893822e-01 -0.021235515
7         1997      3       3  0.6580762667655615239 0.12664684 0.12103772 9.642857e-01  0.928571429
8         1998      3       3 -1.0090502836037267276 1.08916280 0.52429517 4.618743e-01 -0.076251452
9         1999      3       3 -1.4477677947804423741 0.83586913 0.33333333 7.500000e-01  0.500000000
10        2000      3       3  0.3071022499270484318 0.17730557 0.33333333 7.500000e-01  0.500000000
11        2001      3       3  1.0090502836038945933 0.22796432 0.14145032 9.514388e-01  0.902877688
12        2002      3       3  0.4387175309191408412 0.55724609 0.57540876 3.826531e-01 -0.234693847
13        2003      3       3 -0.3948457640076116215 0.07598810 0.12103771 9.642857e-01  0.928571442
14        2004      3       3 -0.5264610252575949723 0.15197620 0.17891237 9.230769e-01  0.846153857
15        2005      3       3  0.0000000000001339289 0.45592862 1.00000000 8.631403e-26 -1.000000000
16        2006      3       3  0.3071022696691735887 0.27862304 0.46907053 5.485075e-01  0.097014972
17        2007      3       3 -0.2632305027577669376 0.05065874 0.12103774 9.642857e-01  0.928571408
18        2008      3       3 -0.5264610252575915306 0.10131747 0.12103772 9.642857e-01  0.928571429
19        2009      3       3  0.6580762667655358777 0.78521040 0.55593327 4.125917e-01 -0.174816637
20        2010      3       3  0.1754870084189518731 1.06383343 0.89592223 2.649007e-02 -0.947019866
21        2011      3       3 -0.6580762667652894082 0.58257545 0.46130573 5.606312e-01  0.121262451
22        2012      3       3 -0.3071022696693957998 0.37994052 0.56724138 3.951613e-01 -0.209677411
23        2013      3       3 -0.4387175309191113648 0.30395241 0.38572226 6.756757e-01  0.351351371
24        1991      4       4  0.0848918392616277578 0.17705432 0.67891667 1.030945e-01 -0.345358238
25        1992      4       4 -0.4665760830668904680 0.34591305 0.30982053 4.763477e-01  0.214521560
26        1993      4       4  0.2235265737411243347 0.57636225 0.73553188 6.994339e-02 -0.395084920
27        1994      4       4 -0.0252262536351880347 0.60778905 0.97066420 8.605891e-04 -0.498709116
28        1995      4       4  0.2632305146029910725 0.54725504 0.67799590 1.036866e-01 -0.344470042
29        1996      4       4 -0.0350974056322927580 0.40419195 0.93871485 3.755870e-03 -0.494366196
30        1997      4       4 -0.3860714145737270120 0.60549375 0.58898245 1.689354e-01 -0.246596855
31        1998      4       4 -0.8949837291181900190 0.49152027 0.21022724 6.237410e-01  0.435611513
32        1999      4       4 -0.6843993269120953737 0.57790937 0.35797576 4.121951e-01  0.118292692
33        2000      4       4  0.6668506201474913020 0.22232202 0.09549444 8.181303e-01  0.727195459
34        2001      4       4  0.5878814752428925816 0.26366886 0.15554417 7.131056e-01  0.569658467
35        2002      4       4  0.1316152612499532082 0.30584622 0.70888873 8.474577e-02 -0.372881347
36        2003      4       4 -0.5001379690590762594 0.06964425 0.01884422 9.626667e-01  0.944000002
37        2004      4       4 -0.1579383095514862168 0.22335849 0.55278640 2.000000e-01 -0.199999990
38        2005      4       4  0.0263230561984482726 0.20446307 0.90934030 8.219181e-03 -0.487671228
39        2006      4       4  0.0614204578822832650 0.18880151 0.77582056 5.025642e-02 -0.424615371
40        2007      4       4 -0.4036201134414157399 0.08416062 0.04083370 9.200000e-01  0.879999989
41        2008      4       4  0.2193587516399388149 0.43297663 0.66274675 1.137398e-01 -0.329390364
42        2009      4       4  0.0965178516692029309 0.47794040 0.85863705 1.998348e-02 -0.470024774
43        2010      4       4  0.0438717550661370387 0.48179094 0.93574411 4.128820e-03 -0.493806770
44        2011      4       4 -0.6493019252282603571 0.26058491 0.13031408 7.563536e-01  0.634530390
45        2012      4       4 -0.2544561691176044360 0.17261179 0.27837472 5.207430e-01  0.281114567
46        1991      5       5 -0.2709080693704982723 0.22944993 0.32281234 3.172534e-01  0.089671228
47        1992      5       5  0.0324650952743023719 0.35056998 0.93205381 2.850512e-03 -0.329532650
48        1993      5       5  0.0243488234299549765 0.35207254 0.94921515 1.591764e-03 -0.331210982
49        1994      5       5 -0.0021935853842277608 0.35115905 0.99540806 1.300692e-05 -0.333315991
50        1995      5       5  0.3421996634560434125 0.31923043 0.36230722 2.769483e-01  0.035931050
51        1996      5       5 -0.5001379690590826987 0.35573110 0.25441423 3.971883e-01  0.196251024
52        1997      5       5 -0.5176866679267800864 0.35774537 0.24367740 4.110770e-01  0.214769331
53        1998      5       5 -0.5703327724266880061 0.34009333 0.19213775 4.838525e-01  0.311803337
54        1999      5       5 -0.1140665544853380620 0.46877810 0.82344121 1.935410e-02 -0.307527867
55        2000      5       5  0.5001379690591455374 0.16043710 0.05257995 7.641110e-01  0.685481344
56        2001      5       5  0.3334253140222055989 0.21155709 0.21310088 4.529486e-01  0.270598080
57        2002      5       5 -0.1140665505369508198 0.22649611 0.64918698 7.795202e-02 -0.229397302
58        2003      5       5 -0.2632305106545360651 0.14256632 0.16200774 5.319149e-01  0.375886529
59        2004      5       5 -0.0877435022353581923 0.13517437 0.56252904 1.231527e-01 -0.169129727
60        2005      5       5 -0.0438717471692269406 0.12480980 0.74844585 3.955695e-02 -0.280590728
61        2006      5       5 -0.1403896027868890561 0.15955491 0.44370715 2.051282e-01 -0.059829070
62        2007      5       5  0.0526461005515495850 0.26786929 0.85675091 1.271186e-02 -0.316384182
63        2008      5       5 -0.0087743533823003515 0.28255588 0.97717729 3.213370e-04 -0.332904884
64        2009      5       5  0.0350974016838357106 0.27820825 0.90758913 5.277045e-03 -0.326297273
65        2010      5       5 -0.1842613578529638529 0.30777006 0.59156449 1.067280e-01 -0.191029363
66        2011      5       5 -0.5001379730075382612 0.17335357 0.06326652 7.350679e-01  0.646757174
67        1991      6       6  0.0296447683885309107 0.22950770 0.90346018 4.153689e-03 -0.244807889
68        1992      6       6 -0.0552157325288686329 0.23501867 0.82579093 1.361159e-02 -0.232985510
69        1993      6       6  0.0266364215905940220 0.23048936 0.91356683 3.327686e-03 -0.245840392
70        1994      6       6  0.1300484066500574853 0.24223461 0.61982790 6.721400e-02 -0.165982505
71        1995      6       6 -0.0977713301598176349 0.32893725 0.78108468 2.160972e-02 -0.222987854
72        1996      6       6 -0.5615584201726271374 0.23556506 0.07566947 5.868996e-01  0.483624458
73        1997      6       6 -0.3935922877732985214 0.24491317 0.18331658 3.923438e-01  0.240429773
74        1998      6       6 -0.1955426648320293115 0.31047158 0.56299432 9.022244e-02 -0.137221946
75        1999      6       6 -0.0100278267961936528 0.31271047 0.97595456 2.570142e-04 -0.249678732
76        2000      6       6  0.3434531413826181212 0.13861758 0.06837934 6.054842e-01  0.506855208
77        2001      6       6  0.1002782905252237317 0.19313336 0.63101412 6.314128e-02 -0.171073400
78        2002      6       6 -0.0551530569685910119 0.15212776 0.73528926 3.181420e-02 -0.210232256
79        2003      6       6 -0.1830078765421532805 0.10419215 0.15385379 4.354351e-01  0.294293877
80        2004      6       6 -0.1052922022311785777 0.08907051 0.30262930 2.589041e-01  0.073630126
81        2005      6       6 -0.1579383033467915698 0.10494344 0.20677854 3.615303e-01  0.201912845
82        2006      6       6  0.1103061184496396951 0.17849348 0.57003489 8.715486e-02 -0.141056422
83        2007      6       6 -0.0626739312962431155 0.18757558 0.75506788 2.715227e-02 -0.216059662
84        2008      6       6 -0.0225626162142720972 0.18514746 0.90888446 3.698912e-03 -0.245376360
85        2009      6       6 -0.1253478637206398849 0.20433368 0.57274838 8.598945e-02 -0.142513182
86        2010      6       6 -0.2105844112311547334 0.20205515 0.35615834 2.135593e-01  0.016949159
87        1991      7       7 -0.0354107707424034940 0.16657621 0.84004945 8.957097e-03 -0.189251484
88        1992      7       7 -0.0336088949186885283 0.16665085 0.84812097 8.068726e-03 -0.190317529
89        1993      7       7  0.1186104138725491142 0.17141299 0.51977604 8.739214e-02 -0.095129427
90        1994      7       7 -0.1468920243603193676 0.23431632 0.55823532 7.287206e-02 -0.112553531
91        1995      7       7 -0.2444283282196189622 0.24752632 0.36875087 1.631974e-01 -0.004163093
92        1996      7       7 -0.4575196969960167448 0.17706911 0.04920210 5.717811e-01  0.486137346
93        1997      7       7 -0.1566848282406276827 0.22067988 0.50943017 9.158851e-02 -0.090093785
94        1998      7       7 -0.0971445914785452752 0.22676793 0.68619586 3.540377e-02 -0.157515474
95        1999      7       7  0.0000000014100981073 0.22119547 1.00000000 8.127860e-18 -0.200000000
96        2000      7       7  0.1660859169197262397 0.14175258 0.29412103 2.154141e-01  0.058496933
97        2001      7       7  0.0908772004359876401 0.13667372 0.53553655 8.124034e-02 -0.102511591
98        2002      7       7 -0.0470054448057444993 0.10767338 0.68064141 3.671670e-02 -0.155939955
99        2003      7       7 -0.1723533079623046360 0.07393133 0.06710577 5.208333e-01  0.424999990
100       2004      7       7 -0.1754870055988312916 0.07489469 0.06612342 5.233645e-01  0.428037375
101       2005      7       7  0.0344706627205746824 0.13359254 0.80666892 1.314075e-02 -0.184231103
102       2006      7       7  0.0094010900892950201 0.13901044 0.94870233 9.138912e-04 -0.198903331
103       2007      7       7 -0.0595402339417405654 0.13264830 0.67231913 3.873391e-02 -0.153519313
104       2008      7       7 -0.1284815607930678838 0.14449705 0.41464110 1.365335e-01 -0.036159838
105       2009      7       7 -0.1598185272872663376 0.14584993 0.32312933 1.936421e-01  0.032370467
106       1991      8       8 -0.0230065552203615464 0.12436495 0.85932987 5.671343e-03 -0.160050100
107       1992      8       8  0.0513142805249054632 0.13354083 0.71403598 2.401811e-02 -0.138645535
108       1993      8       8 -0.0942459229627045508 0.17727428 0.61407430 4.498747e-02 -0.114181291
109       1994      8       8 -0.2500428685846208254 0.18452370 0.22418692 2.343247e-01  0.106712120
110       1995      8       8 -0.2339826750719774251 0.18459377 0.25192680 2.112211e-01  0.079757976
111       1996      8       8 -0.2590522486433287086 0.17478092 0.18881324 2.680053e-01  0.146006185
112       1997      8       8 -0.0887880682082146933 0.16909168 0.61835076 4.393406e-02 -0.115410264
113       1998      8       8 -0.0699858884997048986 0.16974859 0.69445165 2.755019e-02 -0.134524782
114       1999      8       8 -0.0616293642893111088 0.16866526 0.72735230 2.176781e-02 -0.141270884
115       2000      8       8  0.1441500409848396336 0.10641247 0.22431833 2.342090e-01  0.106577135
116       2001      8       8  0.0647630638060396335 0.10298025 0.55259626 6.184042e-02 -0.094519516
117       2002      8       8 -0.0689413207405962652 0.08124813 0.42869153 1.071428e-01 -0.041666679
118       2003      8       8 -0.2120467981968988114 0.05968057 0.01202796 6.778353e-01  0.624141233
119       2004      8       8 -0.0219358759348932501 0.10476424 0.84107730 7.253886e-03 -0.158203800
120       2005      8       8 -0.0271587025087863185 0.10574044 0.80588044 1.087516e-02 -0.153978980
121       2006      8       8 -0.0041782611651091928 0.10390846 0.96922955 2.694146e-04 -0.166352350
122       2007      8       8 -0.1337043868969289562 0.10774395 0.26094304 2.042383e-01  0.071611405
123       2008      8       8 -0.1545956997733001770 0.10875193 0.20499033 2.519439e-01  0.127267858
124       1991      9       9  0.0428115171948525719 0.10355670 0.69167622 2.383365e-02 -0.115618682
125       1992      9       9 -0.1055115622737756303 0.13747002 0.46786402 7.762368e-02 -0.054144367
 [ reached 'max' / getOption("max.print") -- omitted 151 rows ]
[1] "Stability Time"
[1] 11
[1] "Absolute Range"
[1] -1.447768  1.009050
[1] "Relative Range"
[1] -1.363931  1.092888
[1] "Proportion Significant"
[1] 0.1268116
[1] "Proportion Significantly Wrong"
[1] 0.8731884
[1] "TX"
[1] "Multiple Breakups"
    start_year N_data N_years        slope   slope_se     p_value     r_square adj_r_square
1         1995      3       3 -1.009440379 0.04856672 0.030605779 0.9976905317  0.995381063
2         1996      3       3 -0.168240063 0.43710051 0.766091953 0.1290322553 -0.741935489
3         1997      3       3  0.168240063 0.24283362 0.614277741 0.3243243145 -0.351351371
4         1998      3       3 -0.967380349 0.41281713 0.256774923 0.8459488321  0.691897664
5         1999      3       3 -0.715020245 0.55851731 0.422157124 0.6210601633  0.242120327
6         2000      3       3  0.126180052 0.07285009 0.333333333 0.7500000000  0.500000000
7         2001      3       3  0.630900223 0.36425041 0.333333333 0.7500000000  0.500000000
8         2002      3       3  0.462660160 0.46138386 0.499120694 0.5013812090  0.002762418
9         2003      3       3 -0.546780201 0.12141680 0.139109218 0.9530075200  0.906015040
10        2004      3       3 -0.252360085 0.29140034 0.545628960 0.4285714102 -0.142857180
11        2005      3       3  0.899032827 0.37335667 0.250583088 0.8529051502  0.705810300
12        2006      3       3  0.883260308 0.38246294 0.260146942 0.8421052594  0.684210519
13        2007      3       3 -0.941092838 0.67082784 0.394243916 0.6630818731  0.326163746
14        2008      3       3 -1.219740435 0.50995058 0.252098768 0.8512145768  0.702429154
15        2009      3       3  0.757080275 0.63136739 0.442515888 0.5898058234  0.179611647
16        2010      3       3  0.252360085 0.92276773 0.830051735 0.0695876248 -0.860824750
17        2011      3       3 -0.757080275 0.33996707 0.268694166 0.8321917728  0.664383546
18        2012      3       3 -0.294420096 0.07285009 0.154420971 0.9423076830  0.884615366
19        2013      3       3 -0.168240063 0.14570016 0.454371040 0.5714285898  0.142857180
20        1995      4       4 -0.521544194 0.28252311 0.206171346 0.6301639312  0.445245897
21        1996      4       4 -0.117768046 0.19763733 0.611709861 0.1507692320 -0.273846152
22        1997      4       4 -0.429012151 0.36152045 0.357205272 0.4131850625  0.119777594
23        1998      4       4 -0.672960238 0.25095417 0.115468437 0.7823960860  0.673594129
24        1999      4       4 -0.403776137 0.30769999 0.319815765 0.4626505932  0.193975890
25        2000      4       4  0.454248165 0.19219172 0.141883666 0.7363636431  0.604545465
26        2001      4       4  0.403776140 0.20911908 0.193248828 0.6508474533  0.476271180
27        2002      4       4  0.016824001 0.32989641 0.963962513 0.0012987005 -0.498051949
28        2003      4       4 -0.328068117 0.13745326 0.139682631 0.7401459762  0.610218964
29        2004      4       4  0.337531624 0.36465542 0.452361140 0.2999083210 -0.050137519
30        2005      4       4  0.760234771 0.18520441 0.054538391 0.8938976534  0.840846480
31        2006      4       4 -0.078862531 0.58121915 0.904495009 0.0091212033 -0.486318195
32        2007      4       4 -0.875899815 0.30235527 0.101363678 0.8075472390  0.711320858
33        2008      4       4 -0.210300071 0.62583267 0.768825522 0.0534416393 -0.419837541
34        2009      4       4  0.235536081 0.41278857 0.625834270 0.1399999937 -0.290000009
35        2010      4       4 -0.033648013 0.44448502 0.946547751 0.0028571429 -0.495714286
36        2011      4       4 -0.597252214 0.17784972 0.078388288 0.8493681471  0.774052221
37        2012      4       4 -0.193476066 0.06676820 0.101315633 0.8076335921  0.711450388
38        1995      5       5 -0.370128139 0.18506407 0.139325968 0.5714285716  0.428571429
39        1996      5       5 -0.420600152 0.20878042 0.137376691 0.5749770012  0.433302668
40        1997      5       5 -0.412188143 0.20894982 0.143074918 0.5646754388  0.419567252
41        1998      5       5 -0.479484168 0.18294898 0.078942808 0.6960154200  0.594687227
42        1999      5       5 -0.008411998 0.28924735 0.978625416 0.0002818486 -0.332957535
43        2000      5       5  0.361716129 0.12315280 0.060650313 0.7419743193  0.655965759
44        2001      5       5  0.126180041 0.20065757 0.574079576 0.1164596201 -0.178053840
45        2002      5       5 -0.025236010 0.19200754 0.903752342 0.0057251915 -0.325699745
46        2003      5       5  0.090429033 0.25431822 0.745691562 0.0404400513 -0.279413265
47        2004      5       5  0.432166654 0.21750813 0.141108193 0.5682065886  0.424275451
48        2005      5       5  0.159828057 0.36276204 0.689327241 0.0607731321 -0.252302491
49        2006      5       5 -0.322810618 0.36392599 0.440401946 0.2077763218 -0.056298238
50        2007      5       5 -0.317553112 0.36659230 0.450088787 0.2000754614 -0.066566051
51        2008      5       5 -0.235536085 0.36161830 0.561272280 0.1238938053 -0.168141593
52        2009      5       5  0.050472017 0.26117881 0.859108982 0.0122950813 -0.316939892
53        2010      5       5 -0.168240059 0.26813054 0.574870115 0.1160092784 -0.178654295
54        2011      5       5 -0.429012155 0.14134502 0.056079180 0.7543503436  0.672467125
55        1995      6       6 -0.514333903 0.14700267 0.024923091 0.7537195529  0.692149441
56        1996      6       6 -0.410986432 0.13679153 0.039766249 0.6929420564  0.616177571
57        1997      6       6 -0.348497263 0.14164610 0.069666121 0.6021192220  0.502649028
58        1998      6       6 -0.175450346 0.21250086 0.455402224 0.1456077204 -0.067990350
59        1999      6       6  0.057682308 0.19316357 0.780101396 0.0218071700 -0.222741038
60        2000      6       6  0.175450347 0.13440594 0.261785918 0.2987386667  0.123423333
61        2001      6       6  0.064892593 0.13604345 0.658253998 0.0538205954 -0.182724256
62        2002      6       6  0.187167066 0.17560881 0.346564783 0.2211790190  0.026473774
63        2003      6       6  0.228626224 0.18462175 0.283296463 0.2771313869  0.096414234
64        2004      6       6  0.097038464 0.24023445 0.706925996 0.0391916914 -0.201010386
65        2005      6       6 -0.082617887 0.27566603 0.779332262 0.0219622731 -0.222547159
66        2006      6       6 -0.082017029 0.27584070 0.781013123 0.0216240552 -0.222969931
67        2007      6       6 -0.304935110 0.24010154 0.272927345 0.2873641776  0.109205222
68        2008      6       6 -0.233132654 0.23673882 0.380490637 0.1951332470 -0.006083441
69        2009      6       6 -0.069699453 0.18452224 0.724820226 0.0344413346 -0.206948332
70        2010      6       6 -0.170643490 0.17553812 0.386039595 0.1911038080 -0.011120240
71        1995      7       7 -0.483690175 0.10544148 0.005908177 0.8080112201  0.769613464
72        1996      7       7 -0.363518700 0.10053369 0.015285434 0.7233695609  0.668043473
73        1997      7       7 -0.153218623 0.15080801 0.356250503 0.1711184147  0.005342098
74        1998      7       7 -0.084120029 0.15924420 0.619925646 0.0528586828 -0.136569581
75        1999      7       7 -0.006008573 0.14145055 0.967761571 0.0003607503 -0.199567100
76        2000      7       7  0.117167185 0.10082057 0.297631991 0.2126677844  0.055201341
77        2001      7       7  0.201662750 0.12445589 0.166081804 0.3443096800  0.213171616
78        2002      7       7  0.266630451 0.13237838 0.100114185 0.4479296225  0.337515547
79        2003      7       7  0.028165188 0.17446338 0.878068284 0.0051854787 -0.193777426
80        2004      7       7 -0.069098596 0.19508153 0.737634204 0.0244778504 -0.170626580
81        2005      7       7  0.037929122 0.20697763 0.861799371 0.0066714717 -0.191994234
82        2006      7       7 -0.131437549 0.19712477 0.534446486 0.0816566520 -0.102012018
83        2007      7       7 -0.285782781 0.17013714 0.153846932 0.3607331502  0.232879780
84        2008      7       7 -0.252360089 0.16776729 0.192853774 0.3115506866  0.173860824
85        2009      7       7 -0.096137178 0.13136671 0.497120570 0.0967498107 -0.083900227
86        1995      8       8 -0.430614440 0.08435417 0.002210869 0.8128472923  0.781655174
87        1996      8       8 -0.208297216 0.11681716 0.124838974 0.3463669219  0.237428075
88        1997      8       8 -0.087124315 0.11870629 0.490654332 0.0823836699 -0.070552385
89        1998      8       8 -0.102145751 0.11914900 0.424195964 0.1091252362 -0.039353891
90        1999      8       8 -0.011015717 0.10547064 0.920221302 0.0018147728 -0.164549432
91        2000      8       8  0.211927397 0.09295305 0.062804897 0.4641961134  0.374895466
92        2001      8       8  0.260246341 0.09873784 0.038761197 0.5365748713  0.459337350
93        2002      8       8  0.102270928 0.13689507 0.483255754 0.0851038725 -0.067378815
94        2003      8       8 -0.085747353 0.14572255 0.577707018 0.0545595564 -0.103013851
95        2004      8       8  0.021655901 0.15455785 0.893154280 0.0032613728 -0.162861732
96        2005      8       8 -0.027163760 0.15878355 0.869788964 0.0048540504 -0.161003608
97        2006      8       8 -0.155096306 0.14756170 0.333708785 0.1554920282  0.014740700
98        2007      8       8 -0.289037425 0.12682666 0.062886337 0.4639900558  0.374655065
99        2008      8       8 -0.232331511 0.12557988 0.113779154 0.3632437089  0.257117660
100       1995      9       9 -0.293018105 0.10286055 0.024734693 0.5368854447  0.470726223
101       1996      9       9 -0.144406051 0.09771614 0.182982816 0.2377988618  0.128912985
102       1997      9       9 -0.100944035 0.09229503 0.310284192 0.1459459433  0.023938221
103       1998      9       9 -0.086924030 0.09270989 0.379667600 0.1115712065 -0.015347193
104       1999      9       9  0.090429033 0.10052253 0.398227443 0.1036284405 -0.024424639
105       2000      9       9  0.256741341 0.07650877 0.012155405 0.6166651652  0.561903046
106       2001      9       9  0.130035545 0.10724325 0.264639609 0.1735758222  0.055515225
107       2002      9       9 -0.003680252 0.12241748 0.976855890 0.0001290964 -0.142709604
108       2003      9       9 -0.009814003 0.12109085 0.937673464 0.0009374850 -0.141785731
109       2004      9       9 -0.027163760 0.12299321 0.831508450 0.0069199619 -0.134948615
110       2005      9       9 -0.066945524 0.12511938 0.609181618 0.0392905354 -0.097953674
111       2006      9       9 -0.183837316 0.11549901 0.155483753 0.2657425693  0.160848651
112       2007      9       9 -0.265679095 0.09916083 0.031572431 0.5062951599  0.435765897
113       1995     10      10 -0.225339717 0.09088290 0.038144271 0.4345362003  0.363853225
114       1996     10      10 -0.145298233 0.07795221 0.099327669 0.3027879969  0.215636497
115       1997     10      10 -0.088708394 0.07396409 0.264708038 0.1524010836  0.046451219
116       1998     10      10  0.009877731 0.09269925 0.917764254 0.0014172811 -0.123405559
117       1999     10      10  0.149185599 0.08706947 0.124988472 0.2684557171  0.177012682
118       2000     10      10  0.150842508 0.08638982 0.118942008 0.2759364486  0.185428505
119       2001     10      10  0.038300103 0.10061820 0.713373062 0.0177894071 -0.104986917
120       2002     10      10  0.043525743 0.10138724 0.679031040 0.0225187459 -0.099666411
121       2003     10      10 -0.044035562 0.09859700 0.666990785 0.0243272960 -0.097631792
122       2004     10      10 -0.059712476 0.09989806 0.566548656 0.0427514438 -0.076904626
123       2005     10      10 -0.106488311 0.10238845 0.328729435 0.1191064813  0.008994791
124       2006     10      10 -0.183853248 0.09213634 0.081086008 0.3323213452  0.248861513
125       1995     11      11 -0.212594258 0.07456954 0.019059536 0.4745425513  0.416158390
 [ reached 'max' / getOption("max.print") -- omitted 65 rows ]
[1] "Stability Time"
[1] 13
[1] "Absolute Range"
[1] -1.2197404  0.8990328
[1] "Relative Range"
[1] -1.1364671  0.9823062
[1] "Proportion Significant"
[1] 0.07894737
[1] "Proportion Significantly Wrong"
[1] 0.9315789
[1] "Cary Forest"
[1] "Multiple Breakups"
    start_year N_data N_years        slope               slope_se               p_value     r_square  adj_r_square
1         1991      3       3 -0.080216280 0.63294283903206505215 0.9197455762129710388 0.0158079625 -0.9683840749
2         1992      3       3 -0.324207464 0.49207446327199311220 0.6291196564263148439 0.3026959207 -0.3946081585
3         1993      3       3  1.283460475 0.43611305372307251904 0.2085276454335930618 0.8964907872  0.7929815744
4         1994      3       3  0.945140889 0.63144195788744883480 0.3749622823628055435 0.6913964517  0.3827929034
5         1995      3       3 -0.148548665 0.00000000000004390371 0.0000000000001881536 1.0000000000  1.0000000000
6         1996      3       3 -0.209824992 0.03537790387458298463 0.1063382307427260393 0.9723575980  0.9447151960
7         1997      3       3  0.193113260 0.26801441183143659419 0.6025111219425608455 0.3417449442 -0.3165101117
8         1998      3       3 -1.245951937 1.09885909082425103911 0.4601163297432404597 0.5624853232  0.1249706463
9         1999      3       3 -1.232953919 1.10636350040724495969 0.4655833640977076193 0.5539562516  0.1079125032
10        2000      3       3  0.252532734 0.24871738177501415135 0.4951543520042887003 0.5076112321  0.0152224642
11        2001      3       3  0.415936263 0.34305845362797354747 0.4390593183371849229 0.5951416927  0.1902833853
12        2002      3       3  0.534775198 0.27444676290265013208 0.3018545084985325699 0.7915309405  0.5830618810
13        2003      3       3 -0.230250436 0.16724099276664375346 0.3999172166356973479 0.6546321634  0.3092643267
14        2004      3       3 -0.564484935 0.02572938498691323961 0.0289972414646090908 0.9979267448  0.9958534896
15        2005      3       3  0.551486923 0.67003603729738592243 0.5615912236274636093 0.4038553082 -0.1922893837
16        2006      3       3  0.876437142 0.48242594052486847955 0.3203348812956814395 0.7674691072  0.5349382144
17        2007      3       3 -0.677753283 0.41488631988903978964 0.3496984745081214152 0.7274171600  0.4548343199
18        2008      3       3 -0.906146866 0.28302322327829165793 0.1927279736289584655 0.9111165515  0.8222331029
19        2009      3       3  1.173534458 0.91768134898203990168 0.4224969207497267232 0.6205422246  0.2410844493
20        2010      3       3  0.267387592 1.44084548594112793474 0.8831869649068377903 0.0332922303 -0.9334155395
21        2011      3       3 -0.965566326 0.72899920913551685686 0.4116964141569231517 0.6369346692  0.2738693384
22        2012      3       3 -0.163403530 0.26587030252659393792 0.6491685795972349515 0.2741691706 -0.4516616587
23        2013      3       3 -0.222823010 0.23156444944493845273 0.5122456871504855735 0.4807692641 -0.0384614719
24        1991      4       4 -0.007353159 0.28616953998584698793 0.9818338088655300666 0.0003300105 -0.4995049842
25        1992      4       4  0.469933705 0.50857400717396694656 0.4530226234718629508 0.2991842504 -0.0512236243
26        1993      4       4  0.929394730 0.28253572589924214054 0.0813043126969433400 0.8440017659  0.7660026488
27        1994      4       4  0.507665067 0.37886517473224923247 0.3122063715727787514 0.4730600753  0.2095901130
28        1995      4       4 -0.185314461 0.02122674232477600106 0.0128677315814983238 0.9744301154  0.9616451730
29        1996      4       4  0.044193225 0.14750843123041085247 0.7927518068340194679 0.0429518136 -0.4355722796
30        1997      4       4 -0.763168774 0.56497031295363953074 0.3092885670856241331 0.4770822836  0.2156234253
31        1998      4       4 -0.857497171 0.54018265009305388435 0.2533322011711161004 0.5575128018  0.3362692027
32        1999      4       4 -0.724917486 0.57518841371915652161 0.3346829040655987519 0.4426468381  0.1639702572
33        2000      4       4  0.436733080 0.15388953737508218045 0.1049720303000746119 0.8010750665  0.7016125998
34        2001      4       4  0.368400690 0.15585580123240425077 0.1418633789492337594 0.7363984604  0.6045976906
35        2002      4       4  0.170830965 0.24334339251641307067 0.5553677012077780084 0.1976978811 -0.2034531783
36        2003      4       4 -0.372857156 0.11123309811064448216 0.0786431342990235593 0.8488984740  0.7733477110
37        2004      4       4  0.114011100 0.39189882627299488238 0.7985078016275752866 0.0405991060 -0.4391013410
38        2005      4       4  0.514349763 0.30041534771513284108 0.2290042671408687169 0.5944344201  0.3916516301
39        2006      4       4  0.111040135 0.49175652901400151995 0.8423302459137269604 0.0248597514 -0.4627103730
40        2007      4       4 -0.671068596 0.18558293752652008091 0.0686921736597723570 0.8673342674  0.8010014011
41        2008      4       4  0.243619808 0.67577725408987276978 0.7529851583323605713 0.0610163320 -0.4084755020
42        2009      4       4  0.311952194 0.64487917017277263110 0.6763557272893871986 0.1047456153 -0.3428815771
43        2010      4       4  0.026738759 0.65917455699173299610 0.9713287103569585579 0.0008220428 -0.4987669357
44        2011      4       4 -0.736801382 0.35175621665434142482 0.1712126094184196479 0.6868885388  0.5303328082
45        2012      4       4 -0.106955044 0.12328644457047256700 0.4771063837719909939 0.2734177339 -0.0898733992
46        1991      5       5  0.416456185 0.29524417346484244096 0.2531874606411320117 0.3987550239  0.1983400318
47        1992      5       5  0.505065465 0.29432508179504734969 0.1846650710357005398 0.4953486507  0.3271315343
48        1993      5       5  0.642992902 0.23227314625225703448 0.0696695309915887351 0.7186605154  0.6248806873
49        1994      5       5  0.264416626 0.25994141960107597367 0.3839444747959673276 0.2564556048  0.0086074730
50        1995      5       5 -0.024139160 0.09385814138047887667 0.8136649629795232874 0.0215728563 -0.3045695249
51        1996      5       5 -0.543688120 0.34993485690789105647 0.2180858420360413108 0.4458742287  0.2611656383
52        1997      5       5 -0.665126651 0.33106077610866696537 0.1381067075052162529 0.5736450762  0.4315267683
53        1998      5       5 -0.643958465 0.33535855157583799313 0.1506067409714230421 0.5513818852  0.4018425136
54        1999      5       5 -0.276300515 0.42114878515682235838 0.5586110724952985107 0.1254714767 -0.1660380311
55        2000      5       5  0.398110425 0.09160367381007097909 0.0224931008778431855 0.8629373285  0.8172497713
56        2001      5       5  0.181229371 0.14062258415120654220 0.2878680729556083451 0.3563493507  0.1417991343
57        2002      5       5 -0.057933982 0.19282929205037846465 0.7834571833342124370 0.0292095579 -0.2943872562
58        2003      5       5  0.015597608 0.23328802336053697242 0.9508997184470984187 0.0014878639 -0.3313495149
59        2004      5       5  0.235078268 0.23681353358438381185 0.3940432561483248053 0.2472522011 -0.0036637319
60        2005      5       5  0.124780884 0.28402657857869056945 0.6901434960932720797 0.0604474487 -0.2527367350
61        2006      5       5 -0.147434546 0.32074582077359958809 0.6770232546978219856 0.0657956429 -0.2456058095
62        2007      5       5  0.017083097 0.41149879652915410944 0.9694942820039633702 0.0005741500 -0.3325678000
63        2008      5       5 -0.020796818 0.41896342290025589961 0.9635302673100303306 0.0008206609 -0.3322391188
64        2009      5       5  0.136664771 0.38583019789707218017 0.7466155605901794168 0.0401426612 -0.2798097850
65        2010      5       5 -0.151519640 0.39424491260104310708 0.7263589597791564323 0.0469257422 -0.2707656771
66        2011      5       5 -0.508036441 0.24225732492865495460 0.1269158986516447929 0.5944742658  0.4592990210
67        1991      6       6  0.456829591 0.19468315905333749560 0.0788137298552859522 0.5792218147  0.4740272684
68        1992      6       6  0.421729663 0.19859737620320791485 0.1009388472249165697 0.5299330535  0.4124163169
69        1993      6       6  0.430578919 0.19535014099524222742 0.0922262009862290510 0.5484425205  0.4355531506
70        1994      6       6  0.251047244 0.17034657349692064465 0.2145552247832140103 0.3519036111  0.1898795138
71        1995      6       6 -0.424530868 0.23919296769169848260 0.1505861098315514623 0.4405657843  0.3007072304
72        1996      6       6 -0.536366790 0.22912513214349217172 0.0792973087557689443 0.5780578051  0.4725722563
73        1997      6       6 -0.567562010 0.22393059638214915519 0.0643529123009345672 0.6162670039  0.5203337548
74        1998      6       6 -0.346648921 0.27868218628628921296 0.2814572671408759885 0.2789223566  0.0986529457
75        1999      6       6 -0.100164241 0.29386299059129739053 0.7503644489908444237 0.0282254677 -0.2147181654
76        2000      6       6  0.255928130 0.10166043694604805225 0.0655325087712109872 0.6130669685  0.5163337106
77        2001      6       6  0.014854864 0.13304774215282791361 0.9164787917818904006 0.0031067835 -0.2461165206
78        2002      6       6  0.129555657 0.16629216615331965379 0.4794485730102698851 0.1317508838 -0.0853113953
79        2003      6       6  0.130192297 0.16643793575334667190 0.4777950710148086144 0.1326746586 -0.0841566768
80        2004      6       6  0.036606639 0.19278198382735836636 0.8586451135137448398 0.0089336627 -0.2388329216
81        2005      6       6 -0.063769816 0.21546179011205632281 0.7819838438765596145 0.0214299777 -0.2232125279
82        2006      6       6  0.194492649 0.28820465443217041512 0.5367724654679386642 0.1022154484 -0.1222306895
83        2007      6       6 -0.107061147 0.27876119571062857316 0.7204765104877286497 0.0355641553 -0.2055448059
84        2008      6       6 -0.050930974 0.27482718544248663228 0.8619955761894384505 0.0085127858 -0.2393590178
85        2009      6       6 -0.022070089 0.26869718880515508497 0.9384833811932231651 0.0016837982 -0.2478952522
86        2010      6       6 -0.155339465 0.25810330134369702249 0.5797233060167973351 0.0830364150 -0.1462044812
87        1991      7       7  0.406386708 0.14070866240412704951 0.0342609409254917008 0.6252258601  0.5502710321
88        1992      7       7  0.317734986 0.15272662901030456539 0.0920132192682518585 0.4639870289  0.3567844346
89        1993      7       7  0.379011310 0.14130550205178057932 0.0437041937492586990 0.5899710557  0.5079652669
90        1994      7       7 -0.118043137 0.24478197271260607182 0.6500066128847321600 0.0444435723 -0.1466677132
91        1995      7       7 -0.448829183 0.16971576418924902430 0.0457227670228752270 0.5831205181  0.4997446217
92        1996      7       7 -0.495383274 0.16373468155562165283 0.0292307987170037815 0.6467379260  0.5760855113
93        1997      7       7 -0.363678965 0.19730320477742302465 0.1246257906003478966 0.4045894795  0.2855073755
94        1998      7       7 -0.196959614 0.21517630754177882735 0.4020009328597225484 0.1435200744 -0.0277759107
95        1999      7       7 -0.082232296 0.20805026677613960850 0.7089563951333652803 0.0302981763 -0.1636421884
96        2000      7       7  0.112472560 0.10966884571084652145 0.3521282750587826360 0.1737973654  0.0085568384
97        2001      7       7  0.137274881 0.11767074575226238453 0.2959812374235565313 0.2139550418  0.0567460502
98        2002      7       7  0.187012161 0.12217593419086630879 0.1864075127054292680 0.3190774303  0.1828929164
99        2003      7       7  0.007560068 0.13734511667606921770 0.9582349255299195123 0.0006056083 -0.1992732700
100       2004      7       7 -0.082762825 0.15274860489009670084 0.6112025393766944426 0.0554583831 -0.1334499403
101       2005      7       7  0.171759397 0.20421368299864606222 0.4386656461468058099 0.1239459241 -0.0512648910
102       2006      7       7  0.057032078 0.21869940771081411435 0.8046631406465257763 0.0134185661 -0.1838977207
103       2007      7       7 -0.108095682 0.19711483676013449862 0.6070105206479545767 0.0567338560 -0.1319193728
104       2008      7       7 -0.123083182 0.19874683562014511251 0.5628457519671024034 0.0712410019 -0.1145107977
105       2009      7       7 -0.057297345 0.19108307837531043893 0.7763529080591107245 0.0176650207 -0.1788019752
106       1991      8       8  0.328911505 0.11401844867855033538 0.0278851390913041515 0.5810529782  0.5112284745
107       1992      8       8  0.302703275 0.11416604528474741387 0.0379560196962265908 0.5395270354  0.4627815413
108       1993      8       8  0.063504554 0.21041487155692634170 0.7729871055994044227 0.0149541616 -0.1492201448
109       1994      8       8 -0.205050212 0.18923875687231850318 0.3201730790152549910 0.1636566413  0.0242660815
110       1995      8       8 -0.436405917 0.12670184411117793588 0.0137275499935293113 0.6641208854  0.6081410329
111       1996      8       8 -0.352847292 0.14719403237734188239 0.0535017000032220053 0.4892036601  0.4040709368
112       1997      8       8 -0.243469494 0.16261533466303176865 0.1849822884076371965 0.2719896675  0.1506546120
113       1998      8       8 -0.161502463 0.16168413835422165703 0.3564194314750770975 0.1425820305 -0.0003209644
114       1999      8       8 -0.118662089 0.15649137603406476638 0.4770092241599914740 0.0874479359 -0.0646440748
115       2000      8       8  0.185995308 0.09210685938589510680 0.0899823188629821913 0.4046286946  0.3054001437
116       2001      8       8  0.180247890 0.09114826782414581219 0.0953505908447096345 0.3945876935  0.2936856425
117       2002      8       8  0.079004902 0.11036882532341690810 0.5009945006305199788 0.0786816917 -0.0748713596
118       2003      8       8 -0.078828055 0.11387475026231298758 0.5146726255419528107 0.0739581615 -0.0803821449
119       2004      8       8  0.104647232 0.15706625280167421654 0.5300129393529082744 0.0688875305 -0.0862978811
120       2005      8       8  0.069897454 0.16317805828444850724 0.6833461080726536130 0.0296733048 -0.1320478111
121       2006      8       8  0.019762279 0.16442298719068074164 0.9082549867344225092 0.0024018912 -0.1638644602
122       2007      8       8 -0.151510798 0.14904358470660483693 0.3485910989535166427 0.1469252482  0.0047461229
123       2008      8       8 -0.128034806 0.14816472779573036656 0.4207104378374691422 0.1106809287 -0.0375389166
124       1991      9       9  0.314650832 0.08870125653846640257 0.0093774927338971716 0.6425545266  0.5914908875
125       1992      9       9  0.065559477 0.16299097666248110738 0.6995154517890180834 0.0225903228 -0.1170396311
 [ reached 'max' / getOption("max.print") -- omitted 151 rows ]
[1] "Stability Time"
[1] 13
[1] "Absolute Range"
[1] -1.245952  1.283460
[1] "Relative Range"
[1] -1.218974  1.310438
[1] "Proportion Significant"
[1] 0.1090909
[1] "Proportion Significantly Wrong"
[1] 0.1090909
null device 
          1 
