[1] "Adult deer ticks found on people in Monmouth County Submunicipalities"
[1] "Freehold"
[1] "Multiple Breakups"
   start_year N_data N_years                   slope               slope_se               p_value     r_square
1        2005      3       3  0.24795389988747718046 1.00209375592782845565 0.8455790416889202854 5.769231e-02
2        2006      3       3 -0.49590779977534155121 0.57262500338726518567 0.5456289483431047138 4.285714e-01
3        2007      3       3  0.99181559955116915805 0.28631250169335298317 0.1789123750218796771 9.230769e-01
4        2008      3       3 -0.37193084983158125612 1.07367188135071889299 0.7877043849903012651 1.071429e-01
5        2009      3       3 -0.99181559955076037394 0.71578125423414795669 0.3979725071605983988 6.575342e-01
6        2010      3       3  0.37193084983167801205 0.07157812542330185823 0.1210377183234896681 9.642857e-01
7        2011      3       3  0.49590779977544457990 0.00000000000008918125 0.0000000000001144861 1.000000e+00
8        2012      3       3 -0.24795389988789734437 0.42946875254039384995 0.6666666666664797791 2.500000e-01
9        2013      3       3  0.49590779977540377921 0.85893750508056210258 0.6666666666666247743 2.500000e-01
10       2014      3       3  1.23976949943853420599 0.42946875254060490334 0.2122956150097710382 8.928571e-01
11       2005      4       4  0.14877233993258701106 0.45179350712323701478 0.7732213161944636592 5.142857e-02
12       2006      4       4  0.19836311991011593148 0.47565805176379777341 0.7171572875253811041 8.000000e-02
13       2007      4       4  0.07438616996629343614 0.54493475678070646406 0.9039231077169478379 9.230769e-03
14       2008      4       4 -0.37193084983146756928 0.48016066244601507407 0.5196155385847385233 2.307692e-01
15       2009      4       4 -0.42152162980899648970 0.45921704899792054055 0.4555642770627037486 2.964103e-01
16       2010      4       4  0.42152162980899665623 0.04294687525402481054 0.0102217334427106357 9.796610e-01
17       2011      4       4  0.04959077997752892736 0.25768125152414889101 0.8651600275073517698 1.818182e-02
18       2012      4       4  0.34713545984270310907 0.39361461342678910613 0.4708497377870818346 2.800000e-01
19       2013      4       4  0.64468013970787718669 0.39361461342678910613 0.2431107373385432702 5.728814e-01
20       2005      5       5  0.39672623982021532063 0.29754467986514132605 0.2746249970860216161 3.720930e-01
21       2006      5       5 -0.14877233993258578981 0.33997725889042901271 0.6912687554466658835 6.000000e-02
22       2007      5       5 -0.07438616996633749812 0.32613243643073147604 0.8342415480685654305 1.704545e-02
23       2008      5       5 -0.19836311991012314793 0.29477676221770182652 0.5491919999927802332 1.311475e-01
24       2009      5       5 -0.12397694994381551481 0.31591830938099590975 0.7209578432740757492 4.882812e-02
25       2010      5       5  0.14877233993258276445 0.15941205435616112585 0.4195311281788911550 2.250000e-01
26       2011      5       5  0.34713545984270882672 0.22725350301893096350 0.2240797881639237099 4.375000e-01
27       2012      5       5  0.49590779977536619816 0.24294421378316619076 0.1338866377909667948 5.813953e-01
28       2005      6       6  0.09209716281536921290 0.26244161713951419390 0.7433478400946346154 2.986745e-02
29       2006      6       6 -0.19127872277047272553 0.22391626593308996962 0.4411128091213459279 1.542857e-01
30       2007      6       6 -0.03542198569826107007 0.21468567814586106413 0.8769508687699658633 6.759802e-03
31       2008      6       6 -0.04959077997754431089 0.21122911503357932883 0.8259137315531464019 1.359223e-02
32       2009      6       6 -0.16294113421185504875 0.20803695383836545707 0.4772675575176494878 1.329703e-01
33       2010      6       6  0.33296666556341736332 0.14899707169201184542 0.0891426344163857576 5.552576e-01
34       2011      6       6  0.45340141693742008755 0.16092656816522260543 0.0479525712157382947 6.649351e-01
35       2005      7       7  0.00000000000003638148 0.19304169757575345701 0.9999999999998568923 7.123215e-27
36       2006      7       7 -0.13283244636838464903 0.16188855060334758629 0.4492554267442315230 1.186709e-01
37       2007      7       7  0.03542198569824715065 0.15721935725244409743 0.8306626577175091342 1.005025e-02
38       2008      7       7 -0.09741046067010934728 0.15189177113799548491 0.5495554816271871479 7.600503e-02
39       2009      7       7  0.05313297854725970021 0.19287913611737625419 0.7939746641952547535 1.495017e-02
40       2010      7       7  0.41620833195423767581 0.11580064202860854139 0.0156389348495679717 7.209530e-01
41       2005      8       8  0.00295183214153468473 0.14389487866480860090 0.9842986703231266787 7.013115e-05
42       2006      8       8 -0.05608481068887249260 0.12854316734055665217 0.6778731193545726175 3.075219e-02
43       2007      8       8 -0.02066282499062732300 0.12157583341930758292 0.8706287547360073154 4.791239e-03
44       2008      8       8  0.05608481068887197912 0.14377372101324839559 0.7099413785395936038 2.473450e-02
45       2009      8       8  0.18006176063272782972 0.16136382387911141212 0.3071619580183714837 1.718627e-01
46       2005      9       9  0.03719308498314676664 0.11320010068737634823 0.7520982431723526318 1.518750e-02
47       2006      9       9 -0.08265129996254834410 0.10074357037916406576 0.4390211061694668793 8.771930e-02
48       2007      9       9  0.08678386496067574951 0.11276822996804114485 0.4667207210876911372 7.800708e-02
49       2008      9       9  0.15703746992884182188 0.12569676281274888563 0.2516964124208360687 1.823232e-01
50       2005     10      10 -0.00150275090841709346 0.09302501513964073210 0.9875069330151615699 3.261898e-05
51       2006     10      10  0.01653025999250033740 0.09867937161452702832 0.8711220747115135943 3.495392e-03
52       2007     10      10  0.16379984901668565023 0.10034731010480303637 0.1412540449250675734 2.498475e-01
53       2005     11      11  0.06762379087845220293 0.08580168153532474751 0.4508732375113797541 6.456241e-02
54       2006     11      11  0.09241918086719003167 0.09171398489507433249 0.3399263276100722986 1.013872e-01
55       2005     12      12  0.12397694994382375822 0.07845558794994375584 0.1451377155169878141 1.998137e-01
   adj_r_square
1  -0.884615385
2  -0.142857143
3   0.846153846
4  -0.785714286
5   0.315068493
6   0.928571429
7   1.000000000
8  -0.500000000
9  -0.500000000
10  0.785714286
11 -0.422857143
12 -0.380000000
13 -0.486153846
14 -0.153846154
15 -0.055384615
16  0.969491525
17 -0.472727273
18 -0.080000000
19  0.359322034
20  0.162790698
21 -0.253333333
22 -0.310606061
23 -0.158469945
24 -0.268229167
25 -0.033333333
26  0.250000000
27  0.441860465
28 -0.212665685
29 -0.057142857
30 -0.241550248
31 -0.233009709
32 -0.083787181
33  0.444072057
34  0.581168831
35 -0.200000000
36 -0.057594937
37 -0.187939698
38 -0.108793970
39 -0.182059801
40  0.665143603
41 -0.166584847
42 -0.130789108
43 -0.161076888
44 -0.137809752
45  0.033839853
46 -0.125500000
47 -0.042606516
48 -0.053706199
49  0.065512266
50 -0.124963304
51 -0.121067684
52  0.156078481
53 -0.039375100
54  0.001541348
55  0.119795063
[1] "Stability Time"
[1] 8
[1] "Absolute Range"
[1] -0.9918156  1.2397695
[1] "Relative Range"
[1] -1.115793  1.115793
[1] "Proportion Significant"
[1] 0.07272727
[1] "Proportion Significantly Wrong"
[1] 0.07272727
[1] "Number of phases"
[1] 1
  Breaks     AICs   AICtot Nfits Nbreaks     AICc
1   2015 67.54074 67.54074     1       0 70.96932
[1] "Howell"
[1] "Multiple Breakups"
   start_year N_data N_years                  slope   slope_se   p_value     r_square adj_r_square
1        2006      3       3  0.0000000000001256074 0.69765727 1.0000000 3.232224e-26  -1.00000000
2        2007      3       3  0.8055852230664173330 0.23255242 0.1789124 9.230769e-01   0.84615385
3        2008      3       3 -0.6041889172996643964 0.58138106 0.4877543 5.192308e-01   0.03846154
4        2009      3       3  0.2013963057667698953 1.04648590 0.8789623 3.571429e-02  -0.92857143
5        2010      3       3 -0.4027926115336523671 1.39531454 0.8210876 7.692308e-02  -0.84615385
6        2011      3       3 -1.2083778345993219094 0.93020969 0.4176565 6.279070e-01   0.25581395
7        2012      3       3  1.4097741403665204896 0.58138106 0.2490101 8.546512e-01   0.70930233
8        2013      3       3  0.8055852230661065816 0.93020969 0.5456289 4.285714e-01  -0.14285714
9        2014      3       3 -1.0069815288329291292 0.11627621 0.0731864 9.868421e-01   0.97368421
10       2006      4       4  0.2416755669198226986 0.34178086 0.5527864 2.000000e-01  -0.20000000
11       2007      4       4  0.0402792611533037831 0.45392422 0.9373776 3.921569e-03  -0.49411765
12       2008      4       4  0.0805585223066075384 0.47317418 0.8804771 1.428571e-02  -0.47857143
13       2009      4       4 -0.5236303949929489443 0.62789154 0.4920480 2.580153e-01  -0.11297710
14       2010      4       4 -0.4027926115330377477 0.62400363 0.5847726 1.724138e-01  -0.24137931
15       2011      4       4  0.0402792611533037831 0.83232978 0.9658007 1.169591e-03  -0.49824561
16       2012      4       4  0.8458644842193790980 0.41665192 0.1794621 6.732824e-01   0.50992366
17       2013      4       4  0.0402792611533036859 0.60686826 0.9531193 2.197802e-03  -0.49670330
18       2006      5       5 -0.0805585223066069417 0.27120040 0.7858125 2.857143e-02  -0.29523810
19       2007      5       5  0.2819548280731358214 0.29690306 0.4123489 2.311321e-01  -0.02515723
20       2008      5       5 -0.3625133503797427492 0.37425771 0.4041825 2.382353e-01  -0.01568627
21       2009      5       5 -0.4833511338396520030 0.36325850 0.2754189 3.711340e-01   0.16151203
22       2010      5       5  0.1611170446132118295 0.48558371 0.7618683 3.539823e-02  -0.28613569
23       2011      5       5  0.1208377834599253936 0.48279138 0.8185248 2.045455e-02  -0.30606061
24       2012      5       5  0.3222340892264349277 0.38634510 0.4654472 1.882353e-01  -0.08235294
25       2006      6       6  0.1265919636247034297 0.21406788 0.5860785 8.039867e-02  -0.14950166
26       2007      6       6 -0.0920668826361696058 0.29053387 0.7671780 2.448980e-02  -0.21938776
27       2008      6       6 -0.3797758908740606620 0.24521181 0.1963600 3.748709e-01   0.21858864
28       2009      6       6 -0.0575418016475527025 0.34203910 0.8745647 7.025761e-03  -0.24121780
29       2010      6       6  0.1841337652722483120 0.31816679 0.5937933 7.726358e-02  -0.15342052
30       2011      6       6 -0.0460334413180511701 0.33041890 0.8959316 4.828974e-03  -0.24396378
31       2006      7       7 -0.1150836032951448873 0.20586781 0.6002612 5.882353e-02  -0.12941176
32       2007      7       7 -0.1726254049426712844 0.21063758 0.4497651 1.184211e-01  -0.05789474
33       2008      7       7 -0.0863127024713583879 0.24242792 0.7363443 2.472527e-02  -0.17032967
34       2009      7       7  0.0143854504118411386 0.24539740 0.9555247 6.868132e-04  -0.19917582
35       2010      7       7  0.0431563512356878884 0.23924868 0.8639353 6.465517e-03  -0.19224138
36       2006      8       8 -0.1726254049427299875 0.15699998 0.3136873 1.677019e-01   0.02898551
37       2007      8       8  0.0095903002746064517 0.18898814 0.9611755 4.290004e-04  -0.16616617
38       2008      8       8 -0.0239757506864904900 0.18424445 0.9007166 2.814365e-03  -0.16338324
39       2009      8       8 -0.0575418016475695293 0.18756333 0.7693743 1.544402e-02  -0.14864865
40       2006      9       9 -0.0268528407688692107 0.14789391 0.8610673 4.687500e-03  -0.13750000
41       2007      9       9  0.0402792611533038039 0.14745795 0.7926155 1.054687e-02  -0.13080357
42       2008      9       9 -0.0738453121143902297 0.14559053 0.6275907 3.544922e-02  -0.10234375
43       2006     10      10  0.0048823346852443494 0.11939280 0.9683833 2.089864e-04  -0.12476489
44       2007     10      10 -0.0122058367131211605 0.12147107 0.9224331 1.260525e-03  -0.12358191
45       2006     11      11 -0.0329557591254325891 0.09990162 0.7490376 1.194690e-02  -0.09783677
[1] "Stability Time"
[1] 7
[1] "Absolute Range"
[1] -1.208378  1.409774
[1] "Relative Range"
[1] -1.175422  1.442730
[1] "Proportion Significant"
[1] 0
[1] "Proportion Significantly Wrong"
[1] 0
[1] "Number of phases"
[1] 1
  Breaks     AICs   AICtot Nfits Nbreaks     AICc
1   2015 48.58842 48.58842     1       0 52.58842
[1] "Farmingdale"
[1] "Multiple Breakups"
   start_year N_data N_years                   slope              slope_se               p_value     r_square
1        2006      3       3 -0.73854894587599617672 1.2792042981341937846 0.6666666666667813157 2.500000e-01
2        2007      3       3  1.10782341881449597487 0.2132007163560446505 0.1210377183238638549 9.642857e-01
3        2008      3       3 -0.00000000000002841867 0.4264014327112696234 0.9999999999999575895 4.356802e-27
4        2009      3       3 -0.73854894587622665902 0.0000000000001328298 0.0000000000001144976 1.000000e+00
5        2010      3       3 -0.73854894587637232028 0.0000000000002168298 0.0000000000001869045 1.000000e+00
6        2014      3       3  0.73854894587622665902 0.0000000000001328298 0.0000000000001144976 1.000000e+00
7        2006      4       4 -0.07385489458759959824 0.6888725967444593312 0.9244071053981546271 5.714286e-03
8        2007      4       4  0.51698426211319736812 0.3541956316141482430 0.2818151535403921049 5.157895e-01
9        2008      4       4 -0.29541957835039855951 0.2558408596267325308 0.3675444679663241176 4.000000e-01
10       2009      4       4 -0.73854894587599639877 0.0000000000000000000 0.0000000000000000000 1.000000e+00
11       2006      5       5 -0.07385489458759098014 0.3977207791677772608 0.8645297086552994337 1.136364e-02
12       2007      5       5  0.14770978917516425222 0.2954195783504422468 0.6514479648482716101 7.692308e-02
13       2008      5       5 -0.44312936752561010723 0.1705605730844869661 0.0805095732984920931 6.923077e-01
14       2006      6       6 -0.16881118762877303507 0.2660785103215493885 0.5602653331162283923 9.142857e-02
15       2007      6       6 -0.08440559381445758569 0.2352908435874123683 0.7379309324351934762 3.116883e-02
16       2006      7       7 -0.26376748067000266307 0.1959705403629704301 0.2361205913992668604 2.659574e-01
17       2006     10      10 -0.11889519015049650197 0.0942677082080235207 0.2427530305186441084 1.658632e-01
   adj_r_square
1   -0.50000000
2    0.92857143
3   -1.00000000
4    1.00000000
5    1.00000000
6    1.00000000
7   -0.49142857
8    0.27368421
9    0.10000000
10   1.00000000
11  -0.31818182
12  -0.23076923
13   0.58974359
14  -0.13571429
15  -0.21103896
16   0.11914894
17   0.06159607
[1] "Stability Time"
[1] 6
[1] "Absolute Range"
[1] -0.7385489  1.1078234
[1] "Relative Range"
[1] -0.6196538  1.2267186
[1] "Proportion Significant"
[1] 0.2352941
[1] "Proportion Significantly Wrong"
[1] 0.2352941
[1] "Number of phases"
[1] 2
      Breaks               AICs  AICtot Nfits Nbreaks    AICc
2 2009, 2015 13.30585, 16.72365 30.0295     2       1 72.0295
[1] "Manalapan"
[1] "Multiple Breakups"
   start_year N_data N_years         slope   slope_se    p_value     r_square adj_r_square
1        2006      3       3 -4.205340e-01 1.69956807 0.84557904 5.769231e-02  -0.88461538
2        2007      3       3  6.308011e-01 1.09257947 0.66666667 2.500000e-01  -0.50000000
3        2008      3       3 -1.051335e+00 0.12139772 0.07318640 9.868421e-01   0.97368421
4        2009      3       3 -2.102670e-01 0.36419316 0.66666667 2.500000e-01  -0.50000000
5        2010      3       3 -7.120369e-14 0.24279544 1.00000000 8.631504e-26  -1.00000000
6        2011      3       3  2.102670e-01 0.36419316 0.66666667 2.500000e-01  -0.50000000
7        2012      3       3  2.102670e-01 0.36419316 0.66666667 2.500000e-01  -0.50000000
8        2013      3       3 -2.102670e-01 0.12139772 0.33333333 7.500000e-01   0.50000000
9        2014      3       3 -2.102670e-01 0.12139772 0.33333333 7.500000e-01   0.50000000
10       2006      4       4 -3.784806e-01 0.76045764 0.66803000 1.102041e-01  -0.33469388
11       2007      4       4 -9.930137e-17 0.60941171 1.00000000 9.127074e-33  -0.50000000
12       2008      4       4 -5.887476e-01 0.27253720 0.16333997 7.000000e-01   0.55000000
13       2009      4       4 -2.102670e-01 0.16287213 0.32580014 4.545455e-01   0.18181818
14       2010      4       4  2.102670e-01 0.16287213 0.32580014 4.545455e-01   0.18181818
15       2011      4       4  8.410681e-02 0.17841748 0.68377223 1.000000e-01  -0.35000000
16       2012      4       4  8.410681e-02 0.17841748 0.68377223 1.000000e-01  -0.35000000
17       2013      4       4 -2.523204e-01 0.05947249 0.05131670 9.000000e-01   0.85000000
18       2006      5       5 -4.625874e-01 0.44172758 0.37193283 2.676991e-01   0.02359882
19       2007      5       5 -4.205340e-02 0.35268075 0.91262234 4.716981e-03  -0.32704403
20       2008      5       5 -4.625874e-01 0.17339062 0.07582649 7.034884e-01   0.60465116
21       2009      5       5  3.510833e-15 0.15355732 1.00000000 1.729025e-28  -0.33333333
22       2010      5       5  1.261602e-01 0.10583208 0.31893179 3.214286e-01   0.09523810
23       2011      5       5  4.205340e-02 0.10583208 0.71768564 5.000000e-02  -0.26666667
24       2012      5       5 -4.205340e-02 0.12616021 0.76082038 3.571429e-02  -0.28571429
25       2006      6       6 -3.604577e-01 0.29512892 0.28901245 2.716298e-01   0.08953722
26       2007      6       6 -1.081373e-01 0.23401495 0.66802830 5.067779e-02  -0.18665276
27       2008      6       6 -2.403052e-01 0.17133157 0.23338941 3.296703e-01   0.16208791
28       2009      6       6  1.738331e-14 0.10052686 1.00000000 7.449298e-27  -0.25000000
29       2010      6       6  8.410681e-02 0.07341444 0.31582513 2.470588e-01   0.05882353
30       2011      6       6 -3.604577e-02 0.08266404 0.68530104 4.537815e-02  -0.19327731
31       2006      7       7 -3.304196e-01 0.20940703 0.17542193 3.324176e-01   0.19890110
32       2007      7       7 -3.003815e-02 0.17150703 0.86783938 6.097561e-03  -0.19268293
33       2008      7       7 -1.802289e-01 0.12601709 0.21205839 2.903226e-01   0.14838710
34       2009      7       7 -2.503062e-14 0.07108323 1.00000000 2.482081e-26  -0.20000000
35       2010      7       7  1.501907e-02 0.06546662 0.82763506 1.041667e-02  -0.18750000
36       2006      8       8 -2.202797e-01 0.16853911 0.23906806 2.216117e-01   0.09188034
37       2007      8       8 -3.003815e-02 0.12783379 0.82203972 9.118541e-03  -0.15602837
38       2008      8       8 -1.401780e-01 0.09673202 0.19747303 2.592593e-01   0.13580247
39       2009      8       8 -3.504450e-02 0.05671417 0.55933977 5.982906e-02  -0.09686610
40       2006      9       9 -1.822314e-01 0.13238511 0.21107407 2.130252e-01   0.10060024
41       2007      9       9 -2.803560e-02 0.09902638 0.78528011 1.132075e-02  -0.12991914
42       2008      9       9 -1.401780e-01 0.07492830 0.10355171 3.333333e-01   0.23809524
43       2006     10      10 -1.529215e-01 0.10695396 0.19064628 2.035278e-01   0.10396879
44       2007     10      10 -4.842513e-02 0.07986803 0.56111226 4.393331e-02  -0.07557503
45       2006     11      11 -1.490984e-01 0.08735544 0.12204231 2.445338e-01   0.16059307
[1] "Stability Time"
[1] 6
[1] "Absolute Range"
[1] -1.0513351  0.6308011
[1] "Relative Range"
[1] -0.9022367  0.7798995
[1] "Proportion Significant"
[1] 0
[1] "Proportion Significantly Wrong"
[1] 0
[1] "Number of phases"
[1] 2
      Breaks               AICs   AICtot Nfits Nbreaks     AICc
2 2009, 2015 21.87750, 18.01466 39.89215     2       1 67.89215
[1] "Wall"
[1] "Multiple Breakups"
   start_year N_data N_years                  slope   slope_se    p_value     r_square adj_r_square
1        2006      3       3 -1.1627621134813692638 0.26852841 0.14448791 9.493671e-01  0.898734177
2        2007      3       3  0.0000000000002758652 0.93984943 1.00000000 8.630892e-26 -1.000000000
3        2008      3       3  0.3488286340442787181 0.73845312 0.71905560 1.824324e-01 -0.635135135
4        2009      3       3  0.2325524226963849583 0.67132102 0.78770438 1.071429e-01 -0.785714286
5        2010      3       3 -0.1162762113484111515 0.87271732 0.91567678 1.744186e-02 -0.965116279
6        2011      3       3 -1.2790383248294163732 0.20139631 0.09942528 9.758065e-01  0.951612903
7        2012      3       3  0.0000000000001579513 0.53705682 1.00000000 8.629157e-26 -1.000000000
8        2013      3       3  1.0464859021329875333 0.06713210 0.04078329 9.959016e-01  0.991803279
9        2014      3       3  1.0464859021331767153 0.06713210 0.04078329 9.959016e-01  0.991803279
10       2006      4       4 -0.3720838763139067695 0.47202986 0.51313550 2.370370e-01 -0.144444444
11       2007      4       4 -0.1162762113480958898 0.42564082 0.81033919 3.597122e-02 -0.446043165
12       2008      4       4  0.5348705722012409014 0.34727482 0.26341049 5.425641e-01  0.313846154
13       2009      4       4 -0.2092971804265726099 0.39396879 0.64834090 1.236641e-01 -0.314503817
14       2010      4       4 -0.5116153299316218428 0.45213359 0.37524198 3.903226e-01  0.085483871
15       2011      4       4 -0.5813810567404793517 0.41273961 0.29430320 4.980080e-01  0.247011952
16       2012      4       4  0.4418496031227643339 0.35037555 0.33445903 4.429448e-01  0.164417178
17       2013      4       4  1.0232306598632436856 0.03288788 0.00103146 9.979381e-01  0.996907216
18       2006      5       5 -0.3255733917746704287 0.27384632 0.32001282 3.202614e-01  0.093681917
19       2007      5       5  0.1627866958873975534 0.29385156 0.61821126 9.280303e-02 -0.209595960
20       2008      5       5  0.1395314536177114928 0.30380521 0.67726855 6.569343e-02 -0.245742092
21       2009      5       5 -0.4418496031227729381 0.26412878 0.19294894 4.826203e-01  0.310160428
22       2010      5       5 -0.3023181495049998002 0.28765146 0.37045173 2.691083e-01  0.025477707
23       2011      5       5 -0.0930209690784693094 0.36916553 0.81733557 2.072539e-02 -0.305699482
24       2012      5       5  0.6278915412798385942 0.22903757 0.07125245 7.147059e-01  0.619607843
25       2006      6       6 -0.0664435493417444567 0.23349969 0.79010885 1.984127e-02 -0.225198413
26       2007      6       6 -0.0132887098683341452 0.21757938 0.95422914 9.316770e-04 -0.248835404
27       2008      6       6 -0.1262427437494176574 0.25119997 0.64168203 5.939128e-02 -0.175760899
28       2009      6       6 -0.3122846819063455071 0.18839998 0.17274603 4.071889e-01  0.258986175
29       2010      6       6 -0.0332217746708871747 0.24412919 0.89832978 4.608295e-03 -0.244239631
30       2011      6       6  0.1926862930911484306 0.29260319 0.54617673 9.780965e-02 -0.127737934
31       2006      7       7 -0.1411925423512674915 0.17065615 0.44571455 1.204167e-01 -0.055500000
32       2007      7       7 -0.1744143170221331141 0.17978936 0.37654968 1.584052e-01 -0.009913793
33       2008      7       7 -0.1079707676802945937 0.17793819 0.57048650 6.858766e-02 -0.117694805
34       2009      7       7 -0.1079707676803776800 0.17793819 0.57048650 6.858766e-02 -0.117694805
35       2010      7       7  0.1661088733544121565 0.20746992 0.45967521 1.136364e-01 -0.063636364
36       2006      8       8 -0.2380893851413388995 0.13895827 0.13747449 3.285359e-01  0.216625207
37       2007      8       8 -0.1494979860189766530 0.13477699 0.30980213 1.701681e-01  0.031862745
38       2008      8       8  0.0055369624451480203 0.14793468 0.97135763 2.334267e-04 -0.166394336
39       2009      8       8  0.0636750681192090190 0.16556197 0.71379662 2.405967e-02 -0.138597050
40       2006      9       9 -0.2054213067149694150 0.10927660 0.10219157 3.354697e-01  0.240536852
41       2007      9       9 -0.0503863582508415550 0.11905156 0.68482609 2.495079e-02 -0.114341957
42       2008      9       9  0.1201520850596990569 0.13232414 0.39405638 1.053728e-01 -0.022431078
43       2006     10      10 -0.1141620984144966905 0.10185842 0.29489113 1.357121e-01  0.027676078
44       2007     10      10  0.0535575276512426507 0.11234233 0.64630077 2.762473e-02 -0.093922176
45       2006     11      11 -0.0169129034688285974 0.10034554 0.86988028 3.146509e-03 -0.107614990
[1] "Stability Time"
[1] 6
[1] "Absolute Range"
[1] -1.279038  1.046486
[1] "Relative Range"
[1] -1.262125  1.063399
[1] "Proportion Significant"
[1] 0.06666667
[1] "Proportion Significantly Wrong"
[1] 0.06666667
[1] "Number of phases"
[1] 1
  Breaks     AICs   AICtot Nfits Nbreaks     AICc
1   2015 62.28639 62.28639     1       0 66.28639
[1] "Holmdel"
[1] "Multiple Breakups"
   start_year N_data N_years                  slope   slope_se     p_value     r_square adj_r_square
1        2006      3       3  0.3519572046058679904 0.20320259 0.333333333 7.500000e-01  0.500000000
2        2007      3       3 -0.0000000000001192485 0.40640517 1.000000000 8.632237e-26 -1.000000000
3        2008      3       3  1.0558716138173533938 1.01601293 0.487754292 5.192308e-01  0.038461538
4        2009      3       3  0.7039144092114433260 1.21921552 0.666666667 2.500000e-01 -0.500000000
5        2010      3       3 -1.0558716138176429400 0.20320259 0.121037718 9.642857e-01  0.928571429
6        2011      3       3 -1.0558716138175305854 0.20320259 0.121037718 9.642857e-01  0.928571429
7        2012      3       3 -0.7039144092116822460 0.40640517 0.333333333 7.500000e-01  0.500000000
8        2013      3       3  0.7039144092115512397 0.40640517 0.333333333 7.500000e-01  0.500000000
9        2014      3       3  0.7039144092115895424 0.40640517 0.333333333 7.500000e-01  0.500000000
10       2006      4       4  0.0703914409211443548 0.18623825 0.741801110 6.666667e-02 -0.400000000
11       2007      4       4  0.7743058501325877918 0.48257941 0.249806227 5.627907e-01  0.344186047
12       2008      4       4  0.4927400864480103171 0.55871474 0.470849738 2.800000e-01 -0.080000000
13       2009      4       4  0.0703914409211442715 0.65656765 0.924407105 5.714286e-03 -0.491428571
14       2010      4       4 -1.1262630547383092328 0.09954853 0.007722123 9.846154e-01  0.976923077
15       2011      4       4 -0.7743058501325876808 0.18623825 0.053270738 8.962963e-01  0.844444444
16       2012      4       4  0.0000000000000000000 0.44519456 1.000000000 1.865701e-32 -0.500000000
17       2013      4       4  0.5631315273691546164 0.19909706 0.105572809 8.000000e-01  0.700000000
18       2006      5       5  0.5631315273691677170 0.30412578 0.161161847 5.333333e-01  0.377777778
19       2007      5       5  0.4927400864480686593 0.32257411 0.224079788 4.375000e-01  0.250000000
20       2008      5       5  0.1407828818422899031 0.38124185 0.736447780 4.347826e-02 -0.275362319
21       2009      5       5 -0.3519572046057405368 0.45072514 0.491832125 1.689189e-01 -0.108108108
22       2010      5       5 -0.9150887319748105542 0.13478935 0.006533194 9.388889e-01  0.918518519
23       2011      5       5 -0.2815657636845774192 0.30412578 0.422826262 2.222222e-01 -0.037037037
24       2012      5       5  0.1407828818423553230 0.26957869 0.637618091 8.333333e-02 -0.222222222
25       2006      6       6  0.4223486455269193640 0.21504940 0.121003919 4.909091e-01  0.363636364
26       2007      6       6  0.2413420831582203108 0.25624516 0.399601642 1.815126e-01 -0.023109244
27       2008      6       6 -0.1810065623686991088 0.31113825 0.591941061 7.800963e-02 -0.152487961
28       2009      6       6 -0.4223486455269775397 0.29785448 0.229179588 3.345133e-01  0.168141593
29       2010      6       6 -0.5229078468427913462 0.24301229 0.097786654 5.365079e-01  0.420634921
30       2011      6       6 -0.1005592013159153086 0.22485721 0.677868829 4.761905e-02 -0.190476190
31       2006      7       7  0.2513980032897744632 0.18128568 0.224163276 2.777778e-01  0.133333333
32       2007      7       7 -0.0251398003289475987 0.23770077 0.919882934 2.232143e-03 -0.197321429
33       2008      7       7 -0.2765378036186885158 0.22681618 0.277136480 2.291667e-01  0.075000000
34       2009      7       7 -0.2513980032896755978 0.23259411 0.329119325 1.893939e-01  0.027272727
35       2010      7       7 -0.3268174042767440501 0.20577813 0.173105846 3.353175e-01  0.202380952
36       2006      8       8  0.0418996672149671429 0.18135023 0.824958578 8.818342e-03 -0.156378601
37       2007      8       8 -0.1340789350878703878 0.18800457 0.502523198 7.814408e-02 -0.075498575
38       2008      8       8 -0.1759786023028600543 0.17875009 0.362890964 1.390728e-01 -0.004415011
39       2009      8       8 -0.1592187354168992652 0.18135023 0.413734928 1.138442e-01 -0.033848418
40       2006      9       9 -0.0586595341009535781 0.15199823 0.711015080 2.083333e-02 -0.119047619
41       2007      9       9 -0.0821233477413350621 0.14868499 0.597906602 4.176136e-02 -0.095129870
42       2008      9       9 -0.1173190682019072395 0.14254100 0.437613517 8.823529e-02 -0.042016807
43       2006     10      10 -0.0298630355422959091 0.12238715 0.813368379 7.387306e-03 -0.116689281
44       2007     10      10 -0.0511937752153761652 0.11994630 0.680774533 2.226345e-02 -0.099953618
45       2006     11      11 -0.0127984438038347744 0.10041320 0.901380476 1.801802e-03 -0.109109109
[1] "Stability Time"
[1] 7
[1] "Absolute Range"
[1] -1.126263  1.055872
[1] "Relative Range"
[1] -1.113465  1.068670
[1] "Proportion Significant"
[1] 0.04444444
[1] "Proportion Significantly Wrong"
[1] 0.04444444
[1] "Number of phases"
[1] 1
  Breaks     AICs   AICtot Nfits Nbreaks     AICc
1   2015 41.10561 41.10561     1       0 45.10561
[1] "Tinton Falls"
[1] "Multiple Breakups"
   start_year N_data N_years                  slope   slope_se    p_value     r_square adj_r_square
1        2006      3       3 -0.1173190682019071424 0.20320259 0.66666667 2.500000e-01 -0.500000000
2        2007      3       3  1.2905097502218156880 0.60960776 0.28094440 8.175676e-01  0.635135135
3        2008      3       3  0.3519572046056860248 1.15148133 0.81115458 8.544304e-02 -0.829113924
4        2009      3       3  0.1173190682021264808 1.01601293 0.92681360 1.315789e-02 -0.973684211
5        2010      3       3 -0.0000000000003182577 1.08374713 1.00000000 8.632230e-26 -1.000000000
6        2011      3       3 -0.3519572046056730352 0.88054454 0.75792456 1.377551e-01 -0.724489796
7        2012      3       3  0.1173190682017878628 0.60960776 0.87896228 3.571429e-02 -0.928571429
8        2013      3       3  0.2346381364038860606 0.67734196 0.78770438 1.071429e-01 -0.785714286
9        2014      3       3 -0.0000000000001463326 0.81281035 1.00000000 3.229900e-26 -1.000000000
10       2006      4       4  0.6569867819306803858 0.45618868 0.28649393 5.090909e-01  0.263636364
11       2007      4       4  0.5162039000883917872 0.52361644 0.42813723 3.270270e-01 -0.009459459
12       2008      4       4  0.6100591546499176676 0.53608524 0.37308433 3.930233e-01  0.089534884
13       2009      4       4 -0.3050295773249586673 0.51567036 0.61412608 1.488987e-01 -0.276651982
14       2010      4       4  0.1642466954826701520 0.49385615 0.77107552 5.240642e-02 -0.421390374
15       2011      4       4 -0.3754210182461030776 0.39402443 0.44125576 3.121951e-01 -0.031707317
16       2012      4       4  0.3988848318864846032 0.31741259 0.33575503 4.412214e-01  0.161832061
17       2013      4       4 -0.1407828818422887096 0.37247649 0.74180111 6.666667e-02 -0.400000000
18       2006      5       5  0.3519572046057303227 0.31683390 0.34765343 2.914508e-01  0.055267703
19       2007      5       5  0.6335229682903711357 0.30980528 0.13341546 5.822684e-01  0.443024494
20       2008      5       5  0.1642466954826649339 0.40254860 0.71063430 5.257511e-02 -0.263233190
21       2009      5       5 -0.0938552545615230077 0.32171960 0.78950278 2.758621e-02 -0.296551724
22       2010      5       5 -0.0234638136403495061 0.30502958 0.94352767 1.968504e-03 -0.330708661
23       2011      5       5 -0.0234638136403745728 0.30502958 0.94352767 1.968504e-03 -0.330708661
24       2012      5       5  0.0938552545615091161 0.25416123 0.73644778 4.347826e-02 -0.275362319
25       2006      6       6  0.4826841663164890273 0.22072178 0.09402278 5.445378e-01  0.430672269
26       2007      6       6  0.3083815507021682167 0.27635660 0.32698272 2.373972e-01  0.046746447
27       2008      6       6  0.1810065623686377967 0.26370751 0.53018621 1.053722e-01 -0.118284751
28       2009      6       6 -0.1541907753510761148 0.21347623 0.51008882 1.153762e-01 -0.105779716
29       2010      6       6  0.1273749883334975852 0.21785248 0.59015005 7.873501e-02 -0.151581243
30       2011      6       6 -0.1206710415791008295 0.20742550 0.59194106 7.800963e-02 -0.152487961
31       2006      7       7  0.2765378036187436939 0.19627657 0.21790683 2.841858e-01  0.141022965
32       2007      7       7  0.2849177370617619331 0.19588262 0.20555088 2.973251e-01  0.156790123
33       2008      7       7  0.0670394675440008359 0.19773802 0.74836086 2.247191e-02 -0.173033708
34       2009      7       7 -0.0083799334430322472 0.17283803 0.96320736 4.699248e-04 -0.199436090
35       2010      7       7  0.0167598668859973779 0.16675857 0.92384996 2.016129e-03 -0.197580645
36       2006      8       8  0.2653645590281226707 0.14643808 0.11992096 3.537135e-01  0.245999086
37       2007      8       8  0.1731852911551985397 0.15961844 0.31958279 1.640212e-01  0.024691358
38       2008      8       8  0.1312856239402299396 0.15198111 0.42086770 1.106104e-01 -0.037621217
39       2009      8       8 -0.0642461563962775928 0.13280229 0.64569606 3.754169e-02 -0.122868025
40       2006      9       9  0.1798892379095909932 0.12370048 0.18920413 2.320175e-01  0.122305764
41       2007      9       9  0.2033530515499724634 0.12486070 0.14741324 2.747967e-01  0.171196283
42       2008      9       9  0.0586595341009536059 0.12496855 0.65305733 3.051537e-02 -0.107982433
43       2006     10      10  0.2033530515499631930 0.09960438 0.07548526 3.425465e-01  0.260364842
44       2007     10      10  0.1308285366615211665 0.10804768 0.26051071 1.548822e-01  0.049242424
45       2006     11      11  0.1429159558095880467 0.08849615 0.14078050 2.246747e-01  0.138527416
[1] "Stability Time"
[1] 7
[1] "Absolute Range"
[1] -0.375421  1.290510
[1] "Relative Range"
[1] -0.518337  1.147594
[1] "Proportion Significant"
[1] 0
[1] "Proportion Significantly Wrong"
[1] 0
[1] "Number of phases"
[1] 2
      Breaks               AICs   AICtot Nfits Nbreaks     AICc
2 2009, 2015 29.05483, 24.51669 53.57152     2       1 81.57152
[1] "Colts Neck"
[1] "Multiple Breakups"
   start_year N_data N_years         slope   slope_se    p_value     r_square adj_r_square
1        2006      3       3  1.073235e+00 0.92944841 0.45437105 5.714286e-01  0.142857143
2        2007      3       3 -4.550128e-13 1.54908068 1.00000000 8.628242e-26 -1.000000000
3        2008      3       3 -1.341543e+00 0.77454034 0.33333333 7.500000e-01  0.500000000
4        2009      3       3  2.683086e-01 0.15490807 0.33333333 7.500000e-01  0.500000000
5        2010      3       3 -9.086910e-14 0.30981614 1.00000000 8.624041e-26 -1.000000000
6        2011      3       3  2.683086e-01 0.46472420 0.66666667 2.500000e-01 -0.500000000
7        2012      3       3  5.366173e-01 0.30981614 0.33333333 7.500000e-01  0.500000000
8        2013      3       3  8.049259e-01 0.46472420 0.33333333 7.500000e-01  0.500000000
9        2014      3       3 -2.683086e-01 1.08435648 0.84557904 5.769231e-02 -0.884615385
10       2006      4       4  1.073235e-01 0.69553550 0.89153477 1.176471e-02 -0.482352941
11       2007      4       4 -2.683086e-01 0.70987795 0.74180111 6.666667e-02 -0.400000000
12       2008      4       4 -6.439407e-01 0.53122401 0.34920863 4.235294e-01  0.135294118
13       2009      4       4  5.366173e-02 0.14197559 0.74180111 6.666667e-02 -0.400000000
14       2010      4       4  2.683086e-01 0.20783098 0.32580014 4.545455e-01  0.181818182
15       2011      4       4  2.683086e-01 0.20783098 0.32580014 4.545455e-01  0.181818182
16       2012      4       4  8.049259e-01 0.20783098 0.06066356 8.823529e-01  0.823529412
17       2013      4       4 -4.965068e-17 0.50907986 1.00000000 4.756074e-33 -0.500000000
18       2006      5       5 -1.073235e-01 0.42025505 0.81493963 2.127660e-02 -0.304964539
19       2007      5       5 -1.609852e-01 0.41450574 0.72365735 4.787234e-02 -0.269503546
20       2008      5       5 -4.829556e-01 0.32047630 0.22891199 4.308511e-01  0.241134752
21       2009      5       5  2.146469e-01 0.12392645 0.18169011 5.000000e-01  0.333333333
22       2010      5       5  2.683086e-01 0.11999127 0.11136715 6.250000e-01  0.500000000
23       2011      5       5  5.366173e-01 0.19594493 0.07142154 7.142857e-01  0.619047619
24       2012      5       5  2.683086e-01 0.33224079 0.47843017 1.785714e-01 -0.095238095
25       2006      6       6 -7.665961e-02 0.27569054 0.79474454 1.896334e-02 -0.226295828
26       2007      6       6 -1.839831e-01 0.27168236 0.53542360 1.028571e-01 -0.121428571
27       2008      6       6 -2.146469e-01 0.26079295 0.45671466 1.448276e-01 -0.068965517
28       2009      6       6  2.299788e-01 0.08161039 0.04792497 6.650246e-01  0.581280788
29       2010      6       6  4.599577e-01 0.13569690 0.02754026 7.417582e-01  0.677197802
30       2011      6       6  2.299788e-01 0.21862555 0.35218066 2.166934e-01  0.020866774
31       2006      7       7 -1.149894e-01 0.19619470 0.58326738 6.428571e-02 -0.122857143
32       2007      7       7 -5.749471e-02 0.20552069 0.79087205 1.541096e-02 -0.181506849
33       2008      7       7 -9.582452e-02 0.19675552 0.64684089 4.528986e-02 -0.145652174
34       2009      7       7  3.832981e-01 0.10566798 0.01510201 7.246377e-01  0.669565217
35       2010      7       7  2.491437e-01 0.15498708 0.16885295 3.407258e-01  0.208870968
36       2006      8       8 -3.194151e-02 0.15389487 0.84244254 7.128600e-03 -0.158349967
37       2007      8       8  1.082686e-14 0.15674136 1.00000000 7.834538e-28 -0.166666667
38       2008      8       8  9.582452e-02 0.18371226 0.62063402 4.337767e-02 -0.116059379
39       2009      8       8  2.363671e-01 0.11575583 0.08720910 4.100030e-01  0.311670161
40       2006      9       9  8.943621e-03 0.12152109 0.94338975 7.731959e-04 -0.141973490
41       2007      9       9  1.341543e-01 0.14401333 0.38257852 1.102941e-01 -0.016806723
42       2008      9       9  3.577449e-02 0.14646541 0.81404022 8.450704e-03 -0.133199195
43       2006     10      10  1.170801e-01 0.11530506 0.33963952 1.141649e-01  0.003435518
44       2007     10      10  7.805342e-02 0.11936157 0.53150394 5.073996e-02 -0.067917548
45       2006     11      11  7.317508e-02 0.09749900 0.47210569 5.890052e-02 -0.045666085
[1] "Stability Time"
[1] 7
[1] "Absolute Range"
[1] -1.341543  1.073235
[1] "Relative Range"
[1] -1.414718  1.000059
[1] "Proportion Significant"
[1] 0.06666667
[1] "Proportion Significantly Wrong"
[1] 0.06666667
[1] "Number of phases"
[1] 1
  Breaks     AICs   AICtot Nfits Nbreaks     AICc
1   2015 46.13875 46.13875     1       0 50.13875
[1] "Marlboro"
[1] "Multiple Breakups"
   start_year N_data N_years       slope  slope_se    p_value    r_square adj_r_square
1        2006      3       3  1.56934312 0.9060607 0.33333333 0.750000000   0.50000000
2        2007      3       3  0.69748583 1.4094277 0.70744996 0.196721311  -0.60655738
3        2008      3       3 -1.22060021 0.3020202 0.15442096 0.942307692   0.88461538
4        2012      3       3  0.34874292 0.4026936 0.54562895 0.428571429  -0.14285714
5        2013      3       3 -0.52311437 0.1006734 0.12103772 0.964285714   0.92857143
6        2014      3       3 -0.34874292 0.2013468 0.33333333 0.750000000   0.50000000
7        2006      4       4  0.73236012 0.6306367 0.36538222 0.402739726   0.10410959
8        2007      4       4  0.03487429 0.7373253 0.96657369 0.001117318  -0.49832402
9        2012      4       4 -0.03487429 0.2854584 0.91393370 0.007407407  -0.48888889
10       2013      4       4 -0.38361721 0.0922687 0.05327074 0.896296296   0.84444444
11       2006      5       5  0.27899433 0.4484207 0.57791183 0.114285714  -0.18095238
12       2012      5       5 -0.10462287 0.1696578 0.58109067 0.112500000  -0.18333333
13       2006     10      10 -0.07925975 0.0971700 0.43829160 0.076781327  -0.03862101
[1] "Stability Time"
[1] 10
[1] "Absolute Range"
[1] -1.220600  1.569343
[1] "Relative Range"
[1] -1.141340  1.648603
[1] "Proportion Significant"
[1] 0
[1] "Proportion Significantly Wrong"
[1] 0
[1] "Number of phases"
[1] 2
      Breaks               AICs   AICtot Nfits Nbreaks     AICc
2 2009, 2015 27.56991, 22.87545 50.44536     2       1 92.44536
[1] "Hazlet"
[1] "Multiple Breakups"
   start_year N_data N_years         slope              slope_se               p_value     r_square adj_r_square
1        2008      3       3 -1.060660e+00 0.6123724356959345805 0.3333333333333753368 7.500000e-01   0.50000000
2        2009      3       3  1.060660e+00 0.6123724356957944703 0.3333333333332187398 7.500000e-01   0.50000000
3        2010      3       3 -3.597082e-13 1.2247448713922124419 0.9999999999998130384 8.636851e-26  -1.00000000
4        2011      3       3 -5.303301e-01 0.9185586535440728451 0.6666666666667813157 2.500000e-01  -0.50000000
5        2012      3       3  1.060660e+00 0.0000000000003116634 0.0000000000001870637 1.000000e+00   1.00000000
6        2013      3       3  5.303301e-01 0.3061862178479672347 0.3333333333333751702 7.500000e-01   0.50000000
7        2014      3       3 -5.303301e-01 0.3061862178478971241 0.3333333333332185733 7.500000e-01   0.50000000
8        2008      4       4 -9.930137e-17 0.6708203932499368083 0.9999999999999998890 2.191280e-32  -0.50000000
9        2009      4       4  2.121320e-01 0.5612486080160911106 0.7418011102528387912 6.666667e-02  -0.40000000
10       2010      4       4  1.060660e-01 0.5511351921262150899 0.8651600275073516588 1.818182e-02  -0.47272727
11       2011      4       4  1.060660e-01 0.5511351921262150899 0.8651600275073516588 1.818182e-02  -0.47272727
12       2012      4       4  7.424621e-01 0.1837117307087383633 0.0561201925514610844 8.909091e-01   0.83636364
13       2013      4       4  4.965068e-17 0.3354101966249684041 0.9999999999999998890 2.191280e-32  -0.50000000
14       2008      5       5 -2.121320e-01 0.4062019202318060129 0.6376180914006134293 8.333333e-02  -0.22222222
15       2009      5       5  2.121320e-01 0.3240370349203987588 0.5594043441634913849 1.250000e-01  -0.16666667
16       2010      5       5  3.181981e-01 0.3409545424246118173 0.4195311281788908775 2.250000e-01  -0.03333333
17       2011      5       5  2.121320e-01 0.3240370349203965938 0.5594043441634706237 1.250000e-01  -0.16666667
18       2012      5       5  3.181981e-01 0.2669269563008292989 0.3189317919128458190 3.214286e-01   0.09523810
19       2008      6       6 -9.091373e-02 0.2749768079274626520 0.7575221578712463266 2.660099e-02  -0.21674877
20       2009      6       6  3.333503e-01 0.2233785110159079712 0.2098982440373665104 3.576355e-01   0.19704433
21       2010      6       6  3.333503e-01 0.2233785110158907905 0.2098982440373695635 3.576355e-01   0.19704433
22       2011      6       6  6.060915e-02 0.2294625486315621521 0.8047261622230805767 1.714286e-02  -0.22857143
23       2008      7       7  7.576144e-02 0.2169477506926443255 0.7411538220689997125 2.380952e-02  -0.17142857
24       2009      7       7  3.409265e-01 0.1580130128973203374 0.0834412188556803158 4.821429e-01   0.37857143
25       2010      7       7  1.894036e-01 0.1784821205245354370 0.3371491779904942643 1.838235e-01   0.02058824
26       2008      8       8  1.388960e-01 0.1657607180433844640 0.4341729792862996651 1.047619e-01  -0.04444444
27       2009      8       8  2.272843e-01 0.1348184720584141849 0.1428004390434148840 3.214286e-01   0.20833333
28       2008      9       9  8.838835e-02 0.1316674201304541270 0.5235563467672080806 6.048387e-02  -0.07373272
29       2006     10      10  1.262691e-01 0.1009075813873640676 0.2461640369052920940 1.636905e-01   0.05915179
[1] "Stability Time"
[1] 6
[1] "Absolute Range"
[1] -1.06066  1.06066
[1] "Relative Range"
[1] -1.1869292  0.9343911
[1] "Proportion Significant"
[1] 0.03448276
[1] "Proportion Significantly Wrong"
[1] 0.03448276
[1] "Number of phases"
[1] 2
      Breaks                AICs   AICtot Nfits Nbreaks     AICc
3 2011, 2015 17.046342, 9.850624 26.89697     2       1 68.89697
[1] "Middletown"
[1] "Multiple Breakups"
   start_year N_data N_years        slope   slope_se    p_value     r_square adj_r_square
1        2006      3       3  0.173933968 0.20084165 0.54562895 0.4285714286  -0.14285714
2        2007      3       3  0.260900952 0.15063124 0.33333333 0.7500000000   0.50000000
3        2008      3       3  0.086966984 0.05021041 0.33333333 0.7500000000   0.50000000
4        2009      3       3  0.782702857 0.35147288 0.26869416 0.8321917808   0.66438356
5        2010      3       3 -0.521801905 1.10462906 0.71905560 0.1824324324  -0.63513514
6        2011      3       3 -1.217537778 0.70294576 0.33333333 0.7500000000   0.50000000
7        2012      3       3  0.521801905 0.30126247 0.33333333 0.7500000000   0.50000000
8        2013      3       3  1.565405714 0.30126247 0.12103772 0.9642857143   0.92857143
9        2014      3       3  0.434834921 0.95399782 0.72773741 0.1720183486  -0.65596330
10       2006      4       4  0.156540571 0.09037874 0.22540333 0.6000000000   0.40000000
11       2007      4       4  0.208720762 0.07379393 0.10557281 0.8000000000   0.70000000
12       2008      4       4  0.487015111 0.23205686 0.17071157 0.6877192982   0.53157895
13       2009      4       4 -0.121753778 0.54533223 0.84405893 0.0243176179  -0.46352357
14       2010      4       4 -0.556588698 0.49441323 0.37720084 0.3878787879   0.08181818
15       2011      4       4 -0.417441524 0.55875864 0.53290063 0.2181818182  -0.17272727
16       2012      4       4  1.043603809 0.33001650 0.08712907 0.8333333333   0.75000000
17       2013      4       4  0.782702857 0.47155035 0.23881727 0.5793991416   0.36909871
18       2006      5       5  0.156540571 0.05218019 0.05766889 0.7500000000   0.66666667
19       2007      5       5  0.434834921 0.13732341 0.05061681 0.7697044335   0.69293924
20       2008      5       5 -0.017393397 0.32056114 0.96013984 0.0009803922  -0.33202614
21       2009      5       5 -0.278294349 0.32756281 0.45797557 0.1939393939  -0.07474747
22       2010      5       5 -0.243507556 0.33786795 0.52316705 0.1475903614  -0.13654618
23       2011      5       5  0.243507556 0.49968820 0.65942171 0.0733532934  -0.23552894
24       2012      5       5  0.695735873 0.27684111 0.08669906 0.6779661017   0.57062147
25       2006      6       6  0.332959311 0.10743103 0.03624626 0.7060026212   0.63250328
26       2007      6       6  0.089451755 0.21873513 0.70352478 0.0401321222  -0.19983485
27       2008      6       6 -0.159025342 0.22522499 0.51909619 0.1108225108  -0.11147186
28       2009      6       6 -0.134177633 0.23001697 0.59097317 0.0784011472  -0.15199857
29       2010      6       6  0.178903510 0.32924231 0.61573343 0.0687411598  -0.16407355
30       2011      6       6  0.223629388 0.32732398 0.53199752 0.1044981509  -0.11937731
31       2006      7       7  0.099390839 0.15477550 0.54904872 0.0761904762  -0.10857143
32       2007      7       7 -0.043483492 0.17266477 0.81119035 0.0125255624  -0.18496933
33       2008      7       7 -0.080755057 0.16554524 0.64631951 0.0454301075  -0.14548387
34       2009      7       7  0.155298186 0.23320803 0.53494769 0.0814650678  -0.10224192
35       2010      7       7  0.180145896 0.23281058 0.47403439 0.1069430315  -0.07166836
36       2006      8       8 -0.006211927 0.13048334 0.96357449 0.0003775960  -0.16622614
37       2007      8       8 -0.008282570 0.13029152 0.95137792 0.0006730607  -0.16588143
38       2008      8       8  0.132521119 0.17431973 0.47592500 0.0878592879  -0.06416416
39       2009      8       8  0.161510113 0.17386000 0.38875149 0.1257440476  -0.01996528
40       2006      9       9  0.014494497 0.10177652 0.89076473 0.0028890601  -0.13955536
41       2007      9       9  0.147843873 0.13531697 0.31074983 0.1456870799   0.02364238
42       2008      9       9  0.142046074 0.13513942 0.32813596 0.1363171840   0.01293392
43       2006     10      10  0.138093029 0.10809230 0.23723378 0.1694461724   0.06562694
44       2007     10      10  0.152851063 0.10798431 0.19465322 0.2002895983   0.10032580
45       2006     11      11  0.143890828 0.08832045 0.13771255 0.2277502750   0.14194475
[1] "Stability Time"
[1] 7
[1] "Absolute Range"
[1] -1.217538  1.565406
[1] "Relative Range"
[1] -1.361429  1.421515
[1] "Proportion Significant"
[1] 0.02222222
[1] "Proportion Significantly Wrong"
[1] 0.02222222
[1] "Number of phases"
[1] 2
      Breaks               AICs   AICtot Nfits Nbreaks     AICc
2 2009, 2015 19.84606, 44.83780 64.68386     2       1 92.68386
[1] "Ocean"
[1] "Multiple Breakups"
   start_year N_data N_years                   slope              slope_se               p_value     r_square
1        2006      3       3  0.67253448356149236886 0.3882879651233721585 0.3333333333332186288 7.500000e-01
2        2007      3       3  1.07605517369844272402 0.1553151860497439807 0.0912578966861668367 9.795918e-01
3        2008      3       3 -0.67253448356134659658 0.8542335232714722837 0.5754087699806447187 3.826531e-01
4        2009      3       3 -0.53802758684897034058 0.9318911162964802486 0.6666666666667813157 2.500000e-01
5        2010      3       3  1.07605517369848779907 0.0000000000003160596 0.0000000000001869884 1.000000e+00
6        2011      3       3 -0.67253448356160416832 1.0095487093209614127 0.6258833721297176744 3.073770e-01
7        2012      3       3 -0.94154827698592624685 0.8542335232721299798 0.4690705426638230313 5.485075e-01
8        2013      3       3  1.34506896712261037052 0.4659455581480113628 0.2122956150096146355 8.928571e-01
9        2014      3       3  0.13450689671207488596 1.1648638953705034993 0.9268136049597872628 1.315789e-02
10       2006      4       4  0.78014000093100699385 0.1844265650461907047 0.0515985867567935255 8.994652e-01
11       2007      4       4  0.08070413802734550945 0.5788486757985061848 0.9018895089748407701 9.625668e-03
12       2008      4       4 -0.29591517276693363181 0.4395721604134254501 0.5701944341594900045 1.847328e-01
13       2009      4       4  0.10760551736979412363 0.5591346697776559127 0.8651600275073515478 1.818182e-02
14       2010      4       4  0.02690137934244855519 0.6057292255924605628 0.9686117589712827103 9.852217e-04
15       2011      4       4 -0.48422482816407319550 0.4643898090363762776 0.4065575739437916614 3.521739e-01
16       2012      4       4  0.13450689671224272392 0.7293201592831791702 0.8706848499720318824 1.672241e-02
17       2013      4       4  0.45732344882162478950 0.5532796951385723361 0.4953956493838038710 2.546256e-01
18       2006      5       5  0.21521103473958946850 0.3431024602733391271 0.5749883153764950849 1.159420e-01
19       2007      5       5  0.08070413802731048192 0.3341984387923691013 0.8247435478014826238 1.906780e-02
20       2008      5       5  0.05380275868489878960 0.3243076295687394306 0.8787855616503805756 9.090909e-03
21       2009      5       5 -0.26901379342448478171 0.3892187406461581900 0.5391437726934937835 1.373626e-01
22       2010      5       5 -0.08070413802730434794 0.3551933004741710809 0.8348623203436156270 1.691729e-02
23       2011      5       5  0.08070413802734784092 0.4222174130227873134 0.8606178347572518428 1.203209e-02
24       2012      5       5 -0.05380275868484281354 0.4348825209382307100 0.9093622437204513798 5.076142e-03
25       2006      6       6  0.17678049282180960389 0.2257065129844330886 0.4772675575175601148 1.329703e-01
26       2007      6       6  0.22289714312314465317 0.2336796059838955331 0.3941706244835899153 1.853103e-01
27       2008      6       6 -0.19983881797250485635 0.2579144647094265830 0.4816961804148233717 1.305019e-01
28       2009      6       6 -0.26132768504093062401 0.2548421160590476076 0.3631134644252888566 2.081633e-01
29       2010      6       6  0.20752492635603231319 0.2859397606559063165 0.5081709675207647381 1.163607e-01
30       2011      6       6 -0.03843054191778493694 0.2848357420135264606 0.8991906146734244265 4.530353e-03
31       2006      7       7  0.25940615794501653557 0.1665754539164422399 0.1801344399343004776 3.266129e-01
32       2007      7       7 -0.00960763547940864625 0.2128909810616467224 0.9657511293406024766 4.071661e-04
33       2008      7       7 -0.21136798054775710054 0.1824945006013080628 0.2990876786159751832 2.115385e-01
34       2009      7       7 -0.00000000000006168485 0.2350240520634332420 0.9999999999998007150 1.380160e-26
35       2010      7       7  0.08646871931501916297 0.2139290578276454580 0.7027793106301024606 3.164063e-02
36       2006      8       8  0.07045599351593684334 0.1652753269045768025 0.6847632211213321440 2.939747e-02
37       2007      8       8 -0.06084835803647029029 0.1614137829828405646 0.7191676617230011725 2.313658e-02
38       2008      8       8 -0.01921527095889183009 0.1755275240068396303 0.9163980368502498974 1.993355e-03
39       2009      8       8 -0.04803817739721825270 0.1773585585770153794 0.7955804658752069214 1.207924e-02
40       2006      9       9  0.01345068967122427933 0.1321845746126412424 0.9218031315426939987 1.477024e-03
41       2007      9       9  0.06276988513237986844 0.1439669022732417980 0.6759650354857948962 2.643885e-02
42       2008      9       9 -0.05380275868489697161 0.1374216568792874515 0.7070609191483130385 2.142857e-02
43       2006     10      10  0.10108397086253383124 0.1169568048691849993 0.4125946469899182123 8.539945e-02
44       2007     10      10  0.01956463952178191454 0.1175236241478906513 0.8719144816589862179 3.452244e-03
45       2006     11      11  0.05869391856534665608 0.0985811086435494366 0.5662528716321492128 3.789474e-02
   adj_r_square
1    0.50000000
2    0.95918367
3   -0.23469388
4   -0.50000000
5    1.00000000
6   -0.38524590
7    0.09701493
8    0.78571429
9   -0.97368421
10   0.84919786
11  -0.48556150
12  -0.22290076
13  -0.47272727
14  -0.49852217
15   0.02826087
16  -0.47491639
17  -0.11806167
18  -0.17874396
19  -0.30790960
20  -0.32121212
21  -0.15018315
22  -0.31077694
23  -0.31729055
24  -0.32656514
25  -0.08378718
26  -0.01836210
27  -0.08687259
28   0.01020408
29  -0.10454908
30  -0.24433706
31   0.19193548
32  -0.19951140
33   0.05384615
34  -0.20000000
35  -0.16203125
36  -0.13236961
37  -0.13967399
38  -0.16434109
39  -0.15257422
40  -0.14116912
41  -0.11264132
42  -0.11836735
43  -0.02892562
44  -0.12111623
45  -0.06900585
[1] "Stability Time"
[1] 6
[1] "Absolute Range"
[1] -0.9415483  1.3450690
[1] "Relative Range"
[1] -1.000242  1.286375
[1] "Proportion Significant"
[1] 0.02222222
[1] "Proportion Significantly Wrong"
[1] 0.02222222
[1] "Number of phases"
[1] 1
  Breaks     AICs   AICtot Nfits Nbreaks     AICc
1   2015 53.96646 53.96646     1       0 57.96646
[1] "Red Bank"
[1] "Multiple Breakups"
   start_year N_data N_years        slope   slope_se   p_value     r_square adj_r_square
1        2006      3       3 -0.765248175 0.26508974 0.2122956 0.8928571429  0.785714286
2        2007      3       3  1.071347446 0.79526923 0.4065197 0.6447368421  0.289473684
3        2008      3       3  0.153049635 1.32544872 0.9268136 0.0131578947 -0.973684211
4        2009      3       3  0.153049635 1.32544872 0.9268136 0.0131578947 -0.973684211
5        2010      3       3  0.153049635 1.32544872 0.9268136 0.0131578947 -0.973684211
6        2011      3       3 -0.459148905 0.97199573 0.7190556 0.1824324324 -0.635135135
7        2012      3       3  0.306099270 0.53017949 0.6666667 0.2500000000 -0.500000000
8        2013      3       3  0.459148905 0.61854274 0.5934803 0.3552631579 -0.289473684
9        2014      3       3  0.153049635 0.79526923 0.8789623 0.0357142857 -0.928571429
10       2006      4       4  0.244879416 0.59512500 0.7206279 0.0780487805 -0.382926829
11       2007      4       4  0.244879416 0.59512500 0.7206279 0.0780487805 -0.382926829
12       2008      4       4  0.612198540 0.64933461 0.4452998 0.3076923077 -0.038461538
13       2009      4       4 -0.306099270 0.64933461 0.6837722 0.1000000000 -0.350000000
14       2010      4       4  0.244879416 0.59512500 0.7206279 0.0780487805 -0.382926829
15       2011      4       4 -0.336709197 0.44040016 0.5244285 0.2261682243 -0.160747664
16       2012      4       4  0.581588613 0.28551039 0.1785584 0.6747663551  0.512149533
17       2013      4       4  0.061219854 0.35958522 0.8804771 0.0142857143 -0.478571429
18       2006      5       5 -0.030609927 0.37862389 0.9406564 0.0021739130 -0.330434783
19       2007      5       5  0.520368759 0.37862389 0.2630008 0.3863636364  0.181818182
20       2008      5       5  0.153049635 0.45914891 0.7608204 0.0357142857 -0.285714286
21       2009      5       5 -0.091829781 0.39477709 0.8310291 0.0177165354 -0.309711286
22       2010      5       5  0.091829781 0.35477596 0.8125034 0.0218446602 -0.304207120
23       2011      5       5  0.061219854 0.34268539 0.8695979 0.0105263158 -0.319298246
24       2012      5       5  0.275489343 0.24166985 0.3370827 0.3022388060  0.069651741
25       2006      6       6  0.244879416 0.29451050 0.4524574 0.1473684211 -0.065789474
26       2007      6       6  0.218642336 0.30295971 0.5104188 0.1152073733 -0.105990783
27       2008      6       6  0.174913869 0.30084846 0.5921579 0.0779220779 -0.152597403
28       2009      6       6 -0.104948321 0.25855323 0.7055872 0.0395604396 -0.200549451
29       2010      6       6  0.253625110 0.25033672 0.3682984 0.2042088223  0.005261028
30       2011      6       6 -0.008745693 0.22794796 0.9712335 0.0003678725 -0.249540159
31       2006      7       7  0.087456934 0.22721978 0.7161397 0.0287769784 -0.165467626
32       2007      7       7  0.218642336 0.21422486 0.3542507 0.1724137931  0.006896552
33       2008      7       7  0.098389051 0.21727152 0.6696371 0.0393968872 -0.152723735
34       2009      7       7  0.065592701 0.20765267 0.7648557 0.0195652174 -0.176521739
35       2010      7       7  0.153049635 0.18629559 0.4487234 0.1189320388 -0.057281553
36       2006      8       8  0.116609246 0.17019391 0.5188249 0.0725623583 -0.082010582
37       2007      8       8  0.149405596 0.16460142 0.3990341 0.1207354737 -0.025808614
38       2008      8       8  0.185845985 0.16963383 0.3152825 0.1666987118  0.027815164
39       2009      8       8  0.029152311 0.15619855 0.8580965 0.0057720058 -0.159932660
40       2006      9       9  0.081626472 0.13336983 0.5598634 0.0507936508 -0.084807256
41       2007      9       9  0.209167835 0.13208590 0.1573074 0.2637552301  0.158577406
42       2008      9       9  0.132643017 0.13494036 0.3583663 0.1212918660 -0.004237867
43       2006     10      10  0.142846326 0.11210984 0.2383708 0.1687010955  0.064788732
44       2007     10      10  0.161397797 0.10891783 0.1766654 0.2153649168  0.117285531
45       2006     11      11  0.114091546 0.09303059 0.2511702 0.1431856899  0.047984100
[1] "Stability Time"
[1] 6
[1] "Absolute Range"
[1] -0.7652482  1.0713474
[1] "Relative Range"
[1] -0.8793397  0.9572559
[1] "Proportion Significant"
[1] 0
[1] "Proportion Significantly Wrong"
[1] 0
[1] "Number of phases"
[1] 2
      Breaks               AICs   AICtot Nfits Nbreaks     AICc
2 2009, 2015 23.36582, 29.13440 52.50022     2       1 80.50022
[1] "Neptune"
[1] "Multiple Breakups"
   start_year N_data N_years         slope   slope_se    p_value     r_square adj_r_square
1        2006      3       3  1.304505e+00 0.45189371 0.21229562 8.928571e-01   0.78571429
2        2007      3       3  5.218019e-01 0.90378741 0.66666667 2.500000e-01  -0.50000000
3        2008      3       3 -5.218019e-01 0.30126247 0.33333333 7.500000e-01   0.50000000
4        2009      3       3 -2.609010e-01 0.15063124 0.33333333 7.500000e-01   0.50000000
5        2010      3       3 -7.827029e-01 0.15063124 0.12103772 9.642857e-01   0.92857143
6        2011      3       3 -2.609010e-01 0.45189371 0.66666667 2.500000e-01  -0.50000000
7        2012      3       3  7.827029e-01 0.15063124 0.12103772 9.642857e-01   0.92857143
8        2013      3       3  1.304505e+00 0.15063124 0.07318640 9.868421e-01   0.97368421
9        2014      3       3 -1.626616e-13 0.90378741 1.00000000 3.229811e-26  -1.00000000
10       2006      4       4  6.783425e-01 0.41416742 0.24311074 5.728814e-01   0.35932203
11       2007      4       4  2.087208e-01 0.44276360 0.68377223 1.000000e-01  -0.35000000
12       2008      4       4 -4.696217e-01 0.13805581 0.07661948 8.526316e-01   0.77894737
13       2009      4       4 -5.218019e-01 0.16500825 0.08712907 8.333333e-01   0.75000000
14       2010      4       4 -4.174415e-01 0.22138180 0.20000000 6.400000e-01   0.46000000
15       2011      4       4  2.087208e-01 0.33816628 0.60000000 1.600000e-01  -0.26000000
16       2012      4       4  1.043604e+00 0.16500825 0.02409993 9.523810e-01   0.92857143
17       2013      4       4  4.696217e-01 0.48670442 0.43639814 3.176471e-01  -0.02352941
18       2006      5       5  4.174415e-01 0.28260925 0.23615368 4.210526e-01   0.22807018
19       2007      5       5 -5.561160e-14 0.28260925 1.00000000 1.297170e-26  -0.33333333
20       2008      5       5 -5.739821e-01 0.09991746 0.01047709 9.166667e-01   0.88888889
21       2009      5       5 -3.652613e-01 0.13131727 0.06890351 7.205882e-01   0.62745098
22       2010      5       5 -5.218019e-02 0.24659396 0.84597630 1.470588e-02  -0.31372549
23       2011      5       5  5.739821e-01 0.28738608 0.13969774 5.707547e-01   0.42767296
24       2012      5       5  5.739821e-01 0.28738608 0.13969774 5.707547e-01   0.42767296
25       2006      6       6  2.087208e-01 0.22079536 0.39802577 1.826087e-01  -0.02173913
26       2007      6       6 -2.087208e-01 0.22079536 0.39802577 1.826087e-01  -0.02173913
27       2008      6       6 -4.472588e-01 0.09814059 0.01035982 8.385093e-01   0.79813665
28       2009      6       6 -1.192690e-01 0.16601543 0.51222526 1.142857e-01  -0.10714286
29       2010      6       6  2.832639e-01 0.25212774 0.32409548 2.398671e-01   0.04983389
30       2011      6       6  3.727156e-01 0.22113066 0.16717287 4.152824e-01   0.26910299
31       2006      7       7  3.973323e-14 0.19722258 1.00000000 8.107369e-27  -0.20000000
32       2007      7       7 -2.049936e-01 0.15614072 0.24624968 2.563559e-01   0.10762712
33       2008      7       7 -2.422652e-01 0.13719784 0.13768900 3.840909e-01   0.26090909
34       2009      7       7  1.490863e-01 0.19438470 0.47773410 1.052632e-01  -0.07368421
35       2010      7       7  2.049936e-01 0.18391922 0.31571579 1.990132e-01   0.03881579
36       2006      8       8 -4.348349e-02 0.14912939 0.78042431 1.397206e-02  -0.15036593
37       2007      8       8 -9.939084e-02 0.13138386 0.47799570 8.707483e-02  -0.06507937
38       2008      8       8 -6.211927e-03 0.17038507 0.97209974 2.214839e-04  -0.16640827
39       2009      8       8  1.180266e-01 0.14599131 0.44969020 9.823129e-02  -0.05206349
40       2006      9       9  8.696698e-03 0.11937896 0.94396376 7.575758e-04  -0.14199134
41       2007      9       9  6.087689e-02 0.13754616 0.67141371 2.722222e-02  -0.11174603
42       2008      9       9 -2.149938e-17 0.13202843 1.00000000 5.892564e-33  -0.14285714
43       2006     10      10  1.201726e-01 0.11494051 0.32634215 1.202131e-01   0.01023976
44       2007     10      10  5.376141e-02 0.10980075 0.63754083 2.909494e-02  -0.09226820
45       2006     11      11  1.043604e-01 0.09429151 0.29709078 1.198020e-01   0.02200220
[1] "Stability Time"
[1] 8
[1] "Absolute Range"
[1] -0.7827029  1.3045048
[1] "Relative Range"
[1] -0.8870632  1.2001444
[1] "Proportion Significant"
[1] 0.06666667
[1] "Proportion Significantly Wrong"
[1] 0.06666667
[1] "Number of phases"
[1] 1
  Breaks     AICs   AICtot Nfits Nbreaks     AICc
1   2015 43.72485 43.72485     1       0 47.72485
[1] "Shrewsbury"
[1] "Multiple Breakups"
   start_year N_data N_years         slope   slope_se    p_value     r_square adj_r_square
1        2009      3       3 -7.385489e-01 0.42640143 0.33333333 7.500000e-01   0.50000000
2        2010      3       3 -7.385489e-01 0.42640143 0.33333333 7.500000e-01   0.50000000
3        2011      3       3  1.107823e+00 0.63960215 0.33333333 7.500000e-01   0.50000000
4        2012      3       3  3.692745e-01 1.06600358 0.78770438 1.071429e-01  -0.78571429
5        2013      3       3 -3.692745e-01 0.63960215 0.66666667 2.500000e-01  -0.50000000
6        2014      3       3  1.107823e+00 0.21320072 0.12103772 9.642857e-01   0.92857143
7        2009      4       4 -5.908392e-01 0.20889319 0.10557281 8.000000e-01   0.70000000
8        2010      4       4  2.215647e-01 0.58620505 0.74180111 6.666667e-02  -0.40000000
9        2011      4       4  4.431294e-01 0.47863442 0.45227744 3.000000e-01  -0.05000000
10       2012      4       4  2.954196e-01 0.47863442 0.60000000 1.600000e-01  -0.26000000
11       2013      4       4  2.954196e-01 0.47863442 0.60000000 1.600000e-01  -0.26000000
12       2009      5       5  3.739038e-15 0.36181361 1.00000000 3.544431e-29  -0.33333333
13       2010      5       5  7.385489e-02 0.34902461 0.84597630 1.470588e-02  -0.31372549
14       2011      5       5  3.692745e-01 0.27961012 0.27831936 3.676471e-01   0.15686275
15       2012      5       5  5.169843e-01 0.30451153 0.18812040 4.900000e-01   0.32000000
16       2009      6       6 -4.220280e-02 0.23811255 0.86793370 7.792208e-03  -0.24025974
17       2010      6       6  1.266084e-01 0.23051125 0.61205524 7.012987e-02  -0.16233766
18       2011      6       6  5.064336e-01 0.19944264 0.06403229 6.171429e-01   0.52142857
19       2009      7       7  2.637675e-02 0.17296390 0.88475656 4.629630e-03  -0.19444444
20       2010      7       7  2.901442e-01 0.18836766 0.18411338 3.218085e-01   0.18617021
21       2009      8       8  1.758450e-01 0.15513608 0.30025929 1.763668e-01   0.03909465
22       2006     10      10  1.586294e-01 0.08996305 0.11586781 2.798716e-01   0.18985560
[1] "Stability Time"
[1] 7
[1] "Absolute Range"
[1] -0.7385489  1.1078234
[1] "Relative Range"
[1] -0.8971783  0.9491940
[1] "Proportion Significant"
[1] 0
[1] "Proportion Significantly Wrong"
[1] 0
[1] "Number of phases"
[1] 1
  Breaks     AICs   AICtot Nfits Nbreaks     AICc
1   2015 37.21901 37.21901     1       0 42.01901
[1] "Atlantic Highlands"
[1] "Multiple Breakups"
   start_year N_data N_years         slope   slope_se    p_value     r_square adj_r_square
1        2006      3       3  4.757494e-01 0.27467402 0.33333333 7.500000e-01   0.50000000
2        2007      3       3  1.189373e+00 0.13733701 0.07318640 9.868421e-01   0.97368421
3        2008      3       3 -2.378747e-01 0.96135906 0.84557904 5.769231e-02  -0.88461538
4        2009      3       3 -2.378747e-01 0.96135906 0.84557904 5.769231e-02  -0.88461538
5        2010      3       3 -2.419512e-13 0.82402205 1.00000000 8.626920e-26  -1.00000000
6        2011      3       3 -7.136240e-01 0.41201103 0.33333333 7.500000e-01   0.50000000
7        2012      3       3  7.136240e-01 0.41201103 0.33333333 7.500000e-01   0.50000000
8        2013      3       3  1.189373e+00 0.13733701 0.07318640 9.868421e-01   0.97368421
9        2014      3       3 -7.136240e-01 0.96135906 0.59348027 3.552632e-01  -0.28947368
10       2006      4       4  8.087739e-01 0.22816138 0.07119078 8.626866e-01   0.79402985
11       2007      4       4  2.854496e-01 0.52548234 0.64143142 1.285714e-01  -0.30714286
12       2008      4       4  9.514987e-02 0.47096783 0.85857864 2.000000e-02  -0.47000000
13       2009      4       4 -4.281744e-01 0.44374946 0.43639814 3.176471e-01  -0.02352941
14       2010      4       4 -1.427248e-01 0.37761434 0.74180111 6.666667e-02  -0.40000000
15       2011      4       4 -4.965068e-17 0.45133547 1.00000000 6.050922e-33  -0.50000000
16       2012      4       4  8.563488e-01 0.20184336 0.05131670 9.000000e-01   0.85000000
17       2013      4       4  9.514987e-02 0.63472881 0.89459074 1.111111e-02  -0.48333333
18       2006      5       5  3.330245e-01 0.30462822 0.35422435 2.848837e-01   0.04651163
19       2007      5       5  3.330245e-01 0.30462822 0.35422435 2.848837e-01   0.04651163
20       2008      5       5 -1.427248e-01 0.30462822 0.67135378 6.818182e-02  -0.24242424
21       2009      5       5 -3.805995e-01 0.25766707 0.23615368 4.210526e-01   0.22807018
22       2010      5       5  1.427248e-01 0.27329720 0.63761809 8.333333e-02  -0.22222222
23       2011      5       5  3.330245e-01 0.32383589 0.37943514 2.606383e-01   0.01418440
24       2012      5       5  2.378747e-01 0.37561107 0.57151995 1.179245e-01  -0.17610063
25       2006      6       6  3.534138e-01 0.19977311 0.15160290 4.389610e-01   0.29870130
26       2007      6       6  9.514987e-02 0.24214082 0.71439722 3.716814e-02  -0.20353982
27       2008      6       6 -1.902997e-01 0.20130867 0.39802577 1.826087e-01  -0.02173913
28       2009      6       6 -1.087427e-01 0.23041098 0.66155562 5.274725e-02  -0.18406593
29       2010      6       6  3.398210e-01 0.21203667 0.18427263 3.910323e-01   0.23879041
30       2011      6       6  4.077852e-02 0.27094907 0.88765263 5.630865e-03  -0.24296142
31       2006      7       7  1.699105e-01 0.17657615 0.38011739 1.562500e-01  -0.01250000
32       2007      7       7  3.620313e-14 0.17981635 1.00000000 8.115095e-27  -0.20000000
33       2008      7       7 -3.398210e-02 0.16854572 0.84816027 8.064516e-03  -0.19032258
34       2009      7       7  1.019463e-01 0.20332542 0.63738454 4.787234e-02  -0.14255319
35       2010      7       7  1.189373e-01 0.19683233 0.57204045 6.805556e-02  -0.11833333
36       2006      8       8  7.929156e-02 0.14162982 0.59584773 4.964539e-02  -0.10874704
37       2007      8       8  7.929156e-02 0.14162982 0.59584773 4.964539e-02  -0.10874704
38       2008      8       8  1.132737e-01 0.15169087 0.48344372 8.503401e-02  -0.06746032
39       2009      8       8 -1.699105e-02 0.16638123 0.92198789 1.735107e-03  -0.16464238
40       2006      9       9  1.268665e-01 0.11309227 0.29895035 1.523810e-01   0.03129252
41       2007      9       9  1.744414e-01 0.12269163 0.19807606 2.240741e-01   0.11322751
42       2008      9       9  1.585831e-02 0.13026635 0.90652790 2.112676e-03  -0.14044266
43       2006     10      10  1.960664e-01 0.09866718 0.08213474 3.304746e-01   0.24678388
44       2007     10      10  8.361655e-02 0.11103626 0.47299230 6.619441e-02  -0.05053129
45       2006     11      11  1.167748e-01 0.09265991 0.23927242 1.500000e-01   0.05555556
[1] "Stability Time"
[1] 6
[1] "Absolute Range"
[1] -0.713624  1.189373
[1] "Relative Range"
[1] -0.8303989  1.0725985
[1] "Proportion Significant"
[1] 0
[1] "Proportion Significantly Wrong"
[1] 0
[1] "Number of phases"
[1] 1
  Breaks     AICs   AICtot Nfits Nbreaks     AICc
1   2015 44.54987 44.54987     1       0 48.54987
[1] "Lincroft"
[1] "Multiple Breakups"
   start_year N_data N_years                   slope               slope_se                p_value     r_square
1        2007      3       3  0.15732919388204827382 0.27250215731737725822 0.66666666666647977912 2.500000e-01
2        2008      3       3  0.62931677552762466110 0.00000000000004152895 0.00000000000004201087 1.000000e+00
3        2009      3       3  0.78664596940970199501 0.09083405243898186321 0.07318639504021293152 9.868421e-01
4        2010      3       3 -0.94397516329212938224 1.09000862926941666231 0.54562894834280317724 4.285714e-01
5        2011      3       3 -0.78664596940947306702 1.18084268170874318038 0.62588337212994682446 3.073770e-01
6        2012      3       3  1.41596274493774054726 0.09083405243872534618 0.04078329453664755744 9.959016e-01
7        2013      3       3 -0.00000000000006029155 0.90834052439105339438 0.99999999999995781153 4.364360e-27
8        2014      3       3 -1.41596274493741791645 0.09083405243937751894 0.04078329453694883727 9.959016e-01
9        2007      4       4  0.34612422654015390089 0.16350129439037089374 0.16847815937970000988 6.914286e-01
10       2008      4       4  0.72371429185668545436 0.05450043146345697614 0.00562328731563108922 9.887850e-01
11       2009      4       4 -0.28319254898739870674 0.61900591017508310721 0.69220649437445369578 9.473684e-02
12       2010      4       4 -0.47198758164566440021 0.55846323792959895460 0.48701082395742301134 2.631579e-01
13       2011      4       4  0.12586335510551069361 0.74594613985485314078 0.88153022444818129877 1.403509e-02
14       2012      4       4  0.53491925919841964987 0.51029015236819952328 0.40451597251155002599 3.546012e-01
15       2013      4       4 -0.53491925919841964987 0.51029015236819952328 0.40451597251155002599 3.546012e-01
16       2007      5       5  0.50345342042212748446 0.13100273345091859034 0.03108493518295653291 8.311688e-01
17       2008      5       5  0.03146583877637290638 0.40090656343749997426 0.94238284473353095549 2.049180e-03
18       2009      5       5 -0.18879503265827363157 0.36151496415353884251 0.63761809140059289014 8.333333e-02
19       2010      5       5  0.03146583877636700138 0.43410695097459178760 0.94677869615875032139 1.748252e-03
20       2011      5       5 -0.03146583877636879856 0.44014699014908686969 0.94750737303149068502 1.700680e-03
21       2012      5       5 -0.00000000000006326522 0.42682340355447384583 0.99999999999989097610 7.342880e-27
22       2007      6       6  0.07192191720315073422 0.26349225283970129086 0.79839931880351699967 1.828571e-02
23       2008      6       6  0.00899023965036734908 0.26277554439357664329 0.97434679082039532538 2.925402e-04
24       2009      6       6  0.08990239650393733184 0.28618537306755120753 0.76911628929169406632 2.407705e-02
25       2010      6       6 -0.05394143790236227698 0.28843588247883494846 0.86075246495921298173 8.667737e-03
26       2011      6       6 -0.25172671021101916677 0.31495791985232707288 0.46892099340299453480 1.377049e-01
27       2007      7       7  0.04495119825196976227 0.18696672666592231704 0.81954857627233268502 1.142857e-02
28       2008      7       7  0.16856699344487352521 0.20739754132946755516 0.45329451239199924917 1.167012e-01
29       2009      7       7  0.01123779956300945994 0.20739754132947116338 0.95888629468522312838 5.868545e-04
30       2010      7       7 -0.21351819169683447508 0.22379873979655809380 0.38386592260578661362 1.540102e-01
31       2007      8       8  0.16107512706954221771 0.15464550319753139762 0.33774681634730013835 1.531263e-01
32       2008      8       8  0.08990239650393629101 0.16111867854447747828 0.59704108294870006368 4.933196e-02
33       2009      8       8 -0.12736172838059139911 0.17406837359886614958 0.49194275566181255854 8.191610e-02
34       2007      9       9  0.09964182279186246938 0.12492860342487865921 0.45131166729762417500 8.330769e-02
35       2008      9       9 -0.03671014523910719890 0.14463442094154460582 0.80693348240910478530 9.119107e-03
36       2007     10      10 -0.00572106159570442280 0.11675732233200930565 0.96212086025404452982 3.000300e-04
   adj_r_square
1   -0.50000000
2    1.00000000
3    0.97368421
4   -0.14285714
5   -0.38524590
6    0.99180328
7   -1.00000000
8    0.99180328
9    0.53714286
10   0.98317757
11  -0.35789474
12  -0.10526316
13  -0.47894737
14   0.03190184
15   0.03190184
16   0.77489177
17  -0.33060109
18  -0.22222222
19  -0.33100233
20  -0.33106576
21  -0.33333333
22  -0.22714286
23  -0.24963432
24  -0.21990369
25  -0.23916533
26  -0.07786885
27  -0.18628571
28  -0.05995851
29  -0.19929577
30  -0.01518771
31   0.01198068
32  -0.10911271
33  -0.07109788
34  -0.04764835
35  -0.13243531
36  -0.12466247
[1] "Stability Time"
[1] 6
[1] "Absolute Range"
[1] -1.415963  1.415963
[1] "Relative Range"
[1] -1.410242  1.421684
[1] "Proportion Significant"
[1] 0.1388889
[1] "Proportion Significantly Wrong"
[1] 0.1388889
[1] "Number of phases"
[1] 2
      Breaks               AICs  AICtot Nfits Nbreaks    AICc
2 2010, 2015 19.09751, 31.71470 50.8122     2       1 92.8122
[1] "Monmouth County"
[1] 2005
[1] 2016
[1] "Multiple Breakups"
   start_year N_data N_years        slope   slope_se    p_value     r_square adj_r_square
1        2005      3       3  1.202499959 0.79617394 0.37231667 0.6952289927  0.390457985
2        2006      3       3 -0.033096329 0.08280209 0.75792456 0.1377551020 -0.724489796
3        2007      3       3  0.446800444 0.19426644 0.26110162 0.8410100837  0.682020167
4        2008      3       3  0.093772933 0.39808697 0.85272339 0.0525709435 -0.894858113
5        2009      3       3 -0.071708713 0.30254610 0.85184394 0.0531892572 -0.893621486
6        2010      3       3 -0.292350908 0.42993393 0.61982975 0.3161864025 -0.367627195
7        2011      3       3 -0.452316498 0.33757775 0.40816794 0.6422567499  0.284513500
8        2012      3       3  0.341995401 0.12101844 0.21652030 0.8887176326  0.777435265
9        2013      3       3  0.904632997 0.20382053 0.14107942 0.9516889979  0.903377996
10       2014      3       3  0.364059621 0.51592071 0.60879201 0.3324175824 -0.335164835
11       2005      4       4  0.736944929 0.44612302 0.24035957 0.5770535899  0.365580385
12       2006      4       4  0.226158249 0.15419322 0.28012545 0.5182193723  0.277329059
13       2007      4       4  0.167688068 0.18307320 0.45637959 0.2955231517 -0.056715272
14       2008      4       4  0.132385317 0.17942023 0.53743399 0.2139673105 -0.179049034
15       2009      4       4 -0.308899072 0.19250952 0.24979065 0.5628140704  0.344221106
16       2010      4       4 -0.239396781 0.19468783 0.34385367 0.4305280000  0.145792000
17       2011      4       4 -0.092669722 0.25672362 0.75268431 0.0611650485 -0.408252427
18       2012      4       4  0.637655942 0.17907394 0.07061463 0.8637571746  0.795635762
19       2013      4       4  0.509683469 0.24556792 0.17360216 0.6829333845  0.524400077
20       2005      5       5  0.653100895 0.26207860 0.08832761 0.6742700589  0.565693412
21       2006      5       5  0.113630730 0.11020888 0.37836191 0.2616405248  0.015520700
22       2007      5       5  0.168791279 0.10569928 0.20856919 0.4594684777  0.279291304
23       2008      5       5 -0.093772933 0.16667251 0.61299810 0.0954425363 -0.206076618
24       2009      5       5 -0.268080266 0.11361645 0.09944319 0.6498327244  0.533110299
25       2010      5       5 -0.070605502 0.14876586 0.66747550 0.0698404038 -0.240212795
26       2011      5       5  0.249325680 0.24689260 0.38694734 0.2536954621  0.004927283
27       2012      5       5  0.463348608 0.14428043 0.04890229 0.7746627319  0.699550309
28       2005      6       6  0.450740483 0.20757269 0.09565130 0.5410389514  0.426298689
29       2006      6       6  0.129863692 0.07275482 0.14882349 0.4433656056  0.304207007
30       2007      6       6 -0.003152031 0.12100818 0.98046670 0.0001695969 -0.249788004
31       2008      6       6 -0.126081254 0.11069570 0.31828904 0.2448979592  0.056122449
32       2009      6       6 -0.139319786 0.10516045 0.25584380 0.3049735141  0.131216893
33       2010      6       6  0.167372865 0.16841240 0.37655918 0.1980260208 -0.002467474
34       2011      6       6  0.235771945 0.16181847 0.21884040 0.3467140378  0.183392547
35       2005      7       7  0.378637766 0.15256522 0.05571738 0.5519463211  0.462335585
36       2006      7       7  0.010638106 0.08593532 0.90630244 0.0030555276 -0.196333367
37       2007      7       7 -0.050038498 0.08974558 0.60118415 0.0585351160 -0.129757861
38       2008      7       7 -0.065010647 0.08584856 0.48302672 0.1028911565 -0.076530612
39       2009      7       7  0.056342560 0.13524278 0.69424918 0.0335471488 -0.159743421
40       2010      7       7  0.177695767 0.11923460 0.19633296 0.3075756384  0.169090766
41       2005      8       8  0.230623627 0.14224598 0.15607986 0.3046395564  0.188746149
42       2006      8       8 -0.028893621 0.06799728 0.68570924 0.0292141396 -0.132583504
43       2007      8       8 -0.019437527 0.06918623 0.78818918 0.0129842108 -0.151518421
44       2008      8       8  0.070658036 0.10114228 0.51095779 0.0752218369 -0.078907857
45       2009      8       8  0.089044886 0.10255697 0.41862763 0.1116184338 -0.036445161
46       2005      9       9  0.155001142 0.11851838 0.23224335 0.1963632294  0.081557976
47       2006      9       9 -0.008641819 0.05395266 0.87726807 0.0036517225 -0.138683746
48       2007      9       9  0.079982795 0.07852923 0.34233946 0.1290674991  0.004648570
49       2008      9       9  0.093956801 0.07949089 0.27580405 0.1663770400  0.047288046
50       2005     10      10  0.138135386 0.09504508 0.18419512 0.2088823378  0.109992630
51       2006     10      10  0.070739225 0.06287157 0.29315140 0.1366226345  0.028700464
52       2007     10      10  0.097350011 0.06344205 0.16345956 0.2273967266  0.130821317
53       2005     11      11  0.179823388 0.08125069 0.05416242 0.3524350404  0.280483378
54       2006     11      11  0.086752499 0.05216031 0.13063563 0.2350971841  0.150107982
55       2005     12      12  0.176590903 0.06763041 0.02599094 0.4053965117  0.345936163
[1] "Stability"
[1] 8
[1] "Absolute Range"
[1] -0.4523165  1.2025000
[1] "Relative Range"
[1] -0.6289074  1.0259091
[1] "Proportion Significant"
[1] 0.03636364
[1] "Proportion Significantly Wrong"
[1] 0.9636364
[1] "Number of phases"
[1] 2
      Breaks             AICs   AICtot Nfits Nbreaks     AICc
2 2008, 2015 47.4695, 81.9980 129.4675     2       1 150.4675
