[1] "Albany"
[1] "Multiple Breakups"
   start_year N_data N_years       slope   slope_se     p_value   r_square adj_r_square
1        2008      3       3  0.08055521 0.64619049 0.921045216 0.01530273 -0.969394546
2        2009      3       3  0.24166562 0.73920763 0.798845846 0.09655978 -0.806880441
3        2010      3       3 -0.50597578 1.17085860 0.740320632 0.15735948 -0.685281044
4        2011      3       3 -1.31227028 0.70534425 0.313977721 0.77585212  0.551704249
5        2012      3       3  0.08315376 0.10030420 0.559341476 0.40732563 -0.185348747
6        2013      3       3 -0.13883708 0.22847067 0.652375356 0.26968658 -0.460626844
7        2014      3       3 -0.21827862 0.18260507 0.443497772 0.58828814  0.176576282
8        2015      3       3  0.14254930 0.02571902 0.113637664 0.96847415  0.936948298
9        2016      3       3 -0.02598555 0.12302267 0.867477509 0.04271071 -0.914578588
10       2008      4       4  0.40106841 0.34315497 0.362955220 0.40582605  0.108739077
11       2009      4       4 -0.46298826 0.52421174 0.470292201 0.28059035 -0.079114471
12       2010      4       4 -0.58415517 0.52556570 0.382071530 0.38183559  0.072753390
13       2011      4       4 -0.71935427 0.46549461 0.262284567 0.54422406  0.316336089
14       2012      4       4 -0.08478714 0.10683430 0.510611677 0.23950093 -0.140748603
15       2013      4       4 -0.10735744 0.10377905 0.409605073 0.34856617  0.022849255
16       2014      4       4 -0.06503812 0.12040130 0.643180002 0.12732051 -0.309019233
17       2015      4       4  0.03251906 0.06455885 0.664469759 0.11258054 -0.331129186
18       2008      5       5 -0.12183511 0.36110175 0.758044271 0.03655862 -0.284588510
19       2009      5       5 -0.52943702 0.30507561 0.181070515 0.50097421  0.334632283
20       2010      5       5 -0.43158287 0.31596288 0.265348000 0.38344705  0.177929398
21       2011      5       5 -0.56381219 0.28335994 0.140719625 0.56890726  0.425209675
22       2012      5       5 -0.08181736 0.06170464 0.276773288 0.36950251  0.159336683
23       2013      5       5 -0.04217084 0.07075636 0.593148246 0.10587000 -0.192173335
24       2014      5       5 -0.06919581 0.06955516 0.393144026 0.24806262 -0.002583176
25       2008      6       6 -0.26677084 0.25076975 0.347372713 0.22052927  0.025661586
26       2009      6       6 -0.43609056 0.20686263 0.102708349 0.52629961  0.407874516
27       2010      6       6 -0.40270178 0.20751726 0.124295922 0.48492187  0.356152343
28       2011      6       6 -0.42482662 0.20211438 0.103429836 0.52482966  0.406037077
29       2012      6       6 -0.04255266 0.04632143 0.410266400 0.17421864 -0.032226697
30       2013      6       6 -0.05167412 0.04664473 0.330065651 0.23478261  0.043478261
31       2008      7       7 -0.26242754 0.17733872 0.198995223 0.30457389  0.165488665
32       2009      7       7 -0.41330283 0.14686445 0.037363831 0.61299118  0.535589422
33       2010      7       7 -0.33874021 0.15131226 0.075339072 0.50058442  0.400701305
34       2011      7       7 -0.30962578 0.15763520 0.106713983 0.43554169  0.322650026
35       2012      7       7 -0.04958467 0.03300486 0.193320621 0.31101381  0.173216578
36       2008      8       8 -0.28329553 0.13272843 0.076741586 0.43158469  0.336848806
37       2009      8       8 -0.36119915 0.11352445 0.019035261 0.62786370  0.565840980
38       2010      8       8 -0.26826987 0.11989588 0.066573396 0.45486816  0.364012855
39       2011      8       8 -0.25574554 0.12154264 0.080015812 0.42459856  0.328698323
40       2008      9       9 -0.26761404 0.10320887 0.035791388 0.48991932  0.417050649
41       2009      9       9 -0.30033109 0.09469770 0.015675678 0.58964098  0.531018262
42       2010      9       9 -0.23343686 0.09502347 0.043681015 0.46298416  0.386267610
43       2008     10      10 -0.23482838 0.08448012 0.023936082 0.49130983  0.427723564
44       2009     10      10 -0.26600204 0.07809941 0.009278611 0.59184591  0.540826646
45       2008     11      11 -0.21713796 0.06972979 0.012438546 0.51863781  0.465153128
[1] "Stability Time"
[1] 6
[1] "Absolute Range"
[1] -1.3122703  0.4010684
[1] "Relative Range"
[1] -1.0951323  0.6182064
[1] "Proportion Significant"
[1] 0.1777778
[1] "Proportion Significantly Wrong"
[1] 0.8222222
[1] "Allegany"
[1] "Multiple Breakups"
   start_year N_data N_years       slope   slope_se     p_value    r_square  adj_r_square
1        2009      3       3 -0.85558199 0.59796428 0.388329008 0.671836228  0.3436724566
2        2010      3       3  0.36925118 0.10919348 0.183042122 0.919584245  0.8391684902
3        2011      3       3  0.78353298 0.12999224 0.104665223 0.973212755  0.9464255100
4        2012      3       3  0.63943496 0.21318727 0.204870647 0.899964294  0.7999285884
5        2013      3       3 -0.17111640 0.25478478 0.623491501 0.310849598 -0.3783008037
6        2014      3       3 -0.22515316 0.22358664 0.497777625 0.503490870  0.0069817401
7        2015      3       3 -0.09906739 0.15079099 0.629952165 0.301495017 -0.3970099668
8        2016      3       3  0.95464938 0.75915465 0.427692915 0.612605409  0.2252108171
9        2009      4       4 -0.32782300 0.40540775 0.503628159 0.246385004 -0.1304224933
10       2010      4       4  0.57999453 0.13110643 0.047487342 0.907280364  0.8609205460
11       2011      4       4  0.65204354 0.09561775 0.020834540 0.958764999  0.9381474978
12       2012      4       4  0.22695438 0.25652129 0.469632330 0.281289865 -0.0780652020
13       2013      4       4 -0.11527842 0.11841601 0.432984070 0.321507064 -0.0177394035
14       2014      4       4 -0.22695438 0.09999640 0.151279387 0.720326679  0.5804900181
15       2015      4       4  0.58539821 0.40088897 0.281660507 0.516011627  0.2740174406
16       2009      5       5  0.04503063 0.31800171 0.896366505 0.006639612 -0.3244805167
17       2010      5       5  0.56018105 0.07655384 0.005271474 0.946945369  0.9292604921
18       2011      5       5  0.37285363 0.17038169 0.116434890 0.614833840  0.4864451204
19       2012      5       5  0.13148944 0.15802608 0.466408809 0.187508797 -0.0833216045
20       2013      5       5 -0.15310415 0.07177078 0.122634778 0.602686019  0.4702480258
21       2014      5       5  0.27198501 0.29379119 0.422845607 0.222205980 -0.0370586936
22       2009      6       6  0.18372498 0.22305014 0.456390775 0.145019846 -0.0687251922
23       2010      6       6  0.38700611 0.11183988 0.025809322 0.749594387  0.6869929835
24       2011      6       6  0.26297889 0.12831815 0.109761490 0.512204499  0.3902556240
25       2012      6       6  0.03396596 0.11778228 0.787382813 0.020367196 -0.2245410056
26       2013      6       6  0.18218107 0.19919751 0.412158691 0.172946664 -0.0338166696
27       2009      7       7  0.14795779 0.15906638 0.394979578 0.147514835 -0.0229821978
28       2010      7       7  0.30106193 0.09336066 0.023342622 0.675299689  0.6103596271
29       2011      7       7  0.15696391 0.10944937 0.210994602 0.291454531  0.1497454375
30       2012      7       7  0.23866235 0.14457940 0.159704279 0.352744746  0.2232936955
31       2009      8       8  0.13423417 0.11882554 0.301742861 0.175389694  0.0379546432
32       2010      8       8  0.21014295 0.08716514 0.052512361 0.492052562  0.4073946558
33       2011      8       8  0.28883933 0.11158913 0.041299579 0.527555662  0.4488149392
34       2009      9       9  0.09486453 0.09480697 0.350342713 0.125132832  0.0001518081
35       2010      9       9  0.30500748 0.08693915 0.009882145 0.637457390  0.5856655884
36       2009     10      10  0.19344068 0.09465174 0.075239358 0.343010203  0.2608864783
[1] "Stability Time"
[1] 6
[1] "Absolute Range"
[1] -0.8555820  0.9546494
[1] "Relative Range"
[1] -1.0490227  0.7612087
[1] "Proportion Significant"
[1] 0.1944444
[1] "Proportion Significantly Wrong"
[1] 0.1944444
[1] "Cattaraugus"
[1] "Multiple Breakups"
   start_year N_data N_years       slope   slope_se     p_value    r_square adj_r_square
1        2008      3       3  0.03317418 0.08880083 0.772392647 0.122469636 -0.755060729
2        2009      3       3  0.26840926 0.22461387 0.443596923 0.588134838  0.176269676
3        2010      3       3  0.69364190 0.02089431 0.019170860 0.999093450  0.998186900
4        2011      3       3  0.33475761 0.22809625 0.380773677 0.682931786  0.365863573
5        2012      3       3 -0.23221924 0.09924799 0.257125981 0.845550485  0.691100970
6        2013      3       3 -0.54586602 0.08183606 0.094736278 0.978018151  0.956036301
7        2014      3       3 -0.34380511 0.19849598 0.333333333 0.750000000  0.500000000
8        2015      3       3  0.59411937 0.34301498 0.333333333 0.750000000  0.500000000
9        2016      3       3  1.55918635 0.21416671 0.086901011 0.981482161  0.962964323
10       2008      4       4  0.20507674 0.10689846 0.195071788 0.647909427  0.471864141
11       2009      4       4  0.44574032 0.14343075 0.089812435 0.828441404  0.742662106
12       2010      4       4  0.47107332 0.12883932 0.067335525 0.869863023  0.804794535
13       2011      4       4  0.07358636 0.18205051 0.725186190 0.075522630 -0.386716054
14       2012      4       4 -0.38602680 0.09927548 0.060224831 0.883177369  0.824766053
15       2013      4       4 -0.39628063 0.09379778 0.051717000 0.899240649  0.848860973
16       2014      4       4  0.15018855 0.29870282 0.665007433 0.112220020 -0.331669970
17       2015      4       4  1.05433569 0.30680864 0.075246176 0.855169634  0.782754451
18       2008      5       5  0.34440828 0.10139126 0.042560579 0.793650137  0.724866849
19       2009      5       5  0.37999513 0.09109484 0.025081087 0.852946739  0.803928985
20       2010      5       5  0.25152058 0.14697276 0.185541863 0.493986000  0.325314667
21       2011      5       5 -0.13088721 0.15806310 0.468355810 0.186043112 -0.085275851
22       2012      5       5 -0.33958295 0.06327888 0.012665414 0.905656765  0.874209020
23       2013      5       5 -0.04945968 0.20743095 0.826899428 0.018598630 -0.308535160
24       2014      5       5  0.60497637 0.31414187 0.149781288 0.552821452  0.403761936
25       2008      6       6  0.32639944 0.06718557 0.008290209 0.855082404  0.818853005
26       2009      6       6  0.24919408 0.09622563 0.060704061 0.626394090  0.532992612
27       2010      6       6  0.05462968 0.14892809 0.732334834 0.032544322 -0.209319598
28       2011      6       6 -0.17061006 0.10598760 0.182745774 0.393129230  0.241411538
29       2012      6       6 -0.10805304 0.13994568 0.483135415 0.129706233 -0.087867209
30       2013      6       6  0.33243111 0.25894773 0.268540076 0.291795127  0.114743908
31       2008      7       7  0.24169758 0.06817931 0.016474287 0.715379055  0.658454866
32       2009      7       7  0.10210753 0.10881714 0.391148586 0.149729698 -0.020324362
33       2010      7       7 -0.02154167 0.11412192 0.857703328 0.007075659 -0.191509210
34       2011      7       7 -0.03920585 0.10664134 0.728189252 0.026320641 -0.168415231
35       2012      7       7  0.19301340 0.20001516 0.378867948 0.157002140 -0.011597432
36       2008      8       8  0.12896282 0.08257621 0.169373389 0.289018775  0.170521904
37       2009      8       8  0.03231251 0.09056605 0.733465681 0.020775035 -0.142429126
38       2010      8       8  0.04753529 0.09394676 0.630917847 0.040923314 -0.118922801
39       2011      8       8  0.17965756 0.14928178 0.274115140 0.194453857  0.060196166
40       2008      9       9  0.06775574 0.07307576 0.384677873 0.109380458 -0.017850906
41       2009      9       9  0.07680325 0.07470699 0.338129160 0.131180218  0.007063106
42       2010      9       9  0.20527779 0.11657542 0.121642151 0.306983723  0.207981397
43       2008     10      10  0.09771303 0.06080601 0.146729430 0.244022924  0.149525790
44       2009     10      10  0.20054384 0.09303517 0.063224254 0.367413066  0.288339699
45       2008     11      11  0.19734523 0.07598534 0.028872936 0.428396549  0.364885055
[1] "Stability Time"
[1] 7
[1] "Absolute Range"
[1] -0.545866  1.559186
[1] "Relative Range"
[1] -0.7432112  1.3618411
[1] "Proportion Significant"
[1] 0.1555556
[1] "Proportion Significantly Wrong"
[1] 0.8666667
[1] "Chautauqua"
[1] "Multiple Breakups"
   start_year N_data N_years        slope    slope_se    p_value     r_square adj_r_square
1        2008      3       3 -0.018975269 0.006573226 0.21229562 0.8928571429    0.7857143
2        2012      3       3  0.049335700 0.177477103 0.82738832 0.0717317487   -0.8565365
3        2013      3       3 -0.068310969 0.109553767 0.64505423 0.2799539171   -0.4400922
4        2014      3       3 -0.030360430 0.087643014 0.78770438 0.1071428571   -0.7857143
5        2015      3       3 -0.034155484 0.085451938 0.75792456 0.1377551020   -0.7244898
6        2016      3       3  1.464890771 0.780022821 0.31149268 0.7790993579    0.5581987
7        2012      4       4  0.040227570 0.079544183 0.66327990 0.1133804238   -0.3299294
8        2013      4       4 -0.083491184 0.049771664 0.23544715 0.5845410628    0.3768116
9        2014      4       4 -0.002277032 0.042416412 0.96206784 0.0014388489   -0.4978417
10       2015      4       4  0.835670849 0.503646394 0.23893474 0.5792203324    0.3688305
11       2012      5       5 -0.006072086 0.053137982 0.91624220 0.0043336945   -0.3275551
12       2013      5       5 -0.047058667 0.035611547 0.27809379 0.3679173047    0.1572231
13       2014      5       5  0.566981039 0.329572402 0.18385438 0.4966118800    0.3288158
14       2012      6       6 -0.002168602 0.034859901 0.95338077 0.0009665571   -0.2487918
15       2013      6       6  0.372348994 0.243264812 0.20060873 0.3693672105    0.2117090
16       2012      7       7  0.301164628 0.176855748 0.14932080 0.3670733956    0.2404881
17       2008     10      10  0.198262811 0.075762070 0.03079774 0.4612155367    0.3938675
[1] "Stability Time"
[1] 6
[1] "Absolute Range"
[1] -0.08349118  1.46489077
[1] "Relative Range"
[1] -0.281754  1.266628
[1] "Proportion Significant"
[1] 0.05882353
[1] "Proportion Significantly Wrong"
[1] 0.9411765
[1] "Chemung"
[1] "Multiple Breakups"
   start_year N_data N_years       slope   slope_se    p_value   r_square adj_r_square
1        2008      3       3  1.06940512 0.43790676 0.24742698 0.85639972   0.71279943
2        2009      3       3  1.03485752 0.45785282 0.26517859 0.83629871   0.67259742
3        2010      3       3 -1.21701757 0.84226787 0.38540171 0.67614702   0.35229403
4        2011      3       3 -0.72392916 1.12695259 0.63649130 0.29211010  -0.41577981
5        2012      3       3  0.08793933 0.65822010 0.91544721 0.01753640  -0.96492719
6        2013      3       3 -0.54490980 0.29284448 0.31393773 0.77590451   0.55180902
7        2014      3       3 -0.08950968 0.02991910 0.20536093 0.89950166   0.79900332
8        2015      3       3  0.92179266 0.61379478 0.37398317 0.69281639   0.38563279
9        2016      3       3  0.34861665 0.94471810 0.77494559 0.11985253  -0.76029494
10       2008      4       4  0.89698121 0.21968720 0.05507618 0.89288102   0.83932153
11       2009      4       4 -0.15766266 0.71830400 0.84663127 0.02352197  -0.46471705
12       2010      4       4 -0.62939438 0.50693527 0.34025313 0.43526594   0.15289891
13       2011      4       4 -0.62719589 0.50707350 0.34165922 0.43341258   0.15011887
14       2012      4       4 -0.06375602 0.30711762 0.85476473 0.02109328  -0.46836007
15       2013      4       4 -0.37311403 0.16428483 0.15112101 0.72059553   0.58089330
16       2014      4       4  0.52763601 0.35656037 0.27705516 0.52264925   0.28397387
17       2015      4       4  0.36526231 0.42260007 0.47851492 0.27194669  -0.09207997
18       2008      5       5  0.14792652 0.45068296 0.76431422 0.03466619  -0.28711175
19       2009      5       5 -0.11903217 0.41531231 0.79306597 0.02665177  -0.29779764
20       2010      5       5 -0.59641713 0.29329784 0.13489003 0.57954140   0.43938853
21       2011      5       5 -0.48994772 0.30329337 0.20463272 0.46520234   0.28693646
22       2012      5       5 -0.10961010 0.17927988 0.58415308 0.11079466  -0.18560712
23       2013      5       5  0.13285121 0.30713207 0.69454758 0.05870628  -0.25505829
24       2014      5       5  0.28800132 0.24803231 0.32957884 0.31006826   0.08009101
25       2008      6       6  0.08820854 0.29704896 0.78128673 0.02156926  -0.22303843
26       2009      6       6 -0.24129476 0.28089956 0.43876721 0.15574294  -0.05532132
27       2010      6       6 -0.50717665 0.19880113 0.06322652 0.61935571   0.52419464
28       2011      6       6 -0.40093158 0.20509567 0.12227455 0.48858551   0.36073188
29       2012      6       6  0.17650681 0.20263874 0.43288824 0.15943672  -0.05070409
30       2013      6       6  0.07447923 0.20386994 0.73336536 0.03228865  -0.20963919
31       2008      7       7 -0.05529859 0.22579594 0.81626351 0.01185351  -0.18577578
32       2009      7       7 -0.26314500 0.19902620 0.24336634 0.25905223   0.11086268
33       2010      7       7 -0.43610731 0.14643962 0.03086853 0.63948104   0.56737725
34       2011      7       7 -0.11351353 0.22038261 0.62845511 0.05038686  -0.13953577
35       2012      7       7  0.12181392 0.14672537 0.44423560 0.12115117  -0.05461859
36       2008      8       8 -0.11362570 0.17163436 0.53254488 0.06807305  -0.08724810
37       2009      8       8 -0.26209810 0.14834660 0.12768897 0.34221823   0.23258794
38       2010      8       8 -0.20474311 0.17250153 0.28012299 0.19014635   0.05517075
39       2011      8       8 -0.09160347 0.16474985 0.59830714 0.04900075  -0.10949912
40       2008      9       9 -0.14269204 0.13400235 0.32229113 0.13940419   0.01646193
41       2009      9       9 -0.11180858 0.14398961 0.46287719 0.07930586  -0.05222187
42       2010      9       9 -0.16896915 0.13520598 0.25156541 0.18241409   0.06561610
43       2008     10      10 -0.04143808 0.12183760 0.74253219 0.01425319  -0.10896517
44       2009     10      10 -0.09943616 0.11508587 0.41273311 0.08535110  -0.02898001
45       2008     11      11 -0.04285615 0.09948336 0.67675622 0.02020315  -0.08866317
[1] "Stability Time"
[1] 8
[1] "Absolute Range"
[1] -1.217018  1.069405
[1] "Relative Range"
[1] -1.174161  1.112261
[1] "Proportion Significant"
[1] 0.02222222
[1] "Proportion Significantly Wrong"
[1] 0.02222222
[1] "Columbia"
[1] "Multiple Breakups"
   start_year N_data N_years        slope   slope_se     p_value     r_square adj_r_square
1        2008      3       3 -0.375333518 0.41921389 0.535122840 0.4449410570 -0.110117886
2        2009      3       3 -0.993610186 0.06225169 0.039833451 0.9960900718  0.992180144
3        2010      3       3 -0.704944590 0.10440947 0.093609340 0.9785342590  0.957068518
4        2011      3       3 -0.237483753 0.16547917 0.387431809 0.6731590181  0.346318036
5        2012      3       3  0.550034210 0.28919454 0.308158849 0.7834289518  0.566857904
6        2013      3       3 -0.210869195 0.72850233 0.820628987 0.0773074594 -0.845385081
7        2014      3       3 -0.260686189 0.69974047 0.772969719 0.1218759292 -0.756248142
8        2015      3       3  0.761585830 0.10953145 0.090935246 0.9797349103  0.959469821
9        2016      3       3 -0.585520288 0.66822063 0.541932517 0.4343229022 -0.131354196
10       2008      4       4 -0.601079569 0.22833123 0.119071023 0.7760358633  0.664053795
11       2009      4       4 -0.841975445 0.09186631 0.011696124 0.9767445519  0.965116828
12       2010      4       4 -0.460636591 0.14857905 0.090186597 0.8277604277  0.741640642
13       2011      4       4  0.177703360 0.25087205 0.552161448 0.2005593691 -0.199160946
14       2012      4       4 -0.006687761 0.34646762 0.986352201 0.0001862624 -0.499720606
15       2013      4       4  0.011601218 0.35020112 0.976581885 0.0005484081 -0.499177388
16       2014      4       4  0.110279812 0.37920874 0.798577006 0.0405712226 -0.439143166
17       2015      4       4 -0.008735035 0.44743436 0.986196827 0.0001905276 -0.499714209
18       2008      5       5 -0.630833280 0.13294163 0.017753871 0.8824305200  0.843240693
19       2009      5       5 -0.633426494 0.13157011 0.017068696 0.8854004191  0.847200559
20       2010      5       5 -0.109460902 0.22015154 0.653198846 0.0761313580 -0.231824856
21       2011      5       5 -0.069334337 0.20327683 0.755531832 0.0373315866 -0.283557885
22       2012      5       5  0.073565370 0.20532931 0.743861418 0.0410324632 -0.278623382
23       2013      5       5  0.168149416 0.22147096 0.502917032 0.1611779802 -0.118429360
24       2014      5       5 -0.186165425 0.27789629 0.550868135 0.1301269281 -0.159830763
25       2008      6       6 -0.542196077 0.10096137 0.005806029 0.8781990413  0.847748802
26       2009      6       6 -0.333218173 0.19354728 0.160242732 0.4256202943  0.282025368
27       2010      6       6 -0.203869468 0.15408580 0.256369925 0.3044166050  0.130520756
28       2011      6       6  0.005888349 0.13998340 0.968463155 0.0004421626 -0.249447297
29       2012      6       6  0.167681468 0.14498703 0.311833221 0.2505932786  0.063241598
30       2013      6       6 -0.060131354 0.19593843 0.774240436 0.0230035936 -0.221245508
31       2008      7       7 -0.339847440 0.13691210 0.055688601 0.5520303368  0.462436404
32       2009      7       7 -0.348085280 0.13712750 0.051994639 0.5630709507  0.475685141
33       2010      7       7 -0.113818671 0.12072393 0.389071210 0.1509412844 -0.018870459
34       2011      7       7  0.093394678 0.11113113 0.439010898 0.1237713746 -0.051474350
35       2012      7       7 -0.003412123 0.14236675 0.981805922 0.0001148715 -0.199862154
36       2008      8       8 -0.349937575 0.10221440 0.014081962 0.6614147079  0.604983826
37       2009      8       8 -0.245997812 0.11798555 0.082166512 0.4201303101  0.323485362
38       2010      8       8 -0.019156633 0.10527954 0.861606192 0.0054879379 -0.160264072
39       2011      8       8 -0.023169939 0.10672528 0.835325280 0.0077940955 -0.157573555
40       2008      9       9 -0.267897142 0.09226166 0.022866041 0.5463759971  0.481572568
41       2009      9       9 -0.143832354 0.10877322 0.227630023 0.1998641372  0.085559014
42       2010      9       9 -0.089898064 0.09120518 0.357131655 0.1218763061 -0.003569936
43       2008     10      10 -0.180325525 0.08929236 0.078119696 0.3376585342  0.254865851
44       2009     10      10 -0.179043394 0.08912060 0.079401012 0.3353320916  0.252248603
45       2008     11      11 -0.203585863 0.07413343 0.022616658 0.4559192414  0.395465824
[1] "Stability Time"
[1] 8
[1] "Absolute Range"
[1] -0.9936102  0.7615858
[1] "Relative Range"
[1] -0.7900243  0.9651717
[1] "Proportion Significant"
[1] 0.1777778
[1] "Proportion Significantly Wrong"
[1] 0.8222222
[1] "Dutchess"
[1] "Multiple Breakups"
   start_year N_data N_years         slope   slope_se     p_value        r_square adj_r_square
1        2008      3       3  0.5477271299 0.43122328 0.424591230 0.6173469387756   0.23469388
2        2009      3       3  1.6874421679 0.22679150 0.085051764 0.9822572470400   0.96451449
3        2010      3       3  0.2406679813 1.06208697 0.858138201 0.0488394001702  -0.90232120
4        2011      3       3 -1.5795565211 0.01117986 0.004505823 0.9999499065604   0.99989981
5        2012      3       3 -0.5283630395 0.59572698 0.538105477 0.4402869188804  -0.11942616
6        2013      3       3  0.6085856999 0.06069068 0.063277149 0.9901530236491   0.98030605
7        2014      3       3  0.3789829131 0.19325191 0.300200640 0.7936375937305   0.58727519
8        2015      3       3 -0.5007000531 0.31463328 0.357163447 0.7169127301377   0.43382546
9        2016      3       3  0.2406679813 0.74266232 0.800494518 0.0950354075638  -0.80992918
10       2008      4       4  1.0821760264 0.36387165 0.096903244 0.8155837511511   0.72337563
11       2009      4       4  0.7408147747 0.55586691 0.314172856 0.4703588710365   0.20553831
12       2010      4       4 -0.4835490016 0.63279999 0.524626361 0.2259800963234  -0.16102986
13       2011      4       4 -0.9527132502 0.36194267 0.119091117 0.7760004605835   0.66400069
14       2012      4       4 -0.0525596741 0.38267620 0.903335360 0.0093440526787  -0.48598392
15       2013      4       4  0.4498001582 0.09560834 0.042332408 0.9171272174776   0.87569083
16       2014      4       4 -0.0818824396 0.27976458 0.797336320 0.0410725670354  -0.43839115
17       2015      4       4  0.0531129338 0.34933522 0.893107433 0.0114260209775  -0.48286097
18       2008      5       5  0.6528464781 0.32492381 0.138086363 0.5736821461415   0.43157619
19       2009      5       5  0.0912878550 0.49358324 0.865065809 0.0112735346682  -0.31830195
20       2010      5       5 -0.4309893275 0.36660530 0.324551881 0.3153947781471   0.08719304
21       2011      5       5 -0.4940609364 0.33732499 0.239244164 0.4169301729312   0.22257356
22       2012      5       5  0.0619650894 0.23062017 0.805587013 0.0234990858137  -0.30200122
23       2013      5       5  0.1189508413 0.19883178 0.591828178 0.1065848574564  -0.19122019
24       2014      5       5  0.1477203472 0.20895427 0.530562120 0.1428030576188  -0.14292926
25       2008      6       6  0.2140324773 0.33080590 0.552885594 0.0947385827732  -0.13157677
26       2009      6       6 -0.0354086225 0.33130217 0.920032342 0.0028475481212  -0.24644056
27       2010      6       6 -0.2524445098 0.26120078 0.388535568 0.1893114806423  -0.01336065
28       2011      6       6 -0.2861143161 0.25135688 0.318553111 0.2446672969868   0.05583412
29       2012      6       6 -0.0635458315 0.16746598 0.723634863 0.0347458270921  -0.20656772
30       2013      6       6  0.2255718945 0.14398793 0.192271164 0.3802527699721   0.22531596
31       2008      7       7  0.0883239636 0.24491593 0.733111103 0.0253513503363  -0.16957838
32       2009      7       7 -0.0003951855 0.23513658 0.998724018 0.0000005649258  -0.19999932
33       2010      7       7 -0.1568886512 0.19276038 0.452702153 0.1169886640301  -0.05961360
34       2011      7       7 -0.2932276554 0.17778360 0.159989434 0.3523618620465   0.22283423
35       2012      7       7  0.0620441265 0.13885258 0.673684313 0.0383988659023  -0.15392136
36       2008      8       8  0.0880605066 0.18254962 0.646620884 0.0373356831244  -0.12310837
37       2009      8       8  0.0179150769 0.17557900 0.922054013 0.0017321602293  -0.16464581
38       2010      8       8 -0.1911380629 0.14502946 0.235609022 0.2244984481635   0.09524819
39       2011      8       8 -0.1445061716 0.15789915 0.395387966 0.1224933157972  -0.02375780
40       2008      9       9  0.0850175781 0.14141324 0.566658039 0.0490992052491  -0.08674377
41       2009      9       9 -0.0444451981 0.14068780 0.761279070 0.0140569334727  -0.12679208
42       2010      9       9 -0.0925787943 0.12592896 0.486133041 0.0716759388830  -0.06094178
43       2008     10      10  0.0217950802 0.11856717 0.858728038 0.0042059834031  -0.12026827
44       2009     10      10  0.0095227735 0.11647502 0.936847604 0.0008348503397  -0.12406079
45       2008     11      11  0.0557283434 0.09877215 0.586393819 0.0341621308757  -0.07315319
[1] "Stability Time"
[1] 8
[1] "Absolute Range"
[1] -1.579557  1.687442
[1] "Relative Range"
[1] -1.635285  1.631714
[1] "Proportion Significant"
[1] 0.04444444
[1] "Proportion Significantly Wrong"
[1] 0.04444444
[1] "Erie"
[1] "Multiple Breakups"
   start_year N_data N_years       slope   slope_se    p_value    r_square adj_r_square
1        2008      3       3  0.01259864 0.30186376 0.97344534 0.001738878 -0.996522243
2        2012      3       3 -0.60473449 0.47279865 0.42243677 0.620633923  0.241267846
3        2013      3       3 -0.29606793 0.29458993 0.49840700 0.502502275  0.005004550
4        2014      3       3  0.88505413 0.97651107 0.53125140 0.450989239 -0.098021521
5        2015      3       3  0.79056436 1.03106476 0.58356636 0.370236948 -0.259526104
6        2016      3       3 -0.54804063 0.25822080 0.28031611 0.818329249  0.636658498
7        2012      4       4 -0.58331681 0.21180326 0.11042925 0.791336127  0.687004190
8        2013      4       4  0.51465425 0.48625795 0.40082008 0.359016574  0.038524861
9        2014      4       4  0.49008691 0.49266061 0.42466574 0.331009515 -0.003485727
10       2015      4       4  0.34457267 0.52813045 0.58108759 0.175487606 -0.236768591
11       2012      5       5  0.05291427 0.38714795 0.89994270 0.006188345 -0.325082207
12       2013      5       5  0.37480940 0.29212062 0.28960962 0.354318376  0.139091167
13       2014      5       5  0.29291827 0.30637120 0.40956055 0.233541646 -0.021944472
14       2012      6       6  0.08495080 0.25412185 0.75495214 0.027178414 -0.216026982
15       2013      6       6  0.26691109 0.20112830 0.25516868 0.305689540  0.132111925
16       2012      7       7  0.07649171 0.17975764 0.68814657 0.034948967 -0.158061239
17       2008     10      10  0.18784613 0.07901037 0.04472073 0.414024371  0.340777418
[1] "Stability Time"
[1] 5
[1] "Absolute Range"
[1] -0.6047345  0.8850541
[1] "Relative Range"
[1] -0.7925806  0.6972080
[1] "Proportion Significant"
[1] 0.05882353
[1] "Proportion Significantly Wrong"
[1] 0.9411765
[1] "Monroe"
[1] "Multiple Breakups"
   start_year N_data N_years       slope   slope_se    p_value     r_square adj_r_square
1        2008      3       3 -0.06188195 0.08812799 0.61026812 0.3302348337 -0.339530333
2        2009      3       3  1.23626391 0.66135688 0.31272427 0.7774921340  0.554984268
3        2010      3       3  0.53218480 1.06785714 0.70566497 0.1989552466 -0.602089507
4        2011      3       3 -0.94060569 0.21754116 0.14469196 0.9492264534  0.898452907
5        2012      3       3  0.04538010 0.35171800 0.91831200 0.0163746266 -0.967250747
6        2013      3       3  1.22113721 0.32710568 0.16661946 0.9330497725  0.866099545
7        2014      3       3 -0.20489802 1.15042751 0.88779083 0.0307464117 -0.938507177
8        2015      3       3 -0.50193140 0.97893521 0.69838149 0.2081679656 -0.583664069
9        2016      3       3 -0.06463226 0.72646043 0.94350948 0.0078532728 -0.984293454
10       2008      4       4  0.68647713 0.43385914 0.25440964 0.5559049806  0.333857471
11       2009      4       4  0.58471570 0.47852232 0.34621063 0.4274405444  0.141160817
12       2010      4       4  0.01842707 0.56217978 0.97682875 0.0005369068 -0.499194640
13       2011      4       4 -0.42437268 0.31352353 0.30855510 0.4780960490  0.217144073
14       2012      4       4  0.62899568 0.37185592 0.23281184 0.5885776724  0.382866509
15       2013      4       4  0.25220334 0.57822479 0.70528110 0.0868592318 -0.369711152
16       2014      4       4  0.01540173 0.52997549 0.97945496 0.0004220988 -0.499366852
17       2015      4       4 -0.57866502 0.44002899 0.31903109 0.4637186608  0.195577991
18       2008      5       5  0.43537392 0.28941699 0.22955099 0.4299785173  0.239971356
19       2009      5       5  0.22470025 0.34573339 0.56207137 0.1234222950 -0.168770273
20       2010      5       5  0.04290482 0.32488217 0.90329431 0.0057799185 -0.325626775
21       2011      5       5  0.12128863 0.36333789 0.76048931 0.0358144391 -0.285580748
22       2012      5       5  0.18042027 0.33640091 0.62895277 0.0874926299 -0.216676493
23       2013      5       5  0.24670272 0.33385334 0.51349884 0.1539894417 -0.128014078
24       2014      5       5 -0.20819839 0.33209990 0.57518086 0.1158325282 -0.178889962
25       2008      6       6  0.22088911 0.22634633 0.38437719 0.1923044670 -0.009619416
26       2009      6       6  0.18324916 0.22759734 0.46586979 0.1394630492 -0.075671189
27       2010      6       6  0.29915504 0.25908126 0.31250878 0.2499921992  0.062490249
28       2011      6       6 -0.05406322 0.25850925 0.84456208 0.0108160495 -0.236479938
29       2012      6       6  0.19700071 0.22043404 0.42199670 0.1664391692 -0.041951038
30       2013      6       6  0.02090235 0.25448577 0.93848471 0.0016837257 -0.247895343
31       2008      7       7  0.19075358 0.16099393 0.28932005 0.2192219123  0.063066295
32       2009      7       7  0.34035074 0.18473561 0.12476728 0.4043588093  0.285230571
33       2010      7       7  0.12317455 0.20948650 0.58209578 0.0646730542 -0.122392335
34       2011      7       7  0.01699298 0.18734063 0.93124764 0.0016428243 -0.198028611
35       2012      7       7  0.04007593 0.18028878 0.83288464 0.0097856359 -0.188257237
36       2008      8       8  0.31127605 0.13871323 0.06598084 0.4563075819  0.365692179
37       2009      8       8  0.19432243 0.16145485 0.27408216 0.1944777613  0.060224055
38       2010      8       8  0.13905431 0.15641095 0.40821240 0.1163967122 -0.030870502
39       2011      8       8 -0.06505791 0.14745229 0.67451336 0.0314252684 -0.130003854
40       2008      9       9  0.20026834 0.12510950 0.15346701 0.2679648906  0.163388446
41       2009      9       9  0.19279666 0.12506549 0.16708134 0.2534467720  0.146796311
42       2010      9       9  0.04900134 0.13184009 0.72113188 0.0193524433 -0.120740065
43       2008     10      10  0.19793891 0.09981191 0.08264876 0.3295767939  0.245773893
44       2009     10      10  0.10934562 0.11079243 0.35257690 0.1085410367 -0.002891334
45       2008     11      11  0.12753933 0.09106945 0.19489470 0.1789290895  0.087698988
[1] "Stability Time"
[1] 6
[1] "Absolute Range"
[1] -0.9406057  1.2362639
[1] "Relative Range"
[1] -1.068145  1.108725
[1] "Proportion Significant"
[1] 0
[1] "Proportion Significantly Wrong"
[1] 0
[1] "Ulster"
[1] "Multiple Breakups"
   start_year N_data N_years        slope   slope_se    p_value     r_square  adj_r_square
1        2008      3       3 -0.467739869 0.55450213 0.55390359 0.4157325516 -0.1685348969
2        2009      3       3  1.574724226 0.62471506 0.24043242 0.8640189998  0.7280379996
3        2010      3       3 -0.140321961 1.61489744 0.94482131 0.0074936720 -0.9850126560
4        2011      3       3 -1.421929202 0.87496116 0.35117102 0.7253547658  0.4507095316
5        2012      3       3  0.215160340 0.07021293 0.20081084 0.9037585421  0.8075170843
6        2013      3       3 -0.081074911 0.24124443 0.79360078 0.1014811849 -0.7970376301
7        2014      3       3 -0.383546693 0.06661227 0.10947265 0.9707203354  0.9414406707
8        2015      3       3  0.380428427 0.37446897 0.49497438 0.5078938987  0.0157877974
9        2016      3       3 -0.224515137 0.72373330 0.80850185 0.0877870352 -0.8244259297
10       2008      4       4  0.565653415 0.64611280 0.47364274 0.2770519601 -0.0844220598
11       2009      4       4  0.329288868 0.77142089 0.71104021 0.0834977627 -0.3747533560
12       2010      4       4 -0.349869422 0.73226734 0.67992541 0.1024477420 -0.3463283871
13       2011      4       4 -0.742770912 0.55395252 0.31196461 0.4733927043  0.2100890564
14       2012      4       4  0.013096716 0.12081338 0.92357064 0.0058414465 -0.4912378303
15       2013      4       4 -0.178988457 0.12180091 0.27946511 0.5191705272  0.2787557909
16       2014      4       4  0.051763212 0.25308564 0.85686570 0.0204874277 -0.4692688585
17       2015      4       4 -0.112257569 0.33008872 0.76619038 0.0546669366 -0.4179995951
18       2008      5       5  0.071720113 0.46955009 0.88829649 0.0077167157 -0.3230443790
19       2009      5       5  0.033053617 0.47709032 0.94912493 0.0015974277 -0.3312034297
20       2010      5       5 -0.254450489 0.42634893 0.59267112 0.1061280698 -0.1918292403
21       2011      5       5 -0.558169577 0.33711573 0.19635438 0.4774804364  0.3033072486
22       2012      5       5 -0.083569523 0.08933129 0.41854113 0.2258389093 -0.0322147876
23       2013      5       5  0.043032068 0.14620599 0.78769990 0.0280653148 -0.2959129136
24       2014      5       5 -0.167139047 0.19319295 0.45060133 0.1996730682 -0.0671025758
25       2008      6       6 -0.066285421 0.31755122 0.84485058 0.0107756455 -0.2365304432
26       2009      6       6 -0.008196584 0.31323562 0.98037719 0.0001711549 -0.2497860564
27       2010      6       6 -0.262112513 0.27914595 0.40090365 0.1806105905 -0.0242367619
28       2011      6       6 -0.463997950 0.22729268 0.11076573 0.5102457764  0.3878072205
29       2012      6       6  0.047754013 0.09575311 0.64415510 0.0585404022 -0.1768244972
30       2013      6       6 -0.110832076 0.13058567 0.44383842 0.1526041201 -0.0592448499
31       2008      7       7 -0.072388313 0.22457026 0.76023587 0.0203577569 -0.1755706918
32       2009      7       7 -0.075506579 0.22487438 0.75067390 0.0220513740 -0.1735383513
33       2010      7       7 -0.265498059 0.19739567 0.23640610 0.2656817736  0.1188181284
34       2011      7       7 -0.270398191 0.19576671 0.22574839 0.2761791898  0.1314150277
35       2012      7       7 -0.068824581 0.09546999 0.50325666 0.0941538079 -0.0870154305
36       2008      8       8 -0.110475702 0.16882304 0.53712331 0.0666160971 -0.0889478867
37       2009      8       8 -0.119607767 0.16953439 0.50694713 0.0766021166 -0.0772975306
38       2010      8       8 -0.159031555 0.15945414 0.35710199 0.1422084871 -0.0007567651
39       2011      8       8 -0.290369941 0.14637077 0.09452513 0.3961019339  0.2954522562
40       2008      9       9 -0.138762828 0.13178563 0.32735010 0.1367286394  0.0134041593
41       2009      9       9 -0.063612622 0.13524163 0.65239880 0.0306375460 -0.1078428046
42       2010      9       9 -0.197282283 0.12547143 0.15987085 0.2609966122  0.1554246997
43       2008     10      10 -0.089465880 0.10891316 0.43518911 0.0777850773 -0.0374917881
44       2009     10      10 -0.112257569 0.11148120 0.34343435 0.1124893949  0.0015505693
45       2008     11      11 -0.125694459 0.09135401 0.20211881 0.1737900682  0.0819889647
[1] "Stability Time"
[1] 7
[1] "Absolute Range"
[1] -1.421929  1.574724
[1] "Relative Range"
[1] -1.296235  1.700419
[1] "Proportion Significant"
[1] 0
[1] "Proportion Significantly Wrong"
[1] 0
[1] "Onondaga"
[1] "Multiple Breakups"
   start_year N_data N_years        slope  slope_se    p_value       r_square adj_r_square
1        2009      3       3  0.319507446 0.4329734 0.59527759 0.352563131791 -0.294873736
2        2010      3       3 -0.013243832 0.6250875 0.98651385 0.000448694579 -0.999102611
3        2011      3       3 -0.491677261 0.3488638 0.39285730 0.665139298030  0.330278596
4        2012      3       3  1.282996220 0.6757444 0.30861597 0.782837125564  0.565674251
5        2013      3       3 -0.372482774 1.6315357 0.85710747 0.049539684590 -0.900920631
6        2014      3       3 -1.125725716 1.1966506 0.51943620 0.469488652670 -0.061022695
7        2015      3       3  1.142280506 0.1127834 0.06265375 0.990345466446  0.980690933
8        2016      3       3  0.739999110 0.3450406 0.27775897 0.821416434166  0.642832868
9        2009      4       4 -0.030129718 0.2797176 0.92405411 0.005767777480 -0.491348334
10       2010      4       4 -0.083767237 0.2824973 0.79478821 0.042111876840 -0.436832185
11       2011      4       4  0.452276861 0.5668842 0.50864708 0.241427691607 -0.137858463
12       2012      4       4  0.055624094 0.7703723 0.94901036 0.002599943624 -0.496100085
13       2013      4       4 -0.259248010 0.7325679 0.75724746 0.058928795417 -0.411606807
14       2014      4       4 -0.179453923 0.7647688 0.83631442 0.026792968401 -0.459810547
15       2015      4       4  0.861842364 0.1695854 0.03660594 0.928128109891  0.892192165
16       2009      5       5 -0.071516693 0.1632532 0.69095876 0.060123091515 -0.253169211
17       2010      5       5  0.409565503 0.3282184 0.30061534 0.341688900044  0.122251867
18       2011      5       5 -0.089064770 0.4525514 0.85655794 0.012746282033 -0.316338291
19       2012      5       5 -0.011588353 0.4464643 0.98092259 0.000224518029 -0.333033976
20       2013      5       5  0.082773950 0.4667743 0.87054489 0.010373457757 -0.319502056
21       2014      5       5  0.074165459 0.4651860 0.88345783 0.008401650324 -0.322131133
22       2009      6       6  0.277363681 0.2280233 0.29070612 0.270018104600  0.087522631
23       2010      6       6  0.035096155 0.3048135 0.91388286 0.003303342906 -0.245870821
24       2011      6       6 -0.095733985 0.2962895 0.76279798 0.025436077990 -0.218204903
25       2012      6       6  0.161953145 0.3089760 0.62786938 0.064271592247 -0.169660510
26       2013      6       6  0.189008402 0.3116702 0.57695763 0.084200036475 -0.144749954
27       2009      7       7  0.029562125 0.2155594 0.89627027 0.003747458923 -0.195503049
28       2010      7       7 -0.000945988 0.2165379 0.99668324 0.000003817085 -0.199995419
29       2011      7       7  0.055458546 0.2269658 0.81667194 0.011800244802 -0.185839706
30       2012      7       7  0.221834185 0.2211975 0.36195466 0.167466588299  0.000959906
31       2009      8       8  0.002759132 0.1614120 0.98691609 0.000048696858 -0.166609854
32       2010      8       8  0.095584204 0.1707492 0.59588463 0.049635679493 -0.108758374
33       2011      8       8  0.125698155 0.1739630 0.49713715 0.080049276759 -0.073275844
34       2009      9       9  0.079242261 0.1325978 0.56891821 0.048543572302 -0.087378775
35       2010      9       9  0.143750759 0.1351536 0.32281402 0.139125475436  0.016143400
36       2009     10      10  0.121622523 0.1085696 0.29511815 0.135593683473  0.027542894
[1] "Stability Time"
[1] 5
[1] "Absolute Range"
[1] -1.125726  1.282996
[1] "Relative Range"
[1] -1.247348  1.161374
[1] "Proportion Significant"
[1] 0.02777778
[1] "Proportion Significantly Wrong"
[1] 0.02777778
[1] "Orange"
[1] "Multiple Breakups"
   start_year N_data N_years        slope   slope_se    p_value      r_square adj_r_square
1        2008      3       3  0.242656593 0.01310268 0.03434207 0.99709282323   0.99418565
2        2009      3       3  1.038709877 0.47270425 0.27188562 0.82842837487   0.65685675
3        2010      3       3 -0.455635761 1.33546511 0.79068130 0.10426747511  -0.79146505
4        2011      3       3 -0.551650960 1.28003071 0.74095060 0.15663948364  -0.68672103
5        2012      3       3  0.843188018 0.47472005 0.32644199 0.75931531461   0.51863063
6        2013      3       3  0.136167009 0.06652128 0.28929739 0.80732484076   0.61464968
7        2014      3       3  0.181556012 0.04031593 0.13910922 0.95300751880   0.90601504
8        2015      3       3  0.476584532 0.21065072 0.26494961 0.83656479638   0.67312959
9        2016      3       3 -0.914762984 1.01394559 0.53270895 0.44871127226  -0.10257746
10       2008      4       4  0.724827464 0.27844315 0.12129926 0.77211498841   0.65817248
11       2009      4       4 -0.021647063 0.64766926 0.97637295 0.00055823734  -0.49916264
12       2010      4       4 -0.050626196 0.64138210 0.94427269 0.00310553272  -0.49534170
13       2011      4       4 -0.158163218 0.61587871 0.82133055 0.03192277268  -0.45211584
14       2012      4       4  0.583423262 0.25993153 0.15393598 0.71582432542   0.57373649
15       2013      4       4  0.140356763 0.02984740 0.04236843 0.91705822268   0.87558733
16       2014      4       4  0.372538971 0.11172841 0.07938357 0.84753460707   0.77130191
17       2015      4       4 -0.431195529 0.53250630 0.50310943 0.24690024031  -0.12964964
18       2008      5       5  0.122550308 0.38308761 0.77002764 0.03298706125  -0.28935058
19       2009      5       5  0.103696415 0.38087026 0.80308416 0.02411302112  -0.30118264
20       2010      5       5  0.044690711 0.37436894 0.91252271 0.00472776128  -0.32702965
21       2011      5       5  0.002444023 0.36746940 0.99511089 0.00001474486  -0.33331367
22       2012      5       5  0.437131014 0.17220707 0.08479787 0.68232090373   0.57642787
23       2013      5       5  0.281411819 0.08324141 0.04307003 0.79208447132   0.72277930
24       2014      5       5 -0.197965882 0.33563821 0.59678899 0.10391234476  -0.19478354
25       2008      6       6  0.170882115 0.25233734 0.53542479 0.10285657501  -0.12142928
26       2009      6       6  0.127687745 0.24972256 0.63605936 0.06135159236  -0.17331051
27       2010      6       6  0.101451903 0.24726328 0.70261182 0.04038661395  -0.19951673
28       2011      6       6  0.063943628 0.24317143 0.80557264 0.01699284667  -0.22875894
29       2012      6       6  0.453091982 0.11311198 0.01605392 0.80045479907   0.75056850
30       2013      6       6 -0.100055319 0.22688181 0.68199940 0.04636631814  -0.19204210
31       2008      7       7  0.172079187 0.17843078 0.37913676 0.15684008570  -0.01179190
32       2009      7       7  0.149509381 0.17702939 0.43689775 0.12484247073  -0.05018904
33       2010      7       7  0.122824637 0.17527644 0.51471999 0.08942699988  -0.09268760
34       2011      7       7  0.169211201 0.18237304 0.39607846 0.14688415110  -0.02373902
35       2012      7       7  0.124071588 0.20611154 0.57345112 0.06757469751  -0.11891036
36       2008      8       8  0.179186806 0.13305775 0.22672152 0.23210410229   0.10412145
37       2009      8       8  0.155453179 0.13199454 0.28349981 0.18776609571   0.05239378
38       2010      8       8  0.191614747 0.13654685 0.21010710 0.24710332824   0.12162055
39       2011      8       8 -0.023608932 0.17570128 0.89750424 0.00300017568  -0.16316646
40       2008      9       9  0.178006359 0.10306834 0.12779415 0.29879215242   0.19861960
41       2009      9       9  0.203959558 0.10600860 0.09576568 0.34590075358   0.25245800
42       2010      9       9  0.032877932 0.13995053 0.82099080 0.00782260064  -0.13391703
43       2008     10      10  0.213592819 0.08474831 0.03579096 0.44258681251   0.37291016
44       2009     10      10  0.071839471 0.11388553 0.54576327 0.04738247053  -0.07169472
45       2008     11      11  0.101887203 0.09459157 0.30944650 0.11419102253   0.01576780
[1] "Stability Time"
[1] 7
[1] "Absolute Range"
[1] -0.914763  1.038710
[1] "Relative Range"
[1] -1.0166502  0.9368227
[1] "Proportion Significant"
[1] 0.1111111
[1] "Proportion Significantly Wrong"
[1] 0.1111111
[1] "Oswego"
[1] "Multiple Breakups"
   start_year N_data N_years       slope   slope_se     p_value    r_square adj_r_square
1        2008      3       3  0.77178539 0.41820196 0.316129178 0.773027206   0.54605441
2        2009      3       3  1.04911726 0.25808433 0.153560180 0.942936591   0.88587318
3        2010      3       3  0.38133132 0.12746206 0.205360935 0.899501661   0.79900332
4        2011      3       3 -0.41052414 0.32971590 0.430777564 0.607879317   0.21575863
5        2012      3       3 -0.71704884 0.15274379 0.133613928 0.956593280   0.91318656
6        2013      3       3 -1.01992443 0.32760909 0.197861059 0.906474215   0.81294843
7        2014      3       3 -0.53094456 0.60992175 0.544000211 0.431104527  -0.13779095
8        2015      3       3  0.77543450 0.14431655 0.117141450 0.966522428   0.93304486
9        2016      3       3  0.09487669 0.53723678 0.888719551 0.030244732  -0.93951054
10       2008      4       4  0.79331510 0.18743822 0.051546248 0.899564519   0.84934678
11       2009      4       4  0.73784873 0.21358262 0.074542841 0.856470953   0.78470643
12       2010      4       4 -0.04962781 0.25526046 0.863805102 0.018549050  -0.47217642
13       2011      4       4 -0.48022202 0.15284561 0.088118594 0.831527699   0.74729155
14       2012      4       4 -0.95168619 0.15171584 0.024484553 0.951630388   0.92744558
15       2013      4       4 -0.61304939 0.27685371 0.157216324 0.710284325   0.56542649
16       2014      4       4  0.04159978 0.42856728 0.931524306 0.004688921  -0.49296662
17       2015      4       4  0.31710709 0.27237252 0.364424841 0.403955783   0.10593367
18       2008      5       5  0.67107014 0.12919871 0.013861981 0.899928632   0.86657151
19       2009      5       5  0.33170351 0.26493488 0.299288490 0.343192968   0.12425729
20       2010      5       5 -0.21639184 0.17603801 0.306605065 0.334961231   0.11328164
21       2011      5       5 -0.71558920 0.16202828 0.021546985 0.866696281   0.82226171
22       2012      5       5 -0.70318225 0.16809909 0.024895699 0.853649055   0.80486541
23       2013      5       5 -0.20398489 0.28517933 0.526074767 0.145696992  -0.13907068
24       2014      5       5 -0.01934025 0.24992239 0.943189438 0.001992170  -0.33067711
25       2008      6       6  0.40004600 0.17787225 0.087736130 0.558415401   0.44801925
26       2009      6       6  0.10363454 0.21776162 0.658966673 0.053587889  -0.18301514
27       2010      6       6 -0.45989130 0.18178328 0.064672373 0.615396909   0.51924614
28       2011      6       6 -0.60554266 0.12364506 0.008058881 0.857065212   0.82133152
29       2012      6       6 -0.38524107 0.21402290 0.146238505 0.447513613   0.30939202
30       2013      6       6 -0.17734643 0.18732611 0.397386304 0.183054833  -0.02118146
31       2008      7       7  0.21190865 0.16618611 0.258298767 0.245391546   0.09446986
32       2009      7       7 -0.15899665 0.21610594 0.494935373 0.097685579  -0.08277731
33       2010      7       7 -0.44128087 0.12898849 0.018816042 0.700667605   0.64080113
34       2011      7       7 -0.39149668 0.15138014 0.049063155 0.572223276   0.48666793
35       2012      7       7 -0.31994818 0.15596139 0.095465525 0.457022127   0.34842655
36       2008      8       8 -0.01642097 0.18089050 0.930623336 0.001371572  -0.16506650
37       2009      8       8 -0.21138735 0.16389131 0.244600072 0.217077064   0.08658991
38       2010      8       8 -0.31130328 0.12196205 0.043346673 0.520577358   0.44067358
39       2011      8       8 -0.33932318 0.11678373 0.027136681 0.584554619   0.51531372
40       2008      9       9 -0.08684866 0.14589783 0.570397873 0.048181963  -0.08779204
41       2009      9       9 -0.15338398 0.13129234 0.280944900 0.163163747   0.04361571
42       2010      9       9 -0.28560317 0.09562955 0.020325171 0.560288462   0.49747253
43       2008     10      10 -0.06203476 0.11726463 0.611154222 0.033799737  -0.08697530
44       2009     10      10 -0.16106922 0.10482900 0.162970141 0.227860060   0.13134257
45       2008     11      11 -0.08366399 0.09655708 0.408736664 0.076996298  -0.02555967
[1] "Stability Time"
[1] 8
[1] "Absolute Range"
[1] -1.019924  1.049117
[1] "Relative Range"
[1] -0.9362604  1.1327812
[1] "Proportion Significant"
[1] 0.2222222
[1] "Proportion Significantly Wrong"
[1] 0.2222222
[1] "Rockland"
[1] "Multiple Breakups"
   start_year N_data N_years        slope   slope_se    p_value       r_square adj_r_square
1        2008      3       3  0.065362653 0.23971060 0.83053073 0.069205213157  -0.86158957
2        2009      3       3  1.647875337 0.67395352 0.24715270 0.856701761941   0.71340352
3        2010      3       3 -0.313924855 1.80659939 0.89047103 0.029309503477  -0.94138099
4        2011      3       3 -1.542926852 1.09703476 0.39347963 0.664216289021   0.32843258
5        2012      3       3  0.289989235 0.03880016 0.08467595 0.982412773429   0.96482555
6        2013      3       3 -0.030379825 0.14616500 0.86953854 0.041411042945  -0.91717791
7        2014      3       3 -0.118757496 0.09514013 0.42999161 0.609084476111   0.21816895
8        2015      3       3  0.729115792 0.39437974 0.31565575 0.773649909800   0.54729982
9        2016      3       3 -0.008285407 0.82011852 0.99356864 0.000102054016  -0.99979589
10       2008      4       4  0.931832076 0.51161377 0.21014397 0.623872555580   0.43580883
11       2009      4       4  0.237330873 0.86836315 0.81025276 0.036004014456  -0.44599398
12       2010      4       4 -0.425501665 0.81049989 0.65198394 0.121115179613  -0.31832723
13       2011      4       4 -0.823201188 0.64293499 0.32884068 0.450454835685   0.17568225
14       2012      4       4  0.111208570 0.10466741 0.39933643 0.360796724489   0.04119509
15       2013      4       4 -0.032773387 0.06538158 0.66591836 0.111610539665  -0.33258419
16       2014      4       4  0.357008970 0.27795966 0.32768765 0.452003902430   0.17800585
17       2015      4       4  0.150057922 0.37798997 0.72973292 0.073044293945  -0.39043356
18       2008      5       5  0.230150187 0.50136684 0.67741861 0.065630942488  -0.24582541
19       2009      5       5 -0.020805577 0.52303250 0.97076871 0.000527171481  -0.33263044
20       2010      5       5 -0.318159618 0.47202838 0.54858191 0.131520171673  -0.15797310
21       2011      5       5 -0.571324824 0.39866741 0.24727403 0.406379818702   0.20850642
22       2012      5       5  0.062416731 0.06667311 0.41825074 0.226085365566  -0.03188618
23       2013      5       5  0.255742887 0.17079851 0.23122411 0.427701252165   0.23693500
24       2014      5       5  0.095005997 0.22053505 0.69569204 0.058258239335  -0.25565568
25       2008      6       6  0.047818633 0.34468978 0.89636798 0.004788427583  -0.24401447
26       2009      6       6 -0.059760140 0.34314298 0.87020240 0.007525448106  -0.24059319
27       2010      6       6 -0.282545521 0.30969845 0.41320972 0.172243028137  -0.03469621
28       2011      6       6 -0.411166596 0.27688539 0.21172716 0.355372810555   0.19421601
29       2012      6       6  0.241302607 0.11212426 0.09775105 0.536582964283   0.42072871
30       2013      6       6  0.097531073 0.14438144 0.53639017 0.102397068680  -0.12200366
31       2008      7       7  0.001446658 0.24519851 0.99552071 0.000006961827  -0.19999165
32       2009      7       7 -0.097649436 0.24362283 0.70510529 0.031131381070  -0.16264234
33       2010      7       7 -0.234621676 0.22073090 0.33643162 0.184315622295   0.02117875
34       2011      7       7 -0.158606357 0.24412084 0.54454589 0.077850730700  -0.10657912
35       2012      7       7  0.126253817 0.10343113 0.27663604 0.229584058257   0.07550087
36       2008      8       8 -0.041624305 0.18444417 0.82894540 0.008416704418  -0.15684718
37       2009      8       8 -0.101463354 0.18159909 0.59657113 0.049455251137  -0.10896887
38       2010      8       8 -0.077418139 0.18789758 0.69463794 0.027515322178  -0.13456546
39       2011      8       8 -0.159220091 0.18195728 0.41520186 0.113173395664  -0.03463104
40       2008      9       9 -0.055880465 0.14310673 0.70779175 0.021317855322  -0.11849388
41       2009      9       9 -0.002332189 0.15186376 0.98817582 0.000033690416  -0.14281864
42       2010      9       9 -0.094146770 0.14586495 0.53921558 0.056170035213  -0.07866282
43       2008     10      10  0.016939054 0.12165522 0.89270335 0.002417550611  -0.12228026
44       2009     10      10 -0.029671241 0.12216931 0.81421738 0.007319253056  -0.11676584
45       2008     11      11 -0.009055364 0.10045844 0.93014985 0.000901995731  -0.11010889
[1] "Stability Time"
[1] 7
[1] "Absolute Range"
[1] -1.542927  1.647875
[1] "Relative Range"
[1] -1.533871  1.656931
[1] "Proportion Significant"
[1] 0
[1] "Proportion Significantly Wrong"
[1] 0
[1] "Saratoga"
[1] "Multiple Breakups"
   start_year N_data N_years        slope   slope_se     p_value     r_square adj_r_square
1        2008      3       3 -0.190998038 0.92199309 0.869958654 0.0411484844 -0.917703031
2        2009      3       3  0.295955427 1.20313580 0.846448645 0.0570569781 -0.885886044
3        2010      3       3  0.062242172 1.33807021 0.970408089 0.0021591011 -0.995681798
4        2011      3       3 -1.231418663 0.59117478 0.284939485 0.8126955077  0.625391015
5        2012      3       3 -0.283140862 0.04368634 0.097456761 0.9767475622  0.953495124
6        2013      3       3 -0.216627168 0.08208804 0.230594986 0.8744368171  0.748873634
7        2014      3       3  0.032951738 0.06200641 0.689030230 0.2202195147 -0.559560971
8        2015      3       3 -0.056750216 0.11379586 0.705494207 0.1991694556 -0.601661089
9        2016      3       3 -0.107398258 0.08455420 0.424591230 0.6173469388  0.234693878
10       2008      4       4  0.420561815 0.54284688 0.519550133 0.2308320744 -0.153751888
11       2009      4       4 -0.261050993 0.62683799 0.717514229 0.0797982110 -0.380302683
12       2010      4       4 -0.250433211 0.62504001 0.727414024 0.0743031145 -0.388545328
13       2011      4       4 -0.867240934 0.33779579 0.124096835 0.7672063548  0.650809532
14       2012      4       4 -0.228099255 0.03730360 0.025718386 0.9492246635  0.923836995
15       2013      4       4 -0.095315954 0.07907692 0.351328680 0.4207744815  0.131161722
16       2014      4       4 -0.042349086 0.05156579 0.497815560 0.2521892115 -0.121716183
17       2015      4       4 -0.047718999 0.05115747 0.449402258 0.3031578739 -0.045263189
18       2008      5       5  0.007688739 0.39376258 0.985647308 0.0001270764 -0.333163898
19       2009      5       5 -0.361736860 0.36654400 0.396460770 0.2450821741 -0.006557101
20       2010      5       5 -0.334643209 0.36412742 0.425856625 0.2196871945 -0.040417074
21       2011      5       5 -0.635846505 0.23639612 0.074429937 0.7068811386  0.609174851
22       2012      5       5 -0.143401083 0.05343326 0.074810602 0.7059536081  0.607938144
23       2013      5       5 -0.102760606 0.04585696 0.110869566 0.6260101438  0.501346858
24       2014      5       5 -0.041128651 0.02977986 0.261147416 0.3886793615  0.184905815
25       2008      6       6 -0.141012518 0.27169882 0.631150995 0.0630923408 -0.171134574
26       2009      6       6 -0.390085816 0.24051692 0.180151231 0.3967221415  0.245902677
27       2010      6       6 -0.321532252 0.23849751 0.248892060 0.3124228753  0.140528594
28       2011      6       6 -0.458848597 0.18545259 0.068635985 0.6048099918  0.506012490
29       2012      6       6 -0.134980083 0.03531653 0.018745992 0.7850357649  0.731294706
30       2013      6       6 -0.084628433 0.03179336 0.056283070 0.6391625232  0.548953154
31       2008      7       7 -0.217455320 0.19712422 0.320209166 0.1957425333  0.034891040
32       2009      7       7 -0.366391947 0.17062042 0.084521409 0.4797827144  0.375739257
33       2010      7       7 -0.267362384 0.17151867 0.179785783 0.3270380563  0.192445668
34       2011      7       7 -0.373670968 0.14005264 0.044451017 0.5874119422  0.504894331
35       2012      7       7 -0.113326084 0.02792718 0.009749114 0.7670807087  0.720496850
36       2008      8       8 -0.237389088 0.14737777 0.158359626 0.3018809976  0.185527831
37       2009      8       8 -0.314291006 0.13068204 0.052932709 0.4908372185  0.405976755
38       2010      8       8 -0.243665610 0.12857246 0.106884422 0.3744551445  0.270197669
39       2011      8       8 -0.303786550 0.11191525 0.034899838 0.5511720612  0.476367405
40       2008      9       9 -0.221508907 0.11452591 0.094345831 0.3482849008  0.255182744
41       2009      9       9 -0.285947862 0.10254002 0.026960762 0.5262764031  0.458601604
42       2010      9       9 -0.213759147 0.10107749 0.072273830 0.3898399179  0.302674192
43       2008     10      10 -0.215188535 0.09143292 0.046425981 0.4091153890  0.335254813
44       2009     10      10 -0.253791256 0.08387908 0.016416955 0.5336565904  0.475363664
45       2008     11      11 -0.200184584 0.07515556 0.025892453 0.4408125429  0.378680603
[1] "Stability Time"
[1] 7
[1] "Absolute Range"
[1] -1.2314187  0.4205618
[1] "Relative Range"
[1] -1.0312341  0.6207464
[1] "Proportion Significant"
[1] 0.2
[1] "Proportion Significantly Wrong"
[1] 0.8
[1] "Schuyler"
[1] "Multiple Breakups"
   start_year N_data N_years         slope    slope_se    p_value     r_square adj_r_square
1        2008      3       3 -1.6726488583 1.007306109 0.34508089 0.7338526052  0.467705210
2        2009      3       3  0.1183176289 0.026708874 0.14134072 0.9515128238  0.903025648
3        2010      3       3 -0.0068219173 0.098958225 0.95618245 0.0047298795 -0.990540241
4        2011      3       3 -0.0974255070 0.046648218 0.28428359 0.8134987821  0.626997564
5        2012      3       3 -0.0324041074 0.009108095 0.17443919 0.9267796973  0.853559395
6        2013      3       3  0.0931618087 0.081603611 0.45795806 0.5658474868  0.131694974
7        2014      3       3  0.0916695143 0.082465187 0.46638115 0.5527102431  0.105420486
8        2015      3       3  0.0511643801 0.059079537 0.54562895 0.4285714286 -0.142857143
9        2016      3       3 -0.0554280784 0.120620722 0.72577887 0.1743466300 -0.651306740
10       2008      4       4 -0.9470100380 0.615183186 0.26358530 0.5423066089  0.313459913
11       2009      4       4  0.0339816758 0.050135055 0.56779752 0.1867989807 -0.219801529
12       2010      4       4 -0.0269039365 0.045749046 0.61604073 0.1474247207 -0.278862919
13       2011      4       4 -0.0745720839 0.024684089 0.09432139 0.8202537450  0.730380617
14       2012      4       4  0.0460905790 0.045501613 0.41769979 0.3390735375  0.008610306
15       2013      4       4  0.0639981121 0.040191254 0.25231117 0.5590385930  0.338557889
16       2014      4       4  0.0959332126 0.036961617 0.12189062 0.7710760795  0.656614119
17       2015      4       4 -0.0332568470 0.055441196 0.60951158 0.1524812030 -0.271278195
18       2008      5       5 -0.6481247845 0.394876667 0.19926583 0.4731277287  0.297503638
19       2009      5       5  0.0069924653 0.032873197 0.84518675 0.0148577969 -0.313522937
20       2010      5       5 -0.0351755113 0.026841474 0.28133033 0.3640546907  0.152072921
21       2011      5       5 -0.0081863008 0.040891631 0.85413072 0.0131832291 -0.315755694
22       2012      5       5  0.0423385245 0.026359531 0.20658385 0.4623520641  0.283136085
23       2013      5       5  0.0760643784 0.024227613 0.05168057 0.7666626840  0.688883579
24       2014      5       5  0.0247294504 0.046318236 0.63043647 0.0867725960 -0.217636539
25       2008      6       6 -0.4725152319 0.277679092 0.16403567 0.4199237043  0.274904630
26       2009      6       6 -0.0086004886 0.023327692 0.73104952 0.0328647211 -0.208919099
27       2010      6       6  0.0009867416 0.027288705 0.97288788 0.0003267677 -0.249591540
28       2011      6       6  0.0046413402 0.027775433 0.87539700 0.0069324055 -0.241334493
29       2012      6       6  0.0571457397 0.019257898 0.04125079 0.6876322080  0.609540260
30       2013      6       6  0.0308813580 0.030529714 0.36898440 0.2036899147  0.004612393
31       2008      7       7 -0.3643330231 0.206043610 0.13725977 0.3847400597  0.261688072
32       2009      7       7  0.0118774454 0.020294643 0.58379513 0.0641116968 -0.123065964
33       2010      7       7  0.0083142118 0.019754341 0.69132091 0.0342158349 -0.158940998
34       2011      7       7  0.0251710477 0.022939637 0.32253298 0.1940694244  0.032883309
35       2012      7       7  0.0279881341 0.021652297 0.25265069 0.2504713979  0.100565677
36       2008      8       8 -0.2693540667 0.163072190 0.14967511 0.3125785117  0.198008264
37       2009      8       8  0.0151564324 0.015244736 0.35851025 0.1414403591 -0.001652914
38       2010      8       8  0.0234655684 0.017126525 0.21970051 0.2383135013  0.111365751
39       2011      8       8  0.0095983971 0.019317974 0.63696303 0.0395195107 -0.120560571
40       2008      9       9 -0.2104845747 0.130807986 0.15162742 0.2700150158  0.165731447
41       2009      9       9  0.0259090736 0.013340950 0.09325018 0.3501453790  0.257309005
42       2010      9       9  0.0113485437 0.014997716 0.47393160 0.0756112859 -0.056444245
43       2008     10      10 -0.1606613215 0.108240926 0.17602690 0.2159267011  0.117917539
44       2009     10      10  0.0155508707 0.012207569 0.23846941 0.1686366469  0.064716228
45       2008     11      11 -0.1381980914 0.089324862 0.15623397 0.2100858372  0.122317597
[1] "Stability Time"
[1] 7
[1] "Absolute Range"
[1] -1.6726489  0.1183176
[1] "Relative Range"
[1] -1.5344508  0.2565157
[1] "Proportion Significant"
[1] 0.02222222
[1] "Proportion Significantly Wrong"
[1] 0.02222222
[1] "Seneca"
[1] "Multiple Breakups"
   start_year N_data N_years       slope   slope_se    p_value   r_square adj_r_square
1        2008      3       3 -0.23715913 0.98437174 0.84949111 0.05486021  -0.89027958
2        2009      3       3 -0.32369017 1.03433045 0.80691854 0.08919973  -0.82160054
3        2010      3       3 -1.04157727 0.61985814 0.34175008 0.73846423   0.47692845
4        2011      3       3 -0.16344751 0.11286969 0.38474733 0.67710864   0.35421729
5        2012      3       3 -0.19229119 0.09621679 0.29535577 0.79976303   0.59952607
6        2013      3       3  0.49354738 0.29975230 0.34746765 0.73053228   0.46106456
7        2008      4       4 -0.63007412 0.49523557 0.33118650 0.44731149   0.17096724
8        2009      4       4 -0.39611985 0.46445299 0.48357067 0.26669925  -0.09995112
9        2010      4       4 -0.72942457 0.33064270 0.15813110 0.70874324   0.56311486
10       2011      4       4 -0.14165451 0.05202139 0.11254999 0.78756752   0.68135129
11       2012      4       4  0.18588148 0.22253776 0.49144716 0.25862599  -0.11206101
12       2008      5       5 -0.57623259 0.28760922 0.13885083 0.57229114   0.42972153
13       2009      5       5 -0.40317052 0.26818296 0.22978336 0.42966161   0.23954881
14       2010      5       5 -0.52623688 0.22406088 0.10043036 0.64772522   0.53030029
15       2011      5       5  0.09358171 0.13909506 0.54926801 0.13110116  -0.15853179
16       2008      6       6 -0.52980801 0.19018265 0.04952478 0.65988127   0.57485159
17       2009      6       6 -0.35125190 0.17810747 0.11987608 0.49298512   0.36623140
18       2010      6       6 -0.24833033 0.21739298 0.31705710 0.24597641   0.05747052
19       2008      7       7 -0.45920967 0.14052080 0.02224989 0.68110723   0.61732868
20       2009      7       7 -0.18656824 0.15780169 0.29024424 0.21848414   0.06218097
21       2008      8       8 -0.30713176 0.13667217 0.06569219 0.45701235   0.36651441
22       2008     10      10 -0.08595794 0.10156360 0.42195270 0.08217951  -0.03254805
[1] "Stability Time"
[1] 8
[1] "Absolute Range"
[1] -1.0415773  0.4935474
[1] "Relative Range"
[1] -0.9556193  0.5795053
[1] "Proportion Significant"
[1] 0.09090909
[1] "Proportion Significantly Wrong"
[1] 0.09090909
[1] "Sullivan"
[1] "Multiple Breakups"
   start_year N_data N_years         slope   slope_se    p_value      r_square adj_r_square
1        2008      3       3  0.0374782050 0.45439909 0.94761107 0.00675675676 -0.986486486
2        2009      3       3  1.0765291295 1.05429542 0.49335754 0.51043318729  0.020866375
3        2010      3       3 -0.0090464633 1.68105278 0.99657411 0.00002895892 -0.999942082
4        2011      3       3 -1.6826421688 0.71480185 0.25573590 0.84712535080  0.694250702
5        2012      3       3 -0.1602516351 0.16415074 0.50765138 0.48798239675 -0.024035207
6        2013      3       3  0.0180929265 0.06118346 0.81695788 0.08041575492 -0.839168490
7        2014      3       3  0.1499128200 0.13728971 0.47203731 0.54386721276  0.087734426
8        2015      3       3  0.4794625535 0.05297592 0.07005609 0.98793915265  0.975878305
9        2016      3       3  0.6875312088 0.06715257 0.06198335 0.99055032129  0.981100643
10       2008      4       4  0.8183172207 0.49450200 0.23978790 0.57792243135  0.366883647
11       2009      4       4  0.0599651280 0.75284475 0.94376708 0.00316214079 -0.495256789
12       2010      4       4 -0.4308701222 0.79025276 0.64027244 0.12940391957 -0.305894121
13       2011      4       4 -1.0168224719 0.49996029 0.17897969 0.67407434508  0.511111518
14       2012      4       4 -0.1101083816 0.07891266 0.29766436 0.49327534656  0.239913020
15       2013      4       4  0.1183794337 0.06404018 0.20577504 0.63079328803  0.446189932
16       2014      4       4  0.3000841103 0.10623950 0.10581524 0.79956638184  0.699349573
17       2015      4       4  0.5859523497 0.06588866 0.01240948 0.97533503313  0.963002550
18       2008      5       5  0.2266785226 0.44518482 0.64571522 0.07954642767 -0.227271430
19       2009      5       5 -0.2442545084 0.46880160 0.63836828 0.08297844702 -0.222695404
20       2010      5       5 -0.4042476731 0.45651147 0.44109813 0.20721675615 -0.057044325
21       2011      5       5 -0.6978700239 0.34238913 0.13427438 0.58067809182  0.440904122
22       2012      5       5 -0.0005169408 0.07796899 0.99512624 0.00001465244 -0.333313797
23       2013      5       5  0.2290047560 0.07379952 0.05316818 0.76245182445  0.683269099
24       2014      5       5  0.4308701222 0.09728277 0.02138318 0.86735331499  0.823137753
25       2008      6       6 -0.0382536161 0.32914239 0.91307786 0.00336552842 -0.245793089
26       2009      6       6 -0.2785572201 0.30754103 0.41629020 0.17019239050 -0.037259512
27       2010      6       6 -0.3514458671 0.30040772 0.30699369 0.25493474384  0.068668430
28       2011      6       6 -0.4516585255 0.26542092 0.16403384 0.41992642705  0.274908034
29       2012      6       6  0.1124715393 0.08283008 0.24605584 0.31551156238  0.144389453
30       2013      6       6  0.3427317229 0.08151952 0.01364864 0.81546458372  0.769330730
31       2008      7       7 -0.1154808730 0.23697125 0.64664473 0.04534259160 -0.145588890
32       2009      7       7 -0.2703784788 0.21751561 0.26896592 0.23607255623  0.083287067
33       2010      7       7 -0.2533932825 0.21983441 0.30116323 0.20993760235  0.051925123
34       2011      7       7 -0.2541317693 0.21961270 0.29947271 0.21124065988  0.053488792
35       2012      7       7  0.2269000686 0.08828952 0.05003808 0.56913884667  0.482966616
36       2008      8       8 -0.1453588180 0.17746829 0.44405512 0.10056769013 -0.049337695
37       2009      8       8 -0.2121303327 0.16557769 0.24742581 0.21479871218  0.083931831
38       2010      8       8 -0.1438203039 0.17564312 0.44418618 0.10051289917 -0.049401618
39       2011      8       8 -0.0836644001 0.19099915 0.67669037 0.03098820074 -0.130513766
40       2008      9       9 -0.1237642333 0.13803057 0.39969387 0.10302062211 -0.025119289
41       2009      9       9 -0.1327245397 0.13620331 0.36229212 0.11944925972 -0.006343703
42       2010      9       9 -0.0295087016 0.15121514 0.85082366 0.00541072419 -0.136673458
43       2008     10      10 -0.0748624207 0.11367237 0.52865964 0.05142783977 -0.067143680
44       2009     10      10 -0.0412142768 0.12081712 0.74179258 0.01433760569 -0.108870194
45       2008     11      11 -0.0082475548 0.10046617 0.93636962 0.00074824377 -0.110279729
[1] "Stability Time"
[1] 7
[1] "Absolute Range"
[1] -1.682642  1.076529
[1] "Relative Range"
[1] -1.674395  1.084777
[1] "Proportion Significant"
[1] 0.06666667
[1] "Proportion Significantly Wrong"
[1] 0.06666667
[1] "Westchester"
[1] "Multiple Breakups"
   start_year N_data N_years        slope   slope_se    p_value     r_square adj_r_square
1        2008      3       3  0.094855646 0.02045437 0.13520836 0.9555668578  0.911133716
2        2009      3       3  1.516547497 0.84126855 0.32242531 0.7646890487  0.529378097
3        2010      3       3 -0.235424856 1.85277026 0.91953821 0.0158893244 -0.968221351
4        2011      3       3 -1.681116329 1.01809989 0.34666103 0.7316558638  0.463311728
5        2012      3       3  0.015999748 0.03826947 0.74790123 0.1487854251 -0.702429150
6        2013      3       3  0.300566686 0.20256427 0.37752948 0.6876648683  0.375329737
7        2014      3       3  0.274281386 0.21774009 0.42716151 0.6134185304  0.226837061
8        2015      3       3 -0.302852364 0.11546823 0.23189223 0.8730832988  0.746166598
9        2016      3       3 -0.366851354 0.07851840 0.13423253 0.9561964093  0.912392819
10       2008      4       4  0.954956359 0.49666362 0.19443541 0.6489343098  0.473401465
11       2009      4       4  0.173940112 0.86163299 0.85868696 0.0199693763 -0.470045935
12       2010      4       4 -0.461021296 0.83875867 0.63773970 0.1312325255 -0.303151212
13       2011      4       4 -1.015526832 0.59579801 0.23040644 0.5922742489  0.388411373
14       2012      4       4  0.199996844 0.10760059 0.20416883 0.6333472584  0.450020888
15       2013      4       4  0.214625185 0.10328813 0.17329986 0.6834331291  0.525149694
16       2014      4       4  0.003428517 0.18421701 0.98684097 0.0001731602 -0.499740260
17       2015      4       4 -0.301252389 0.05164722 0.02815678 0.9444792414  0.916718862
18       2008      5       5  0.247081815 0.49925315 0.65464561 0.0754804986 -0.232692669
19       2009      5       5 -0.112912504 0.52430775 0.84330032 0.0152239639 -0.313034715
20       2010      5       5 -0.423993309 0.48472920 0.44611943 0.2032089537 -0.062388062
21       2011      5       5 -0.549019908 0.43688442 0.29781705 0.3448668221  0.126489096
22       2012      5       5  0.176225791 0.06362115 0.06957286 0.7189032885  0.625204385
23       2013      5       5  0.053942006 0.11028376 0.65828542 0.0738564033 -0.234858129
24       2014      5       5 -0.097598460 0.12130177 0.47991054 0.1774892238 -0.096681035
25       2008      6       6  0.021289460 0.35187651 0.95465759 0.0009143058 -0.248857118
26       2009      6       6 -0.185923597 0.34581869 0.61934680 0.0673924209 -0.165759474
27       2010      6       6 -0.259783656 0.33118943 0.47665663 0.1333131333 -0.083358583
28       2011      6       6 -0.351994445 0.30779904 0.31658550 0.2463902968  0.057987871
29       2012      6       6  0.072423347 0.07298189 0.37719925 0.1975528913 -0.003058886
30       2013      6       6 -0.032652546 0.08781823 0.72888605 0.0334078105 -0.208240237
31       2008      7       7 -0.067019351 0.25398430 0.80240877 0.0137344279 -0.183518687
32       2009      7       7 -0.122283785 0.24727574 0.64189585 0.0466300808 -0.144043903
33       2010      7       7 -0.184323622 0.23820431 0.47402503 0.1069473072 -0.071663231
34       2011      7       7 -0.297791219 0.21988509 0.23362591 0.2683789264  0.122054712
35       2012      7       7  0.002857098 0.06539367 0.96684207 0.0003816304 -0.199542044
36       2008      8       8 -0.043944885 0.18977689 0.82457422 0.0088575749 -0.156332829
37       2009      8       8 -0.094148174 0.18502291 0.62902479 0.0413688164 -0.118403047
38       2010      8       8 -0.179425740 0.17756952 0.35127683 0.1454228503  0.002993325
39       2011      8       8 -0.269628398 0.16469726 0.15272109 0.3087674073  0.193561975
40       2008      9       9 -0.037104176 0.14705359 0.80804414 0.0090128945 -0.132556692
41       2009      9       9 -0.108264958 0.14354969 0.47533084 0.0751524922 -0.056968580
42       2010      9       9 -0.180568579 0.13754635 0.23065519 0.1975606436  0.082926450
43       2008     10      10 -0.059025908 0.11798897 0.63035675 0.0303343402 -0.090873867
44       2009     10      10 -0.122138332 0.11479283 0.31839160 0.1239667151  0.014462555
45       2008     11      11 -0.078793562 0.09701126 0.43762568 0.0682926792 -0.035230356
[1] "Stability Time"
[1] 6
[1] "Absolute Range"
[1] -1.681116  1.516547
[1] "Relative Range"
[1] -1.602323  1.595341
[1] "Proportion Significant"
[1] 0.02222222
[1] "Proportion Significantly Wrong"
[1] 0.02222222
